535194.9835     20.1585   6.6391   
535194.9835     20.1802   6.5821   
535194.9835     20.1015   6.5443   
535194.9835     19.9207   6.4274   
535194.9835     19.9620   6.4067   
535194.9835     19.9894   6.3886   
535195.0835     20.0563   6.3829   
535195.0835     20.0720   6.3600   
535195.0835     20.0445   6.3138   
535195.0835     20.0510   6.2709   
535195.0835     19.9874   6.2094   
535195.2835     18.7810   5.9387   
535195.2835     18.7232   5.9170   
535195.3835     18.2440   5.9724   
535195.3835     17.5616   5.7735   
535195.3835     16.9671   5.6006   
535195.3835     16.4632   5.3949   
535195.3835     16.3443   5.2516   
535195.4835     16.1963   5.0896   
535195.4835     15.9935   5.0124   
535195.4835     15.6153   4.9090   
535195.4835     3.1287    1.8328   
535195.4835     16.7319   5.1460   
535195.6835     16.1970   4.9958   
535195.6835     15.9709   4.9437   
535195.6835     15.9942   4.9626   
535195.6835     16.3516   4.9992   
535195.7835     16.4215   5.0175   
535195.7835     15.3048   4.6366   
535195.7835     15.0788   4.5684   
535195.7835     15.0690   4.5838   
535195.7835     15.0111   4.4363   
535195.7835     14.7094   4.2829   
535195.8836     14.2452   4.2000   
535195.8836     14.0942   4.1842   
535195.9344     14.0291   4.2584   
535195.9344     15.4865   4.7375   
535195.9344     13.5217   3.9100   
535195.9836     13.3738   3.8351   
535195.9836     13.2926   3.8084   
535195.9836     12.7949   3.6466   
535196.0835     12.5344   3.6456   
535196.0835     12.2471   3.5603   
535196.0835     11.9874   3.4160   
535196.0835     11.9046   3.3643   
535196.1835     11.9044   3.6097   
535196.1835     12.4503   3.8706   
535196.1835     12.0826   3.8257   
535196.1835     12.5085   3.9664   
535196.2835     12.3981   3.7581   
535196.2835     12.0524   3.6266   
535196.2835     11.9433   3.5895   
535196.2835     11.8381   3.5696   
535196.3849     11.8791   3.7727   
535196.3849     11.8506   3.7507   
535196.3849     11.9520   3.7404   
535196.3849     12.0478   3.7125   
535196.4835     15.2504   4.9736   
535196.4835     15.7382   5.1387   
535196.4835     15.7961   5.1629   
535196.5836     15.8781   5.1745   
535196.5836     15.7554   5.1533   
535196.5836     15.7060   5.1552   
535196.6835     15.6729   5.2394   
535196.6835     15.5738   5.2019   
535196.6835     15.4705   5.1623   
535196.7835     15.5665   5.2779   
535196.7835     16.2418   5.6019   
535196.7835     16.3382   5.6689   
535196.8835     16.3741   5.8051   
535196.8835     16.2075   5.7524   
535196.8835     15.8917   5.6302   
535196.8835     15.9378   5.6570   
535196.9848     15.8779   5.5649   
535196.9848     15.9689   5.6181   
535196.9848     15.9960   5.6385   
535197.0835     16.0180   5.5797   
535197.0835     16.1306   5.6147   
535197.0835     16.0268   5.5804   
535197.0835     16.0834   5.6100   
535197.1835     16.2919   5.6180   
535197.1835     16.7291   5.8076   
535197.1835     16.8554   5.8692   
535197.2835     16.8069   5.6847   
535197.2835     16.6291   5.6329   
535197.2835     16.5862   5.6337   
535197.2835     16.6199   5.6527   
535197.3835     16.5690   5.6420   
535197.3835     16.5290   5.6403   
535197.3835     16.5341   5.6831   
535197.4835     16.7751   5.8727   
535197.4835     16.7044   5.8377   
535197.4835     16.7140   5.8334   
535197.4835     16.7198   5.8118   
535197.5835     16.8432   5.9764   
535197.5835     16.7838   5.9372   
535197.5835     16.7162   5.9349   
535197.5835     16.5414   5.8815   
535197.6835     16.6322   5.9662   
535197.6835     16.6116   5.9604   
535197.6835     16.7866   6.0258   
535197.6835     16.7865   6.0213   
535197.6835     16.7706   6.0189   
535197.7835     16.9207   6.0404   
535197.7835     16.9631   6.0528   
535197.7835     16.9459   6.0532   
535197.7835     16.9278   6.0600   
535197.7835     16.9581   6.0919   
535197.8835     17.0198   6.0936   
535197.8835     17.0796   6.1247   
535197.8835     17.0810   6.1407   
535197.8835     16.9091   6.0850   
535197.8835     16.9362   6.0996   
535197.8835     17.0079   6.1335   
535197.8835     17.0751   6.1624   
535197.9835     17.3128   6.1298   
535197.9835     17.3423   6.1401   
535197.9835     17.4782   6.1840   
535197.9835     17.5325   6.2048   
535197.9835     17.5914   6.2307   
535197.9835     17.5829   6.2317   
535197.9835     17.4922   6.1989   
535198.0836     17.5694   6.2266   
535198.0836     17.6061   6.2404   
535198.0836     17.6093   6.2452   
535198.0836     17.6176   6.2473   
535198.0836     17.5788   6.2370   
535198.0836     17.5712   6.2302   
535198.1835     17.7205   6.3428   
535198.1835     17.7458   6.3553   
535198.1835     17.6362   6.3245   
535198.1835     17.5860   6.3066   
535198.1835     17.6671   6.3374   
535198.2835     17.4825   6.0883   
535198.2835     17.3950   6.0583   
535198.2835     17.2589   5.9999   
535198.2835     17.2783   6.0065   
535198.2835     17.1865   5.9656   
535198.3835     17.3142   5.9053   
535198.3835     17.5252   5.9801   
535198.3835     17.6130   6.0139   
535198.3835     17.5424   5.9862   
535198.3835     17.5985   6.0124   
535198.4835     17.8182   5.8821   
535198.4835     17.8532   5.8974   
535198.4835     17.6932   5.8591   
535198.4835     17.7659   5.9026   
535198.5835     17.8196   5.9605   
535198.5835     17.8908   5.9844   
535198.5835     17.9509   6.0204   
535198.5835     17.8328   5.9822   
535198.6835     18.0105   6.2351   
535198.6835     17.9115   6.2232   
535198.6835     17.8933   6.2373   
535198.6835     17.8444   6.2264   
535198.6835     17.7319   6.1953   
535198.7835     17.7198   6.1798   
535198.7835     17.7454   6.1964   
535198.7835     17.7936   6.2318   
535198.7835     17.7502   6.2508   
535198.7835     17.7651   6.2736   
535198.8835     18.0648   6.2279   
535198.8835     18.0878   6.2432   
535198.8835     18.0371   6.2229   
535198.8835     18.0121   6.2116   
535198.8835     17.7082   6.1064   
535198.8835     17.7456   6.1224   
535198.8835     17.6871   6.1065   
535198.9835     17.8617   6.1445   
535198.9835     17.7680   6.1157   
535198.9835     17.8417   6.1496   
535198.9835     18.0286   6.2190   
535198.9835     18.0430   6.2230   
535198.9835     18.0965   6.2369   
535198.9835     18.1708   6.2633   
535199.0835     18.2208   6.2090   
535199.0835     18.3115   6.2427   
535199.0835     18.3385   6.2528   
535199.0835     18.2774   6.2367   
535199.0835     18.2865   6.2390   
535199.0835     18.2447   6.2305   
535199.0835     18.2234   6.2255   
535199.1835     18.4274   6.2699   
535199.1835     18.4870   6.2949   
535199.1835     18.4616   6.2860   
535199.1835     18.4172   6.2755   
535199.1835     18.4030   6.2762   
535199.1835     18.4143   6.2832   
535199.1835     18.6269   6.3430   
535199.2835     18.0803   6.0912   
535199.2835     17.8123   6.1800   
535199.2835     18.4112   6.3119   
535199.2835     17.3448   5.7086   
535199.2835     17.0166   5.4269   
535199.2835     17.1530   5.4295   
535199.2835     17.2846   5.5183   
535199.2835     16.2630   5.2421   
535199.2835     15.5275   5.0471   
535199.2835     15.8295   5.1611   
535199.2835     16.2660   5.2944   
535199.3835     16.3604   5.2450   
535199.3835     16.2802   5.2262   
535199.3835     15.9928   5.1297   
535199.3835     15.9799   5.1231   
535199.3835     16.0845   5.1627   
535199.3835     15.8404   5.0714   
535199.3835     15.7825   5.0460   
535199.3835     15.9970   5.1243   
535199.3835     15.9104   5.0930   
535199.4348     15.7978   4.9808   
535199.4348     15.8797   5.0088   
535199.4348     15.9801   5.0443   
535199.4348     15.6842   4.9310   
535199.4348     15.6737   4.9281   
535199.4348     15.7759   4.9662   
535199.4348     15.5704   4.8963   
535199.4835     15.5894   4.8604   
535199.4835     15.7068   4.9041   
535199.4835     15.7623   4.9228   
535199.4835     15.6067   4.8730   
535199.4835     15.6162   4.8789   
535199.4835     15.7022   4.9089   
535199.4835     15.7919   4.9430   
535199.4835     15.9411   5.0003   
535199.4835     15.9754   5.0292   
535199.4835     15.7027   4.9577   
535199.4835     15.5264   4.9399   
535199.4835     15.6168   5.0025   
535199.5835     15.9971   5.1831   
535199.5835     15.9030   5.1415   
535199.5835     15.8911   5.1156   
535199.5835     15.9772   5.1324   
535199.5835     15.8338   5.1221   
535199.5835     15.8744   5.2712   
535199.5835     16.2503   5.5177   
535199.5835     16.2510   5.4666   
535199.5835     14.9342   4.8686   
535199.5835     15.0558   4.8489   
535199.5835     15.3297   4.8911   
535199.6835     14.5788   4.6348   
535199.6835     13.0336   4.2887   
535199.6835     13.4882   4.5191   
535199.6835     13.1191   4.4017   
535199.6835     11.3371   3.5958   
535199.6835     11.5520   3.5815   
535199.6835     11.6736   3.5953   
535199.6835     10.8092   3.3048   
535199.7835     11.2169   3.4940   
535199.7835     11.0876   3.4165   
535199.7835     10.7404   3.2742   
535199.7835     10.7636   3.2784   
535199.7835     10.6864   3.2563   
535199.7835     9.9242    2.9962   
535199.7835     9.5462    2.8514   
535199.8835     8.8182    2.6015   
535199.8835     8.4179    2.5377   
535199.8835     7.9059    2.5705   
535199.8835     8.8923    2.6717   
535199.8835     9.4395    2.4336   
535199.8835     8.1452    1.9267   
535199.9835     7.9922    2.0096   
535199.9835     8.7715    2.3443   
535199.9835     8.8845    2.4102   
535199.9835     9.0038    2.4752   
535199.9835     9.1156    2.4814   
535199.9835     8.5023    2.1871   
535200.0835     7.9113    1.7525   
535200.0835     7.8386    1.7075   
535200.0835     7.7733    1.6998   
535200.0835     7.6962    1.6854   
535200.0835     7.4352    1.5532   
535200.1835     7.2179    1.3999   
535200.1835     7.1412    1.3951   
535200.1835     7.7231    1.6156   
535200.1835     7.3231    1.4369   
535200.1835     6.8412    1.2468   
535200.2835     7.6714    1.3916   
535200.2835     9.1220    2.0529   
535200.2835     11.0810   2.8038   
535200.2835     11.6086   2.9951   
535200.3835     8.9267    1.7979   
535200.3835     7.6281    1.2673   
535200.3835     7.3729    1.2289   
535200.4835     7.4326    1.1486   
535200.4835     7.0235    1.1132   
535200.4835     5.6655    0.6274   
535200.4835     4.3978    1.0701   
535200.5835     4.7537    2.1167   
535200.5835     3.5623    1.7613   
535200.5835     4.5421    1.3495   
535200.6835     5.4961    1.4736   
535200.6835     4.6756    1.5362   
535200.6835     4.3580    1.7442   
535200.7835     5.4930    1.8136   
535200.7835     5.1802    1.5723   
535200.7835     4.6298    1.4616   
535200.9355     4.7966    1.5750   
535200.9355     4.5060    1.6171   
535200.9355     4.5270    1.6094   
535201.0355     4.5273    1.5454   
535201.0355     4.4222    1.5205   
535201.1355     4.3261    1.7052   
535201.1355     4.3338    1.6532   
535201.2355     4.5227    1.7929   
535201.2355     4.5630    1.8254   
535201.3355     4.2738    1.5817   
535201.3355     4.3221    1.5730   
535201.4355     4.4133    1.5353   
535201.4355     4.4010    1.5117   
535201.5356     4.6716    1.5204   
535201.5356     4.6220    1.6396   
535201.6355     4.7235    2.0232   
535201.6355     4.4044    1.9903   
535201.7355     4.3303    1.8854   
535201.8355     4.4327    1.7784   
535201.8355     4.4355    1.8377   
535201.9355     4.8914    2.1135   
535201.9355     4.9592    2.1341   
535202.0358     4.9675    1.9101   
535202.1355     5.2977    1.9750   
535202.1355     5.3748    2.1360   
535202.2355     5.5069    2.3037   
535202.2355     5.9160    2.3797   
535202.3367     5.2487    2.0783   
535202.3367     4.8425    2.0228   
535202.4355     5.6795    2.0943   
535202.4355     5.7536    1.9786   
535202.5356     5.9695    2.0405   
535202.6355     4.7710    1.8429   
535202.7355     4.8928    1.8681   
535202.7355     4.5899    1.6940   
535202.8355     4.6563    1.2697   
535202.8355     4.6781    1.3012   
535202.9355     4.7149    1.2854   
535203.0355     6.1042    1.5584   
535203.0355     5.0495    1.3854   
535203.1355     5.0696    1.4228   
535203.1355     5.0996    1.4286   
535203.2355     5.4246    1.2902   
535203.2355     5.4615    1.2398   
535203.3355     6.1660    1.2933   
535203.3355     5.2502    1.2039   
535203.4355     5.2902    1.2616   
535203.4355     5.3132    1.1776   
535203.4355     5.3479    1.1042   
535203.5355     5.6035    1.1890   
535203.6355     6.1230    1.0819   
535203.6355     6.0199    1.0356   
535203.7355     6.2112    1.1012   
535203.7355     6.3425    1.1590   
535203.7355     6.4202    1.1986   
535203.8355     6.6299    1.3314   
535203.8355     9.0665    2.0465   
535203.9355     7.4676    1.6773   
535203.9355     7.0398    1.5437   
535204.0355     7.2277    1.5243   
535204.0355     7.3515    1.5409   
535204.1355     7.3091    1.5262   
535204.3355     7.6535    1.3512   
535204.4355     6.8564    1.5892   
535204.4355     6.6348    1.5535   
535204.4355     6.4688    1.5168   
535204.5805     6.5042    1.2348   
535204.6805     7.5099    1.5392   
535204.7805     6.7940    1.5926   
535204.7805     6.8546    1.6728   
535204.8805     6.8934    1.7010   
535204.8805     6.8616    1.7630   
535204.8805     6.9959    1.8298   
535204.9805     10.6307   2.6954   
535205.0805     8.7971    2.1485   
535205.1805     8.4127    2.3000   
535205.1805     8.4318    2.3004   
535205.2805     8.1061    2.0084   
535205.2805     8.0936    1.9830   
535205.3805     8.3099    1.9439   
535205.4805     10.7037   2.4009   
535205.5805     9.4206    2.0171   
535205.5805     9.4435    2.0402   
535205.6805     10.0838   2.1692   
535205.6805     10.3393   2.2650   
535205.7805     11.3920   2.6052   
535205.7805     11.6204   2.6896   
535205.8805     15.9979   3.8834   
535205.9805     14.2569   3.5287   
535206.0805     10.6046   2.5542   
535206.0805     11.2425   2.7293   
535206.1805     13.3950   3.4150   
535206.1805     13.1324   3.3835   
535206.2805     12.6442   2.8281   
535206.2805     12.4960   2.7543   
535206.6805     13.6987   2.9135   
535206.7805     14.0270   3.0858   
535206.7805     14.0231   3.0940   
535206.8805     13.7225   3.0085   
535206.8805     12.8692   2.7360   
535206.9805     17.6514   3.9235   
535207.0805     15.0601   3.2957   
535207.1805     14.5294   3.1357   
535207.1805     14.8146   3.2181   
535207.2805     13.7442   2.5106   
535207.2805     13.7510   2.4822   
535207.3805     17.7164   3.5890   
535207.3805     17.4200   3.4850   
535207.4805     16.5755   3.3335   
535207.4805     16.5204   3.3275   
535207.5805     16.0173   3.2039   
535207.5805     15.9061   3.1103   
535207.6805     14.6630   2.7832   
535207.6805     14.4824   2.7955   
535207.7805     14.3838   2.7718   
535207.7805     14.5330   2.7855   
535207.7805     14.6883   2.7894   
535207.8805     14.6011   2.7614   
535207.8805     14.6410   2.7799   
535207.8805     14.6249   2.7616   
535207.9805     13.7746   2.4830   
535207.9805     13.8311   2.4852   
535207.9805     13.8720   2.5227   
535207.9805     13.7491   2.4713   
535208.0805     13.6605   2.3825   
535208.0805     13.7113   2.4183   
535208.0805     13.8369   2.4643   
535208.0805     13.8144   2.4524   
535208.1805     13.8249   2.5217   
535208.1805     13.8092   2.5092   
535208.1805     13.7820   2.5095   
535208.1805     13.7335   2.4816   
535208.2805     13.3092   2.2223   
535208.2805     13.3838   2.2447   
535208.2805     13.2757   2.1768   
535208.2805     14.5536   2.5423   
535208.3805     14.3410   2.4818   
535208.3805     14.3104   2.4822   
535208.3805     14.3061   2.4954   
535208.3805     14.2676   2.4930   
535208.4805     14.4449   2.5896   
535208.4805     14.4414   2.6154   
535208.4805     14.4347   2.6063   
535208.5805     15.2902   2.8551   
535208.5805     15.1655   2.8328   
535208.5805     15.0944   2.8189   
535208.5805     15.1425   2.8350   
535208.6805     14.8786   2.7664   
535208.6805     14.9571   2.7705   
535208.7805     14.9265   2.6930   
535208.7805     14.1673   2.5358   
535208.8805     14.6109   2.7660   
535208.8805     14.4072   2.7091   
535208.9805     14.5469   2.5918   
535208.9805     14.5973   2.5961   
535209.0805     14.4916   2.5147   
535209.0805     12.3902   2.0039   
535209.1805     12.6411   2.0924   
535209.1805     12.7232   2.2024   
535209.2805     10.6970   1.8407   
535209.2805     10.7778   1.7546   
535209.3805     11.3224   1.6642   
535209.3805     11.4372   1.7688   
535209.4805     10.1988   1.5885   
535209.4805     10.4690   1.5339   
535209.5805     11.1521   1.6646   
535209.5805     10.7173   1.6837   
535209.6805     11.1330   1.8848   
535209.7805     11.3248   1.9181   
535209.8805     10.5431   1.8110   
535209.8805     10.7024   1.9614   
535209.9805     10.7915   2.0102   
535209.9805     10.7776   2.0820   
535210.0805     10.8097   2.0405   
535210.0805     10.6928   1.9344   
535210.1805     10.6977   1.8665   
535210.2805     9.4288    1.4035   
535210.2805     9.2051    1.4300   
535210.3805     9.6117    1.3875   
535210.4805     9.5457    1.4474   
535210.4805     9.7154    1.3862   
535210.5805     10.2684   1.5431   
535210.6805     9.8547    1.5055   
535210.7805     10.5237   1.4489   
535210.8805     10.3086   1.3862   
535210.8805     10.3345   1.3131   
535210.9805     10.5625   1.2265   
535211.0805     10.4079   1.3398   
535211.1805     10.8205   1.6646   
535211.2805     10.6391   1.7153   
535211.3805     10.8276   1.6883   
535211.3805     10.8544   1.6740   
535211.4805     10.6681   1.6033   
535211.5805     10.5621   1.4881   
535211.6805     10.4044   1.4464   
535211.7805     10.5569   1.5873   
535211.8805     10.7639   1.7866   
535211.9805     10.7720   1.7467   
535212.0805     10.7367   1.5475   
535212.1805     10.7873   1.4083   
535212.1805     10.7715   1.3394   
535212.2805     9.4678    1.4911   
535212.2805     9.4148    1.4859   
535212.3805     8.9248    1.6668   
535212.4805     8.8654    1.8431   
535212.4805     8.7732    1.7348   
535212.5805     8.2378    1.7552   
535212.6805     8.4425    1.7906   
535212.6805     8.5475    1.7854   
535212.7805     7.9366    1.8991   
535212.9755     7.1729    2.0232   
535213.0755     7.0406    2.2150   
535213.1755     7.0169    2.3210   
535213.2755     8.1694    1.9598   
535213.3755     7.8999    1.8888   
535213.4755     8.4311    1.6619   
535213.4755     8.0270    1.5087   
535213.5755     7.7756    1.3431   
535213.6755     7.5392    1.2609   
535213.7755     7.5726    1.2871   
535213.8755     7.7591    1.4043   
535213.9755     7.7855    1.5417   
535214.0755     7.4930    1.7197   
535214.1755     7.4549    1.8023   
535214.3755     7.4916    2.0771   
535214.4755     6.6100    2.3666   
535214.5755     6.7145    2.3758   
535214.7755     6.8871    2.3137   
535214.8205     6.7760    2.2230   
535214.9205     6.2328    2.2588   
535215.0205     5.9185    2.3545   
535215.1205     5.8161    2.3356   
535215.4205     5.5067    2.4434   
535215.5205     4.8652    2.3005   
535215.6205     4.5932    2.2966   
535215.7205     4.5102    2.3182   
535215.8205     3.9043    2.3544   
535216.0205     2.9699    2.2663   
535216.1205     3.1185    2.1632   
535216.2205     3.5199    2.1705   
535216.3205     3.1746    2.2657   
535216.5205     3.4862    1.7022   
535216.6205     2.8059    1.7705   
535216.7205     2.4094    1.7926   
535216.9205     2.8308    1.7370   
535217.0205     3.2912    1.7481   
535217.1205     3.5384    1.5901   
535217.3205     3.6529    1.2107   
535217.4205     3.3767    1.0471   
535217.5205     3.4035    1.0593   
535217.6205     3.4745    1.2191   
535217.8205     4.2295    1.0532   
535217.9205     4.5829    0.9661   
535218.1205     4.3278    1.1658   
535218.2205     3.8660    1.0943   
535218.4155     3.4664    1.0143   
535218.5156     4.0472    1.4064   
535218.6155     4.0105    1.6942   
535218.8155     2.9618    0.8764   
535218.9155     2.2890    0.6503   
535219.1155     2.2672    0.7283   
535219.2157     3.8344    1.0129   
535219.4155     4.4850    0.8887   
535219.5155     4.5856    0.8532   
535219.5155     4.3034    0.8669   
535219.7155     4.0064    0.9586   
535219.8155     3.6800    0.9839   
535220.0155     3.4692    1.1984   
535220.1155     3.3035    1.2184   
535220.2156     3.5253    1.2245   
535220.4155     3.4545    1.0544   
535220.6156     3.4055    1.1446   
535220.8155     4.6741    0.7091   
535220.9155     4.5427    1.3175   
535221.0155     4.9444    1.2084   
535221.2155     5.0744    1.1508   
535221.3155     5.0180    1.2103   
535221.5155     4.7078    1.1737   
535221.7155     4.2506    1.1074   
535221.9155     4.6933    1.4648   
535222.0155     5.3710    1.6121   
535222.2155     5.8502    1.7164   
535222.4155     5.9174    1.5180   
535222.5155     5.2138    1.5201   
535222.7155     5.3350    1.7815   
535222.8155     5.7260    1.6387   
535223.0155     5.8783    1.6483   
535223.2155     5.7506    1.7421   
535223.3155     5.7832    2.0152   
535223.5155     5.7998    1.7786   
535223.7155     5.8993    1.8837   
535223.8155     6.2091    1.9267   
535224.1156     7.5627    1.7131   
535224.3155     5.7376    2.0734   
535224.4155     5.3670    2.0289   
535224.6155     5.4443    1.6832   
535224.8155     5.3607    1.7511   
535225.0155     4.7976    1.6662   
535225.2155     4.7120    1.2891   
535225.5155     4.4076    1.2453   
535225.7162     4.0940    1.2672   
535225.9155     3.5763    1.5868   
535226.2155     4.6804    1.2856   
535226.4610     4.5083    1.3367   
535226.6606     4.6368    1.3325   
535226.9605     4.2411    1.4414   
535227.2605     3.9388    1.3539   
535227.4609     3.8822    1.5767   
535227.7605     3.9233    1.5117   
535227.9605     3.5917    1.5861   
535228.2605     3.3893    1.2904   
535228.4606     3.0381    1.6378   
535228.7605     5.8214    1.7289   
535228.9605     4.3191    1.9952   
535229.3605     3.2978    2.1530   
535229.5605     3.1242    2.3446   
535229.7605     3.9009    2.4063   
535229.9605     3.8778    2.1581   
535230.1555     3.2584    2.0540   
535230.3555     3.0642    1.8489   
535230.5555     3.4255    2.0162   
535230.6555     4.5715    1.9893   
535230.8555     4.1222    1.8546   
535231.0555     3.2533    1.7466   
535231.2555     3.1086    1.9187   
535231.3555     3.3734    1.8988   
535231.5555     2.9408    1.9118   
535231.7555     2.7732    1.9225   
535231.9555     2.1989    2.1085   
535232.0555     2.9040    2.2437   
535232.2555     3.3976    2.1008   
535232.3555     4.4431    1.8986   
535232.5555     3.6800    1.6966   
535232.7555     3.4293    1.4744   
535232.9555     3.1530    1.3972   
535233.0555     3.1161    1.5240   
535233.2555     3.2612    1.6880   
535233.3555     3.6818    1.8875   
535233.5005     3.6088    1.9444   
535233.7005     3.3249    2.2939   
535233.8005     3.3191    2.3054   
535234.1005     7.5580    2.0116   
535234.3005     5.0713    2.1591   
535234.4005     4.5356    2.1701   
535234.6010     4.7242    2.2028   
535234.7005     5.1304    2.2114   
535234.8955     4.9266    1.8144   
535234.9956     4.6270    1.4442   
535235.1955     4.0642    1.3814   
535235.2955     4.1802    1.3846   
535235.4955     3.4988    1.4883   
535235.5955     5.1448    1.3764   
535235.7405     5.2117    1.3562   
535235.9405     4.7913    1.4871   
535236.0405     4.7151    1.4519   
535236.2405     4.7857    1.3088   
535236.3405     4.2690    1.3419   
535236.5405     4.4873    1.2426   
535236.6405     4.5220    1.2077   
535236.7405     4.5945    1.4293   
535236.9412     4.4208    1.4945   
535237.1413     8.3266    1.0657   
535237.3413     6.8423    1.0824   
535237.4413     6.8211    1.1201   
535237.6413     5.2759    1.1952   
535237.8413     5.2765    1.1205   
535237.9413     4.8278    1.2848   
535238.1413     4.8148    1.2028   
535238.2413     4.7904    1.2078   
535238.3413     5.2136    1.0367   
535238.5413     4.3572    1.1146   
535238.8413     8.7219    1.3052   
535239.0414     7.0375    1.2106   
535239.1413     6.7786    1.1404   
535239.3413     5.3247    0.8933   
535239.4413     5.0659    0.8287   
535239.6413     5.1121    1.1574   
535239.7413     5.0052    1.2993   
535239.8421     5.1419    1.1544   
535240.0413     5.0188    0.9755   
535240.3413     5.1626    0.7388   
535240.4413     4.9492    0.8365   
535240.6414     5.0833    0.9222   
535240.7413     5.1316    0.8319   
535240.8413     5.2248    0.7871   
535241.0413     5.2250    0.9382   
535241.1413     5.2963    1.0959   
535241.2413     5.4447    1.1085   
535241.3413     5.4403    1.2601   
535241.4413     5.6860    1.4270   
535241.7413     9.9154    1.6427   
535241.8413     9.9407    1.6006   
535241.9413     9.7317    1.3982   
535242.0413     9.4946    1.2839   
535242.1413     9.4304    1.0415   
535242.2413     9.3688    0.9980   
535242.3413     9.4209    1.0442   
535242.4413     9.5672    1.0642   
535242.5421     9.5924    1.1364   
535242.6813     9.7742    0.9416   
535242.8813     7.0945    0.6895   
535242.9813     7.1481    0.8562   
535243.0812     6.9882    0.9649   
535243.1812     6.9783    0.8632   
535243.2813     6.9480    0.7921   
535243.3813     7.0453    0.7891   
535243.4813     7.1373    0.7114   
535243.5813     7.0638    0.7246   
535243.6813     7.5591    0.8109   
535243.7813     7.6541    0.8479   
535243.9812     10.5083   1.0616   
535244.0812     10.3606   1.0438   
535244.1813     10.2789   0.9866   
535244.2813     10.3421   1.1823   
535244.3813     10.3500   1.0116   
535244.4813     10.0619   0.9152   
535244.4813     10.0362   0.9200   
535244.5813     9.9396    0.9855   
535244.6813     9.8289    0.9329   
535244.7813     9.6686    1.0077   
535244.9813     6.9592    0.6709   
535245.0813     8.8863    0.6678   
535245.1813     8.9045    0.6585   
535245.2813     8.7652    0.7836   
535245.3813     8.6799    0.8697   
535245.4812     8.4066    0.7467   
535245.5813     8.4660    0.6607   
535245.5813     8.2962    0.6687   
535245.6813     8.0135    0.6500   
535245.7813     7.8479    0.8382   
535245.8813     8.1198    0.8375   
535245.9813     9.1328    0.8272   
535246.0763     8.8177    0.7836   
535246.1763     8.8252    0.8579   
535246.2763     8.7104    1.0888   
535246.2763     8.2209    0.9876   
535246.3763     7.6702    0.9959   
535246.4763     7.5802    0.8257   
535246.5763     7.0685    0.7325   
535246.6763     6.3216    0.8250   
535246.7763     6.2610    0.9509   
535246.8763     5.5562    1.1564   
535246.9763     5.1381    1.3419   
535246.9763     5.1683    1.3227   
535247.0763     5.2149    1.2859   
535247.1763     5.1092    1.2453   
535247.2763     4.9373    1.3582   
535247.3763     4.6775    1.3821   
535247.4762     4.4603    1.4610   
535247.5763     5.6574    1.2977   
535247.5763     5.9239    1.2201   
535247.6763     4.9402    1.3925   
535247.7763     4.3001    1.4020   
535247.8763     3.4058    1.5347   
535247.9763     3.7445    1.4656   
535248.0763     3.9530    1.5162   
535248.0763     3.4071    1.7417   
535248.1763     3.5768    1.8652   
535248.2762     3.8768    1.8307   
535248.3763     3.5957    1.9031   
535248.4763     3.4236    1.9347   
535248.5763     3.7680    1.7080   
535248.5763     3.6643    1.6922   
535248.6763     3.0531    1.8330   
535248.7763     3.1032    1.8959   
535248.8763     3.7955    1.7057   
535248.9763     3.6631    1.8176   
535248.9763     3.0985    1.9597   
535249.0763     2.7905    1.9628   
535249.1763     2.3766    1.9956   
535249.2763     1.9264    2.1316   
535249.3763     2.9650    1.8296   
535249.4763     3.1492    1.7457   
535249.5763     3.2348    1.7872   
535249.6763     4.1222    1.8114   
535249.6763     4.2931    1.7671   
535249.7763     3.1884    2.0050   
535249.8763     3.8219    2.1670   
535249.9763     3.5517    2.0710   
535250.0767     3.4336    1.9239   
535250.2219     4.0754    1.7595   
535250.3163     3.8529    1.8156   
535250.4163     4.0864    1.9039   
535250.5163     4.3152    1.8889   
535250.6163     4.1060    1.7877   
535250.7163     3.8373    1.8969   
535250.8163     3.6495    2.0471   
535250.9163     3.3453    1.9735   
535251.0163     3.1306    1.9504   
535251.1162     3.3749    2.1097   
535251.2163     4.3756    1.7290   
535251.3163     4.4510    1.7568   
535251.4163     4.8366    1.7739   
535251.5163     5.2419    1.6082   
535251.6163     4.7651    1.6060   
535251.8163     5.0461    1.6188   
535251.9163     5.5715    1.4626   
535252.0165     5.4004    1.4610   
535252.1165     5.4055    1.6536   
535252.2165     6.4734    1.1524   
535252.3165     5.9840    1.1338   
535252.4165     5.6059    1.2416   
535252.5189     5.4092    1.2581   
535252.6165     5.4334    1.2238   
535252.7165     5.7351    1.4165   
535252.8165     6.2513    1.5060   
535252.9165     6.5614    1.3945   
535253.1165     6.2953    1.4747   
535253.2165     5.9905    1.4845   
535253.3165     7.7280    1.0167   
535253.4165     7.2509    1.2488   
535253.5165     7.4661    1.3285   
535253.6165     7.3936    1.3261   
535253.7165     7.3268    1.3796   
535253.8165     7.5070    1.4274   
535253.9165     7.6002    1.3140   
535254.0165     7.9294    1.1631   
535254.1165     7.8027    1.1972   
535254.2165     7.4211    1.4116   
535254.3165     8.4593    1.0312   
535254.4165     7.5983    1.1963   
535254.5165     6.5917    1.5103   
535254.6165     6.5558    1.5221   
535254.6165     7.4662    1.3529   
535254.7165     8.6501    1.1922   
535254.8165     8.6358    1.2680   
535254.9165     8.5578    1.1404   
535255.0165     8.5050    1.0052   
535255.0165     8.2769    0.9851   
535255.1165     9.2671    0.6734   
535255.2165     8.9259    0.8486   
535255.2165     8.0740    1.0032   
535255.3165     7.9636    0.9536   
535255.4165     8.2344    1.0167   
535255.5165     8.5326    1.1258   
535255.5165     9.1648    1.0712   
535255.6165     9.0952    1.1272   
535255.7165     8.4978    1.2660   
535255.7165     7.8509    1.4630   
535255.8165     7.5921    1.5298   
535255.9165     8.8018    1.1656   
535255.9615     8.4896    1.0376   
535256.0615     8.3668    0.9407   
535256.1615     8.2678    1.0227   
535256.1615     8.3926    1.0377   
535256.2615     8.4151    1.0609   
535256.3615     8.5222    1.1986   
535256.3615     8.2032    1.2571   
535256.4615     7.4726    1.4610   
535256.5615     6.5787    1.7806   
535256.6615     7.3281    1.6244   
535256.6615     6.9895    1.7109   
535256.8643     7.0113    1.8012   
535256.9640     6.8263    1.9826   
535256.9640     6.0492    2.2379   
535257.0640     5.4883    2.8047   
535257.1640     5.2816    3.2731   
535257.2640     5.3196    3.4349   
535257.2640     5.3298    3.4092   
535257.4140     7.0227    3.0757   
535257.7140     7.7220    2.0338   
535257.8140     7.5331    1.5802   
535257.9140     7.6729    1.0812   
535257.9140     7.7551    1.0090   
535258.0640     8.0854    0.8658   
535258.1640     6.7423    1.1855   
535258.2640     8.4043    0.8441   
535258.3641     8.2276    1.6943   
535258.4640     8.0406    3.1341   
535258.5640     8.0042    3.2616   
535258.6640     7.9361    2.7675   
535258.8140     7.4032    2.7727   
535258.9140     7.5563    3.4207   
535259.0140     7.2752    3.9052   
535259.1140     7.5590    4.0839   
535259.2140     7.7148    3.7267   
535259.3140     7.6084    3.1158   
535259.4640     7.7039    2.3079   
535259.5640     7.9126    1.8686   
535259.6640     7.8809    1.8834   
535259.7640     7.8778    1.8695   
535259.8640     8.1790    1.8657   
535260.0141     8.1559    1.5936   
535260.1140     7.8259    1.3965   
535260.2140     8.4085    1.2776   
535260.3140     8.5009    1.6096   
535260.4140     8.5158    1.9026   
535260.6140     8.5889    1.7671   
535260.7640     8.5342    1.1741   
535260.9641     8.6696    0.5672   
535261.0640     8.7599    0.5261   
535261.1640     8.5298    1.1297   
535261.2640     7.9782    1.8992   
535261.3640     8.4453    2.0416   
535261.5140     8.5234    2.0019   
535261.5140     8.3862    2.0545   
535261.7140     8.6689    2.0351   
535261.8140     8.6351    2.6479   
535261.9140     8.6996    2.7286   
535262.0140     8.7568    2.7916   
535262.2140     8.9242    2.7092   
535262.2640     8.6610    2.6379   
535262.4640     8.7940    2.3917   
535262.4640     8.6915    2.2570   
535262.6640     8.5435    1.9755   
535262.7640     8.8736    1.9305   
535262.8642     8.8179    2.0392   
535263.0140     8.7345    1.9555   
535263.1140     9.2855    1.6325   
535263.2140     9.3631    1.5405   
535263.4140     9.4579    1.5770   
535263.5140     9.2813    1.7354   
535263.6140     9.1248    1.7394   
535263.7140     9.1806    1.8082   
535263.8140     8.8111    2.0306   
535263.9640     8.7264    1.8747   
535264.1640     8.9970    1.8467   
535264.2590     9.1206    1.9398   
535264.3591     9.1317    1.9390   
535264.4592     8.9378    1.9918   
535264.5590     8.9176    1.6888   
535264.7590     9.1132    1.7157   
535264.8605     9.1404    1.5386   
535264.9555     9.3852    1.5134   
535265.0555     9.4394    1.3509   
535265.1555     9.1249    1.3322   
535265.2565     9.2352    1.3190   
535265.3565     9.3678    1.3221   
535265.4565     9.2861    1.2603   
535265.6565     9.2883    1.2504   
535265.7565     9.4030    1.1673   
535265.8565     9.3955    0.9786   
535265.9565     9.0423    0.8910   
535266.0565     9.0651    0.8332   
535266.1565     9.1554    0.8299   
535266.2565     9.1326    0.9770   
535266.3565     9.1453    1.0936   
535266.4565     9.5928    1.2373   
535266.5565     9.9650    1.4246   
535266.6565     9.8447    1.1358   
535266.8015     9.3199    1.1069   
535266.9015     9.6264    1.3210   
535267.0015     8.7715    1.1931   
535267.1015     8.6583    1.1245   
535267.2015     8.7469    1.2162   
535267.3015     8.7237    1.2828   
535267.4015     8.4554    1.5938   
535267.5015     8.2591    1.7558   
535267.6015     8.4142    1.8567   
535267.7015     8.2400    1.6659   
535267.8015     8.1983    1.4288   
535267.9015     8.1187    1.1874   
535268.0015     7.7211    1.3978   
535268.1015     7.5601    1.3959   
535268.2015     7.5214    1.4434   
535268.3015     7.4844    1.2986   
535268.4015     7.8112    1.0249   
535268.5015     7.7027    0.9950   
535268.6015     7.8053    1.1072   
535268.7015     7.9879    1.1442   
535268.8015     7.9164    1.1646   
535268.9015     8.2177    1.0178   
535269.0015     8.2687    0.9810   
535269.1015     8.3188    0.9600   
535269.2015     8.3574    0.8509   
535269.3015     8.3534    0.8271   
535269.4015     8.1556    0.8154   
535269.5015     8.2165    0.8165   
535269.6015     8.3755    0.8155   
535269.7015     8.2459    0.9206   
535269.8015     7.9104    0.9819   
535269.9015     7.8225    1.1936   
535270.0015     7.7407    1.1378   
535270.1015     7.7054    1.0769   
535270.2015     7.6243    1.1864   
535270.3015     7.5347    1.1503   
535270.4015     7.4492    1.2597   
535270.5015     7.6668    1.2096   
535270.6015     7.7099    1.2008   
535270.7017     7.6962    1.3666   
535270.8015     7.7465    1.4012   
535270.9015     7.8610    1.5030   
535271.0016     7.9794    1.4957   
535271.1015     8.0596    1.6444   
535271.1995     7.7247    1.6391   
535271.2995     7.9826    1.5489   
535271.2995     7.9847    1.5453   
535271.3995     8.1948    1.3948   
535271.4995     8.4255    1.3355   
535271.5995     8.8169    1.4802   
535271.6995     8.9790    1.5300   
535271.7995     8.9138    1.6428   
535271.9995     9.2409    1.4185   
535272.0995     9.2078    1.6293   
535272.1995     9.1093    1.8037   
535272.2995     8.9942    1.8381   
535272.3995     9.0448    1.8662   
535272.4995     9.1023    1.9388   
535272.5995     9.1064    1.8613   
535272.6996     8.8050    1.6903   
535272.7997     8.8771    1.6841   
535272.9995     9.0092    1.6931   
535273.0995     9.0998    1.7153   
535273.2995     8.6343    1.8756   
535273.3995     8.8527    1.0783   
535273.4995     8.8850    1.3981   
535273.5995     8.9512    1.5168   
535273.7995     8.7916    2.6410   
535273.8995     8.6636    2.9489   
535273.9995     8.4045    2.4138   
535274.0995     8.2171    1.7451   
535274.1995     8.1073    1.6951   
535274.3995     8.2368    1.5692   
535274.4995     7.9707    1.6782   
535274.5995     7.6037    1.7385   
535274.7995     7.4800    1.5987   
535274.8995     7.8070    1.4131   
535274.9995     7.8110    1.2990   
535275.1995     7.4718    1.4708   
535275.2995     7.5764    1.7985   
535275.3995     8.0378    1.9619   
535275.4995     8.2572    1.8710   
535275.6995     8.2388    1.9314   
535275.7994     8.0830    1.6099   
535275.8995     7.7356    1.5187   
535275.9945     7.9748    1.7167   
535276.0945     8.2504    2.0907   
535276.3445     8.1697    1.6936   
535276.5445     8.1892    1.4229   
535276.6445     7.9582    1.5016   
535276.7445     8.2857    1.6892   
535276.8445     8.4801    1.7800   
535276.9447     8.4991    1.6843   
535277.0945     8.5406    1.8255   
535277.2945     8.6430    1.7828   
535277.3945     8.4845    1.8165   
535277.4945     8.2895    1.9051   
535277.6945     8.2496    1.6932   
535277.7944     8.2866    1.8163   
535277.9446     8.7025    1.8057   
535278.0450     8.7475    1.6206   
535278.2445     8.4403    1.7494   
535278.3445     8.3165    1.8110   
535278.4445     8.3576    1.7108   
535278.6445     8.4544    1.8051   
535278.7445     8.6051    1.8510   
535278.9945     8.5193    1.7872   
535279.0945     8.5683    1.8818   
535279.2945     8.7769    1.8563   
535279.3945     8.7824    1.9090   
535279.4945     8.8134    1.8634   
535279.5945     8.8917    1.8218   
535279.7945     8.8007    2.0443   
535279.9445     8.9438    1.9156   
535280.0445     9.1999    2.2956   
535280.2445     9.3105    1.8683   
535280.3445     9.6119    1.8234   
535280.4445     9.5413    2.0523   
535280.6445     9.0934    2.0181   
535280.7945     9.1311    2.1135   
535280.9945     9.1585    1.6673   
535281.0945     9.0185    1.9272   
535281.1945     8.9147    2.0765   
535281.2945     10.1486   1.9257   
535281.4445     10.3771   2.1244   
535281.5445     10.2969   2.3038   
535281.7445     10.2160   1.9743   
535281.8444     10.3447   2.1184   
535282.0445     10.1398   2.2644   
535282.1945     10.2629   2.0654   
535282.2945     10.3722   2.3052   
535282.3945     10.0706   2.2207   
535282.4945     10.0017   2.1323   
535282.6945     10.3168   2.3851   
535282.7945     10.4570   2.2373   
535282.8945     10.3824   2.1420   
535282.9945     10.4735   2.3095   
535283.1445     10.4652   2.3678   
535283.2445     8.5897    2.2223   
535283.3445     8.7117    2.1622   
535283.4445     8.9609    2.2229   
535283.5445     9.1282    2.3412   
535283.6445     9.0771    2.2287   
535283.7445     9.3685    2.1854   
535283.8445     9.5382    2.3382   
535283.9445     9.4618    2.3594   
535284.0945     9.5603    2.4613   
535284.0945     9.7707    2.5360   
535284.1945     10.1200   2.8580   
535284.2945     9.8204    2.8772   
535284.3944     9.9836    2.6321   
535284.4945     10.1337   2.6186   
535284.5945     9.8397    2.5138   
535284.6945     9.7989    1.9690   
535284.7945     10.1336   2.4218   
535284.8946     10.1898   3.1601   
535285.0445     10.1809   2.2864   
535285.1445     10.2044   2.4603   
535285.2445     10.4247   2.5109   
535285.2955     10.2640   2.4549   
535285.3955     10.1939   2.2013   
535285.4955     10.2488   2.6657   
535285.6955     10.5715   2.4251   
535285.7955     10.7319   2.1258   
535285.8955     10.4919   2.3846   
535285.9955     10.4543   2.7064   
535286.0955     10.2292   2.6968   
535286.1955     10.4932   2.5897   
535286.2955     10.6901   2.6667   
535286.3957     10.8662   2.6906   
535286.4955     10.6184   2.7754   
535286.6956     10.4013   2.9162   
535286.7955     10.6244   3.0479   
535286.7955     10.5687   2.9119   
535286.9965     10.2748   2.8891   
535287.0965     9.8368    3.1847   
535287.1964     9.5943    3.3106   
535287.2965     9.8750    3.0678   
535287.4965     10.5111   2.6320   
535287.5965     10.5301   2.4991   
535287.6972     10.3771   2.3940   
535287.9965     9.9409    2.6227   
535288.0964     9.9813    2.5496   
535288.1965     10.1167   2.7717   
535288.3965     10.3617   2.7819   
535288.4965     10.5318   2.6925   
535288.5965     10.7564   2.7108   
535288.5965     10.7330   2.7276   
535288.9964     11.0651   2.0121   
535289.0965     10.9519   1.9426   
535289.0965     10.9161   1.9670   
535289.1965     11.1674   1.7437   
535289.2975     10.1491   2.3431   
535289.3965     9.7318    2.8780   
535289.4965     9.4372    2.9323   
535289.6964     9.9988    2.2454   
535289.7964     11.2622   2.5443   
535289.8965     11.5740   3.1689   
535289.9964     11.1687   3.1408   
535290.1414     11.6046   2.5407   
535290.2415     10.6897   2.4707   
535290.3415     9.7229    3.7230   
535290.4415     10.6933   3.5546   
535290.5415     10.9987   2.8736   
535290.6438     9.8602    3.1896   
535290.7415     9.9262    3.5032   
535290.9419     9.6374    2.9227   
535291.0415     9.3986    2.5188   
535291.1365     9.4740    2.4716   
535291.2365     9.7719    2.7749   
535291.3365     9.7250    2.8636   
535291.4365     9.3302    2.5318   
535291.4365     9.0067    2.3549   
535291.5365     9.0147    1.8942   
535291.6365     9.5120    1.8989   
535291.7365     9.2996    2.0935   
535291.8365     9.3109    2.4808   
535292.0365     9.2920    2.5803   
535292.1365     9.0267    2.3722   
535292.2365     9.1828    2.1381   
535292.3365     8.8913    2.2268   
535292.4365     8.6918    2.7379   
535292.5365     9.5075    3.5414   
535292.6365     8.6821    3.6996   
535292.7365     9.6929    3.5702   
535292.8365     9.2949    3.5361   
535292.9365     9.7763    3.5132   
535293.0365     9.4846    3.8953   
535293.1365     9.0476    3.6378   
535293.1365     9.3160    3.6691   
535293.2364     9.1894    3.4339   
535293.3365     9.1064    3.0192   
535293.3365     9.2975    3.0295   
535293.4365     9.4233    3.0486   
535293.5365     8.9153    2.9255   
535293.6365     8.8325    2.7311   
535293.7365     9.2496    2.7229   
535293.8365     9.1155    2.8648   
535293.9365     9.3175    3.1067   
535294.0365     9.7809    3.0370   
535294.1365     9.1845    3.0520   
535294.2365     8.9844    2.7203   
535294.4365     8.4122    2.6742   
535294.5365     8.4892    2.6951   
535294.6365     8.3450    2.8693   
535294.7365     7.6950    2.6897   
535294.8365     8.5141    2.5484   
535294.9365     7.4057    2.6343   
535295.1365     7.2840    2.4240   
535295.1365     7.7277    2.5091   
535295.2365     7.3978    2.6556   
535295.3365     7.7128    2.3809   
535295.4365     7.8863    2.3716   
535295.5364     8.1851    1.9340   
535295.6365     8.7744    1.7655   
535295.8365     8.2662    2.0927   
535295.9365     8.3894    2.3504   
535296.0365     8.8501    2.0732   
535296.1364     8.0314    1.9568   
535296.2365     7.8030    1.9082   
535296.2365     7.7895    1.8870   
535296.4365     7.9402    1.9634   
535296.5365     8.0316    1.6837   
535296.6365     7.7347    1.6932   
535296.7365     7.6989    1.7744   
535296.8365     7.2346    1.5073   
535296.9365     7.7833    1.3984   
535297.0365     8.2634    0.9257   
535297.1365     8.1455    0.8433   
535297.2365     8.5452    0.8694   
535297.3365     8.4733    0.7085   
535297.4365     7.9687    0.7627   
535297.5365     8.0104    0.8209   
535297.6365     7.9826    0.7689   
535297.7365     8.0290    0.8578   
535297.9365     7.5802    0.5433   
535298.0365     7.3664    0.5549   
535298.1365     7.4559    0.5894   
535298.2364     7.5728    0.9096   
535298.3365     7.6463    0.9847   
535298.4365     8.1999    0.7383   
535298.5365     8.5478    0.8759   
535298.6365     8.4918    1.3910   
535298.7365     8.5664    1.3272   
535298.9365     9.0675    0.9384   
535299.0365     7.9893    0.7322   
535299.1365     8.0123    0.4848   
535299.2365     7.7428    0.9111   
535299.3365     7.7698    1.1559   
535299.4365     8.1864    0.9208   
535299.5372     8.6730    0.7938   
535299.6365     7.8418    0.8144   
535299.8365     7.5580    1.0881   
535299.9365     7.6507    1.3740   
535300.0351     8.2414    1.4472   
535300.0815     8.1678    1.3661   
535300.2829     7.8942    1.3021   
535300.3815     7.9923    1.2217   
535300.4814     8.0950    1.1424   
535300.5815     7.7646    0.9453   
535300.7816     7.4337    0.3822   
535300.8814     7.0201    0.3008   
535300.9819     7.2851    0.5058   
535301.0815     7.5636    0.5730   
535301.1815     7.6055    0.7012   
535301.2814     7.0160    0.9843   
535301.4815     7.1879    0.3528   
535301.5815     7.4706    0.7039   
535301.6814     7.3976    0.7687   
535301.8815     6.9831    0.4300   
535301.9814     6.7488    0.9422   
535302.1815     7.1280    1.5119   
535302.2815     6.7499    1.8110   
535302.4815     6.6863    0.9762   
535302.6815     6.6723    0.9645   
535302.8814     6.6860    1.6732   
535303.0815     6.8499    0.9345   
535303.2815     6.3823    0.7205   
535303.6814     6.6543    0.5491   
535304.1814     6.3672    1.2394   
535304.4814     5.3773    1.2988   
535304.9815     4.9523    0.7772   
535305.3815     4.6205    0.8034   
535305.7815     5.5279    0.9343   
535306.1815     6.2111    1.4688   
535306.4765     5.5287    1.1761   
535306.7765     5.2917    2.1200   
535307.0766     4.6262    1.4766   
535307.3764     4.0774    2.0441   
535307.5765     4.2329    2.0485   
535308.0765     4.8324    2.4370   
535308.2774     5.3382    2.3128   
535308.5765     5.1822    2.3480   
535308.8765     5.0761    2.6360   
535309.1765     5.2261    3.1080   
535309.3765     5.7990    3.1849   
535309.5765     5.6397    3.4101   
535309.7771     5.8056    3.7292   
535309.9764     6.0803    4.0684   
535310.1765     7.2485    3.7888   
535310.3765     8.3892    3.5817   
535310.5764     6.7631    3.3763   
535310.6765     6.2736    3.6069   
535310.8775     6.2760    3.5850   
535310.9764     6.9517    4.2827   
535311.0765     7.3162    4.4789   
535311.2824     8.5910    4.4040   
535311.3824     8.2067    3.8621   
535311.5832     7.2168    3.4327   
535311.6824     6.4001    3.4194   
535311.7824     6.3059    3.4082   
535311.8824     6.1125    3.3601   
535311.9824     6.3095    3.4252   
535312.0824     6.3729    3.5062   
535312.1824     6.5527    3.7047   
535312.2824     6.1023    3.6949   
535312.3844     5.5606    3.3786   
535312.4832     5.5881    3.1899   
535312.5824     5.9661    3.2140   
535312.6824     5.4907    3.5387   
535312.7824     5.4849    3.7926   
535312.8825     5.5388    3.8284   
535312.9824     5.4628    3.8207   
535312.9824     6.2210    3.8720   
535313.0825     6.3272    3.7842   
535313.2824     4.1707    2.6876   
535313.3824     3.4310    2.7710   
535313.4829     4.7538    2.9458   
535313.5824     6.1722    3.1868   
535313.6824     6.0806    3.3857   
535313.7824     5.5097    3.1348   
535313.9824     5.4601    2.9113   
535314.0825     5.6676    2.8817   
535314.0825     5.9319    2.8901   
535314.1824     6.0775    3.1802   
535314.2825     6.1594    3.9374   
535314.3824     5.3010    3.8139   
535314.5836     4.6374    3.6139   
535314.5836     4.5767    3.7191   
535314.6825     4.2846    3.8693   
535314.7824     4.3301    3.6144   
535314.8824     4.9293    3.4443   
535314.9825     5.2826    3.0187   
535315.0824     5.3848    3.1471   
535315.1826     5.4793    2.7985   
535315.2824     5.4133    2.6917   
535315.3825     4.8954    2.4485   
535315.4824     4.8994    2.5729   
535315.5825     5.1482    2.8603   
535315.6824     5.0196    2.6163   
535315.6824     4.8535    2.4629   
535315.8825     5.8265    2.2599   
535315.9824     5.8959    2.3480   
535316.0824     5.5170    2.7602   
535316.1824     5.7090    2.6156   
535316.2824     6.1286    2.5860   
535316.2824     5.8410    2.5026   
535316.3824     5.6464    2.4159   
535316.4824     5.9056    2.6232   
535316.5824     5.7171    2.5079   
535316.6824     5.3685    2.4432   
535316.6824     5.6281    2.4887   
535316.7825     6.1411    2.6048   
535316.9824     5.7765    2.5024   
535316.9824     6.6420    2.7633   
535317.0824     5.7862    2.4356   
535317.1824     4.4995    2.3455   
535317.2825     5.5066    2.5376   
535317.3829     6.0882    2.6498   
535317.3829     5.9485    2.6221   
535317.4824     5.7635    2.7428   
535317.4824     5.6916    2.8101   
535317.5824     5.6851    2.8148   
535317.6825     4.7131    2.3668   
535317.7824     4.4955    2.4564   
535317.8830     4.7111    2.7762   
535317.8830     4.6427    2.8247   
535318.1831     3.4055    3.6437   
535318.2825     3.5098    3.4635   
535318.2825     4.1135    3.5518   
535318.3825     4.7270    3.7139   
535318.4824     3.9670    3.0580   
535318.4824     3.0598    3.0619   
535318.5825     3.7708    3.1188   
535318.6824     4.5254    3.1654   
535318.7774     4.1410    2.9384   
535318.7774     3.8269    2.8296   
535318.8775     3.8654    2.8499   
535318.9774     4.5913    2.8303   
535318.9774     4.1711    2.7121   
535319.0777     3.3638    2.5222   
535319.1776     3.7333    2.6629   
535319.2776     4.3951    2.8304   
535319.2776     3.7771    2.7527   
535319.3782     3.4703    2.7095   
535319.4776     3.9893    2.8764   
535319.5801     4.2211    2.9384   
535319.5801     3.9700    2.9074   
535319.9781     3.9670    2.6065   
535320.0776     3.8969    2.8679   
535320.1776     3.6140    3.1145   
535320.2776     3.6190    3.0874   
535320.3779     3.5442    2.9957   
535320.4787     3.5850    2.7348   
535320.4787     4.0010    2.8144   
535320.5777     4.2126    2.5960   
535320.6776     4.0647    2.4390   
535320.6776     4.2226    2.4600   
535320.7776     4.4642    2.6033   
535320.8776     4.8723    2.8823   
535320.9777     4.4859    2.5214   
535321.0776     4.8511    2.4484   
535321.1776     4.3438    2.1323   
535321.2776     3.2465    1.6558   
535321.2776     5.7227    1.8116   
535321.3776     8.2247    3.0714   
535321.4778     7.9953    3.5573   
535321.4778     5.5100    3.4864   
535321.5776     6.0539    3.1156   
535321.6801     5.4736    2.6413   
535321.6801     5.3292    2.5903   
535321.7787     4.8719    2.3199   
535321.8780     5.8753    2.4505   
535321.9779     6.4390    2.5533   
535322.0780     5.5332    2.1620   
535322.0780     4.6965    1.9431   
535322.1776     4.7834    2.1833   
535322.2776     5.6156    2.4296   
535322.2776     5.8408    2.5261   
535322.3776     5.6005    2.3243   
535322.4786     4.9942    2.1377   
535322.5785     4.9961    2.3795   
535322.6785     5.7716    2.4341   
535322.6785     6.2954    2.7283   
535322.7785     7.1095    3.1922   
535322.8785     7.8090    3.5171   
535322.8785     7.7139    3.4756   
535322.9785     7.7081    3.5609   
535323.0785     7.6923    3.4888   
535323.0785     8.0401    3.5939   
535323.1785     7.7226    2.9741   
535323.2785     7.2872    2.4263   
535323.3786     6.7303    2.3523   
535323.3786     6.3400    2.2120   
535323.4786     6.2488    2.3662   
535323.5798     5.8661    2.3749   
535323.5798     6.3692    2.6282   
535323.6785     6.0924    2.5569   
535323.7785     6.0313    2.5038   
535323.7785     6.3485    2.6432   
535323.8785     6.6290    2.5887   
535323.9785     6.4123    2.4983   
535323.9785     6.3349    2.4520   
535324.0785     6.6460    2.4073   
535324.1785     6.6088    2.5286   
535324.2794     6.8689    2.7401   
535324.3785     6.5261    2.9424   
535324.3785     5.2467    2.5360   
535324.4785     4.9226    2.5160   
535324.5799     3.9305    1.7457   
535324.6785     5.1121    2.4679   
535324.6785     6.0843    2.5661   
535324.7785     6.0417    2.8572   
535324.8785     4.8489    2.2936   
535324.9785     4.4531    2.1967   
535325.0785     4.6959    2.1689   
535325.0785     4.4543    1.8819   
535325.1784     4.6649    1.6370   
535325.2785     5.2674    2.0907   
535325.2785     4.6144    1.9064   
535325.3788     4.9218    2.1926   
535325.4803     6.2410    2.3911   
535325.5789     6.8119    2.2763   
535325.6802     5.1167    1.7214   
535325.6802     4.0707    1.3994   
535325.7785     4.1238    1.7044   
535325.8785     4.4540    1.9326   
535325.9789     5.0653    2.3209   
535326.0797     4.6004    2.1567   
535326.0797     3.2282    1.9101   
535326.2798     3.4560    2.3604   
535326.3785     4.1766    2.4296   
535326.4785     4.5492    2.2852   
535326.5785     4.6944    1.7656   
535326.5785     4.4216    1.7937   
535326.6792     3.9980    1.4080   
535326.7785     3.7342    1.4931   
535326.8785     3.8224    1.9851   
535326.9785     3.5896    1.8402   
535327.0792     3.2371    1.6677   
535327.1785     3.5080    1.8570   
535327.3785     3.6412    1.7018   
535327.4785     3.4497    1.7133   
535327.4785     3.3903    1.8661   
535327.5785     3.4514    1.8142   
535327.6785     3.8271    1.9333   
535327.7785     3.9286    2.0495   
535327.9785     3.9891    2.2068   
535328.0785     3.7374    2.3406   
535328.1785     3.6253    2.4768   
535328.2785     3.7785    2.4604   
535328.3785     3.5711    2.1027   
535328.4785     3.7729    2.1381   
535328.5785     3.8057    2.2331   
535328.6785     3.6132    2.3729   
535328.7785     3.6101    2.5222   
535328.8785     3.4377    2.5914   
535329.0786     3.2278    1.4099   
535329.1785     2.9370    0.4769   
535329.2785     3.0199    0.4250   
535329.3785     3.0912    1.7230   
535329.4793     2.9319    3.3944   
535329.5785     2.9277    4.4011   
535329.7785     2.9316    4.0474   
535329.8787     2.9498    3.5677   
535329.9785     3.0331    3.6057   
535330.0785     3.0238    2.8892   
535330.1785     3.0545    2.5781   
535330.2785     3.0841    2.3221   
535330.4785     2.8126    1.9497   
535330.5785     2.5846    1.7608   
535330.6785     2.5601    1.8063   
535330.7785     2.4566    1.5617   
535330.8785     2.4882    1.4501   
535330.9785     2.9122    1.3773   
535331.0785     2.7003    1.3564   
535331.1794     2.4618    1.2743   
535331.2785     2.3296    1.4260   
535331.3790     2.7382    1.2761   
535331.4806     2.6740    1.3413   
535331.5785     2.3203    1.5265   
535331.6786     2.0239    1.6151   
535331.7785     1.8951    1.5403   
535331.8785     1.7676    1.4896   
535331.9785     1.8804    1.7253   
535332.0785     2.0380    1.8781   
535332.1785     2.4110    1.7470   
535332.2785     2.5423    1.7685   
535332.3785     2.6556    1.4042   
535332.4785     2.2526    1.2226   
535332.5785     2.2412    1.4763   
535332.6792     2.9201    1.6795   
535332.6792     3.6088    1.5675   
535332.7785     3.8799    1.7848   
535332.8785     3.8042    1.9059   
535332.9785     3.6165    1.8982   
535333.0785     3.4646    1.9098   
535333.1785     3.6070    1.7501   
535333.2785     4.0988    1.4677   
535333.3785     4.3703    1.6720   
535333.4785     5.3730    1.9984   
535333.5785     5.7344    2.1230   
535333.5785     5.5103    1.9330   
535333.6785     4.7620    1.5985   
535333.7785     3.9520    1.4993   
535333.8785     4.5626    1.1859   
535333.9785     5.4063    1.3423   
535334.0784     5.2953    1.3211   
535334.1785     4.0996    0.9715   
535334.1785     3.8303    1.0394   
535334.2785     4.0550    1.1928   
535334.3785     4.4432    1.5383   
535334.4802     4.4764    1.6482   
535334.5785     3.7299    1.4507   
535334.6787     2.6934    1.4283   
535334.6787     2.2625    1.5984   
535334.7785     2.3063    1.6512   
535334.8785     2.3647    1.6049   
535334.9785     2.2602    1.5378   
535334.9785     2.2065    1.5512   
535335.0785     2.1140    1.1680   
535335.1785     1.4714    1.1269   
535335.2785     1.8423    1.1761   
535335.3785     1.8932    1.0000   
535335.4785     2.0147    0.7597   
535335.4785     2.5852    0.4226   
535335.5785     3.6383    0.5893   
535335.6785     4.5475    0.9316   
535335.7785     5.0735    0.8928   
535335.7785     5.9688    1.2195   
535335.8785     6.1244    1.4787   
535335.9785     6.7210    1.4016   
535336.0785     6.0199    1.0567   
535336.0785     7.9500    1.3611   
535336.1785     8.1317    1.3760   
535336.2785     7.6131    0.9681   
535336.3785     7.5137    1.1504   
535336.3785     7.8632    1.5351   
535336.4785     9.3668    2.0953   
535336.4785     10.5594   2.4010   
535336.5785     11.3063   2.6789   
535336.6785     9.2062    1.8669   
535336.7785     9.5126    2.0134   
535336.7785     10.8140   2.4891   
535336.8785     11.9672   3.0754   
535336.8785     11.4060   2.9184   
535336.9785     9.5779    2.3275   
535336.9785     9.9327    2.3096   
535337.0793     9.7890    2.1123   
535337.0793     9.7994    2.1081   
535337.0793     10.0860   2.1808   
535337.0793     9.6022    2.0724   
535337.1785     9.5455    1.7342   
535337.1785     9.5024    1.6690   
535337.1785     9.8928    1.7834   
535337.1785     10.5711   2.0956   
535337.2785     11.4235   2.1676   
535337.2785     12.6453   2.2844   
535337.2785     11.9611   2.0543   
535337.3791     10.9191   1.7101   
535337.3791     10.3528   1.5065   
535337.3791     9.3062    1.1726   
535337.3791     8.9178    1.2711   
535337.3791     9.3124    1.3913   
535337.4802     9.4834    1.6751   
535337.4802     9.1068    1.5604   
535337.4802     8.4644    1.3604   
535337.4802     7.9811    1.0856   
535337.5785     7.9316    1.4330   
535337.5785     7.8283    1.4286   
535337.5785     8.5144    1.6152   
535337.5785     8.9254    1.6883   
535337.6785     8.7742    1.3751   
535337.6785     8.0426    1.3904   
535337.6785     7.8932    1.4992   
535337.6785     7.5215    1.1064   
535337.6785     7.6754    0.9140   
535337.7785     8.5114    0.8020   
535337.7785     8.9775    0.8378   
535337.7785     8.7936    0.8154   
535337.8785     8.7960    1.7804   
535337.8785     7.7735    2.2239   
535337.8785     7.4194    2.2979   
535337.9785     7.4124    1.9338   
535337.9785     8.0027    1.6159   
535337.9785     7.8225    1.5762   
535337.9785     7.5314    1.8831   
535338.0791     7.5398    1.9748   
535338.0791     7.7821    2.1795   
535338.0791     7.4691    2.0972   
535338.1785     7.0220    1.8393   
535338.1785     6.8672    1.8831   
535338.1785     6.6864    2.0223   
535338.1785     6.5789    2.0499   
535338.2785     6.8336    1.7497   
535338.2785     7.0587    1.6555   
535338.2785     7.2829    1.4618   
535338.2785     7.6907    1.3767   
535338.3785     8.4827    1.2231   
535338.3785     8.7514    1.1972   
535338.3785     9.1370    1.1687   
535338.4785     10.0439   1.3646   
535338.4785     10.7214   1.4976   
535338.4785     11.4329   1.5662   
535338.5785     12.1724   1.8842   
535338.5785     12.9982   1.9710   
535338.5785     13.6807   2.1769   
535338.6785     14.4393   2.3387   
535338.6785     14.6090   2.4414   
535338.7784     15.0691   2.7356   
535338.7784     15.6251   2.8388   
535338.7784     16.1430   3.0021   
535338.8785     16.6676   3.2202   
535338.8785     16.7718   3.3435   
535338.9774     16.7132   3.3753   
535338.9774     16.3249   3.3541   
535339.0235     15.7578   3.3154   
535339.0235     15.2909   3.2981   
535339.1234     14.7097   3.2138   
535339.1234     14.5486   3.2742   
535339.2235     14.1894   3.2617   
535339.2235     13.4058   3.1882   
535339.3235     12.9661   3.2878   
535339.3235     12.4544   3.2268   
535339.4235     12.4347   3.3889   
535339.4235     12.8596   3.5491   
535339.5234     12.8262   3.4254   
535339.5234     12.7182   3.3732   
535339.6235     12.4064   3.2490   
535339.7235     12.3350   3.1972   
535339.7235     12.4163   3.1189   
535339.8235     12.5937   3.1512   
535339.9235     13.1878   3.2395   
535339.9235     13.4487   3.2130   
535340.0235     13.7449   3.1124   
535340.1235     13.8355   3.1263   
535340.1235     14.4193   3.3236   
535340.2235     13.8086   3.1767   
535340.3235     12.7361   3.1331   
535340.4235     12.2679   3.1384   
535340.4235     12.4917   3.0236   
535340.5234     12.4120   3.1166   
535340.6234     11.3917   3.1369   
535340.7235     11.2314   2.7802   
535340.7235     12.1199   2.4295   
535340.8234     12.8804   2.2353   
535340.9235     11.1582   2.7130   
535341.0234     11.1213   2.4116   
535341.0234     11.7554   2.5096   
535341.1235     11.2549   2.8022   
535341.2235     10.8843   2.6308   
535341.3235     11.1052   2.3191   
535341.4235     11.3578   2.0947   
535341.4235     11.2162   1.8556   
535341.5235     11.6703   2.0949   
535341.6235     13.6569   2.0786   
535341.7235     14.3220   1.9556   
535341.7235     11.9305   2.6279   
535341.8235     11.9226   2.5035   
535341.9235     13.8912   2.2254   
535341.9235     14.4999   2.0500   
535342.0235     14.3056   2.0024   
535342.1235     13.5272   2.0909   
535342.2235     13.1975   2.0426   
535342.3235     11.7924   2.3393   
535342.4235     12.2593   1.9415   
535342.4235     13.0124   1.8830   
535342.5235     13.2615   1.9314   
535342.6235     12.4385   2.0195   
535342.7235     11.5528   2.2693   
535342.8235     11.5116   2.5149   
535342.8235     11.6286   2.3952   
535342.9235     11.8375   2.1033   
535343.0235     11.6869   1.6968   
535343.1235     12.0936   1.8011   
535343.2235     12.5128   2.2686   
535343.2235     12.4510   2.1654   
535343.3235     12.5496   2.5610   
535343.4235     12.5992   2.2773   
535343.5235     12.6158   1.8887   
535343.6235     12.6312   2.0127   
535343.6235     12.4762   2.2025   
535343.7235     12.1857   2.3683   
535343.8236     12.1263   2.4843   
535343.9235     12.3743   2.5268   
535344.0235     12.4426   2.6392   
535344.1235     12.9160   2.9585   
535344.1235     12.6239   3.0455   
535344.2235     12.6335   3.3277   
535344.3235     12.5203   3.1966   
535344.4235     12.8045   2.8421   
535344.5235     13.1641   2.4422   
535344.5235     13.4158   2.2134   
535344.6235     14.1216   1.7865   
535344.7235     13.8717   1.8027   
535344.8235     13.0067   2.3243   
535344.8235     13.3970   1.9269   
535344.9235     14.2884   1.3784   
535345.0235     14.4802   1.3051   
535345.1235     13.9630   1.1937   
535345.2235     13.2442   1.3743   
535345.3235     12.7426   1.4289   
535345.4235     12.4487   1.5169   
535345.4235     12.1639   1.5245   
535345.5235     12.3617   1.4217   
535345.6234     12.5676   1.5707   
535345.7235     12.1798   1.4728   
535345.8235     12.4083   1.3662   
535345.8235     12.6130   1.3002   
535345.9235     12.6298   1.1826   
535346.0235     12.9584   1.0362   
535346.1235     13.0868   1.0836   
535346.2234     12.4626   1.2622   
535346.3235     12.0910   1.3283   
535346.3742     12.0868   1.4428   
535346.4234     12.0938   1.3233   
535346.5234     12.6451   0.8652   
535346.6185     13.6692   1.0118   
535346.7185     13.5673   0.7603   
535346.8185     12.6141   0.7980   
535346.9186     11.9501   1.2280   
535347.0185     11.3162   1.3662   
535347.0185     10.8556   1.2931   
535347.1185     10.9562   0.6558   
535347.2185     11.8847   0.4890   
535347.3185     12.3909   0.8270   
535347.4203     11.4680   0.8698   
535347.5185     10.6016   1.2738   
535347.6185     9.7989    1.5855   
535347.7185     9.5988    1.4265   
535347.8185     9.5698    0.6469   
535347.9185     10.0791   0.5138   
535348.0185     11.3623   1.0927   
535348.1185     11.6033   1.1934   
535348.2185     11.5022   1.2650   
535348.3188     11.0882   1.0956   
535348.3188     10.4594   0.9253   
535348.4185     10.3358   0.7202   
535348.5185     10.3293   0.6367   
535348.6185     10.2429   0.7295   
535348.8185     10.6282   1.2968   
535348.9185     10.5843   1.2886   
535349.0185     10.2705   1.3428   
535349.1185     10.2190   1.3349   
535349.2185     10.2419   1.4393   
535349.3185     10.8426   2.1962   
535349.4185     11.1921   2.6958   
535349.5185     10.9160   2.9008   
535349.6185     10.1784   2.6491   
535349.7185     9.8719    2.2510   
535349.9185     9.6736    2.4654   
535350.0185     9.8463    2.9870   
535350.1185     10.6325   3.3628   
535350.2185     10.5714   3.2244   
535350.4185     10.8163   3.2009   
535350.5185     10.4026   3.0857   
535350.6185     9.5231    2.9652   
535350.7185     9.2028    2.5550   
535350.8185     9.4963    2.0710   
535350.9185     9.5232    2.1924   
535351.1185     8.9942    2.2274   
535351.2185     8.7752    2.7340   
535351.3185     9.4140    3.3940   
535351.5185     11.3003   4.1339   
535351.6185     12.5511   4.4827   
535351.7185     12.3725   5.0451   
535351.8185     10.3618   5.2968   
535351.9185     9.0528    4.8471   
535352.1185     9.7223    3.9123   
535352.2185     10.3546   3.8943   
535352.3185     10.7562   3.0663   
535352.5185     10.1520   2.6217   
535352.6185     9.1395    2.5430   
535352.7185     8.9034    2.8645   
535352.9185     9.3803    3.2267   
535353.0185     10.4641   3.7870   
535353.1186     11.0460   3.8422   
535353.2185     10.0264   3.2228   
535353.4635     9.1148    2.9014   
535353.5635     9.6668    2.3529   
535353.6635     10.1348   1.7671   
535353.8635     9.2932    2.1661   
535353.9635     8.1914    2.3919   
535354.0635     8.4451    2.2602   
535354.2634     9.2467    1.5277   
535354.4635     9.1744    2.8555   
535354.5635     8.4237    3.7711   
535354.6635     8.2637    4.0912   
535354.7635     8.3870    3.6218   
535354.9141     7.8447    2.9210   
535355.0635     7.7030    2.7320   
535355.1635     7.5553    3.1281   
535355.2635     7.5630    3.1059   
535355.4635     7.6854    2.7159   
535355.5635     7.8476    2.5032   
535355.6635     7.8568    2.8290   
535355.7635     7.8968    3.0878   
535355.8635     8.1279    3.0695   
535355.9650     8.0258    3.0149   
535356.0650     8.5414    3.1004   
535356.1650     9.1095    3.3516   
535356.3150     8.9215    3.3328   
535356.4153     8.3759    3.4898   
535356.5150     7.0089    3.1395   
535356.6162     5.4252    2.3228   
535356.7158     5.5167    2.2888   
535356.8154     6.1420    2.4158   
535356.9150     7.4695    3.0005   
535357.0650     6.7817    3.7745   
535357.0650     7.6235    4.4336   
535357.1650     12.0673   3.9910   
535357.3154     13.5163   3.5629   
535357.3650     11.2197   2.9102   
535357.4650     10.8117   2.9999   
535357.5650     10.1672   2.6286   
535357.6650     9.2861    2.4528   
535357.7650     8.8803    2.3117   
535357.7650     8.6723    2.2437   
535357.9150     8.7821    2.4063   
535358.0150     8.6052    2.7965   
535358.0150     8.2295    2.8257   
535358.1150     8.3503    3.0256   
535358.2150     8.2322    3.1742   
535358.3162     8.1646    3.2480   
535358.4150     8.3401    3.4536   
535358.5150     8.1414    3.1267   
535358.6160     8.1740    3.1215   
535358.6650     7.8212    3.1249   
535358.7650     7.2853    3.1297   
535358.8650     7.0128    3.0554   
535358.9158     6.7669    3.0145   
535359.0650     7.2762    2.9519   
535359.1649     7.8127    3.0448   
535359.1649     8.2337    3.1368   
535359.2650     8.7912    3.2496   
535359.4153     8.9755    3.8273   
535359.4153     8.3690    3.7908   
535359.5150     7.9459    3.8341   
535359.6150     8.3754    3.8201   
535359.7149     9.0371    4.3034   
535359.8151     9.0254    3.7926   
535359.9150     8.9434    3.7883   
535360.0150     8.8324    4.0367   
535360.1150     9.0127    4.0300   
535360.2650     9.0970    4.1949   
535360.2650     9.3173    4.1735   
535360.3649     9.5126    3.7568   
535360.4650     9.1152    3.3075   
535360.5649     8.1990    3.2370   
535360.6650     8.4894    3.5833   
535360.7650     9.7110    3.7665   
535360.8600     10.4454   3.6539   
535360.9599     10.1994   3.4763   
535361.0599     8.9441    3.1851   
535361.2600     8.5720    3.0353   
535361.3600     8.5224    3.0775   
535361.4599     8.5283    3.1465   
535361.5600     8.2650    3.0943   
535361.6599     8.2853    3.2475   
535361.7599     8.7854    3.7892   
535361.8599     9.1891    4.0316   
535361.9600     9.6570    3.9155   
535362.0600     9.5319    3.4768   
535362.2599     8.7813    3.2965   
535362.3599     8.0150    3.0414   
535362.4600     7.4403    2.6966   
535362.5600     7.7773    2.5041   
535362.6600     7.5631    2.4446   
535362.7600     7.3059    2.6072   
535362.8600     7.1936    2.9727   
535362.9599     7.7117    3.3076   
535363.0600     8.4621    3.5176   
535363.2599     8.7073    3.0401   
535363.3602     8.7210    3.0058   
535363.4600     8.5095    3.2344   
535363.5600     8.8794    3.5238   
535363.6600     9.0652    3.3894   
535363.7600     8.1329    3.4901   
535363.8600     7.4737    3.1497   
535363.9600     7.1662    2.4017   
535364.0600     7.3850    2.2984   
535364.3600     7.4266    2.1773   
535364.4600     6.5025    2.4490   
535364.5600     6.8516    2.5826   
535364.6600     7.8879    2.6285   
535364.7604     9.4666    2.7369   
535364.8601     9.8155    2.8623   
535364.9600     7.5846    2.6980   
535365.0600     6.2269    2.6224   
535365.1600     7.2974    2.6991   
535365.2600     8.7123    2.6332   
535365.4600     10.4593   2.9369   
535365.5600     11.6022   2.8739   
535365.6600     12.3808   2.9142   
535365.7599     12.7853   2.8195   
535365.8600     12.2068   2.5567   
535366.0600     11.7308   2.6776   
535366.1600     10.8108   2.8630   
535366.2600     10.8658   3.3920   
535366.4599     12.3044   4.1541   
535366.5599     13.2265   3.5552   
535366.6599     13.1000   2.8433   
535366.8600     12.1590   2.6568   
535366.8600     11.8851   2.6261   
535367.0600     11.2293   3.0910   
535367.1599     11.8284   2.9453   
535367.3600     12.6374   2.9097   
535367.4600     12.1939   2.8380   
535367.6600     11.0967   2.5594   
535367.7600     10.0198   2.6518   
535367.9600     10.6816   2.8430   
535368.1600     11.8361   2.9981   
535368.2599     11.7233   3.1338   
535368.4600     11.0290   3.1785   
535368.5600     10.5224   3.2622   
535368.7600     11.0467   3.2552   
535368.8600     12.7747   3.4669   
535369.0600     14.0432   3.5906   
535369.1600     14.7571   3.6583   
535369.3600     15.0692   3.3131   
535369.4600     14.3757   3.3081   
535369.6600     13.9484   2.9819   
535369.7600     13.6207   2.8359   
535369.9600     13.5904   2.9525   
535370.0612     13.6162   3.2630   
535370.2600     13.4439   3.6744   
535370.3600     13.1445   3.6970   
535370.5600     13.0826   3.4732   
535370.6600     13.1028   3.9658   
535370.8600     13.3797   4.3525   
535370.9600     13.6996   4.1906   
535371.1049     13.5795   3.7847   
535371.2050     13.6492   3.6236   
535371.4050     13.7620   3.3677   
535371.5050     13.7741   3.0177   
535371.6050     13.5171   2.5472   
535371.8050     13.4823   2.3511   
535371.9050     13.2303   2.5412   
535372.0550     12.6574   3.2085   
535372.1550     12.1254   3.6264   
535372.3549     12.1715   3.7124   
535372.4550     13.7153   3.7790   
535372.5550     13.5348   3.8628   
535372.6550     10.8102   3.8002   
535372.7549     10.8370   3.6684   
535372.8549     12.7917   4.2626   
535373.0050     15.2430   3.9550   
535373.2050     14.5739   3.0364   
535373.3050     13.3403   2.5439   
535373.4050     13.2593   2.7351   
535373.6050     13.9151   3.1436   
535373.7050     13.6939   3.0938   
535373.8050     13.4364   3.2851   
535374.0550     12.8749   3.4496   
535374.1550     13.4206   3.6545   
535374.3550     14.1243   3.4312   
535374.4550     14.3597   3.2461   
535374.5550     13.4482   3.0657   
535374.7550     13.0149   2.9980   
535374.8550     13.3877   3.1614   
535375.0050     13.7189   3.5127   
535375.1050     13.0516   4.2955   
535375.2049     12.4694   4.5040   
535375.3050     11.9308   4.4827   
535375.5050     12.2781   2.4789   
535375.5551     11.6271   1.4225   
535375.7050     10.7810   1.7005   
535375.8050     10.8227   1.8202   
535375.9049     11.5451   2.9438   
535376.0550     12.5550   2.2863   
535376.1550     12.5805   1.8223   
535376.2550     12.1885   1.8813   
535376.3550     11.5520   2.5774   
535376.4550     11.0539   2.5883   
535376.6550     11.3755   2.0690   
535376.7549     11.6426   1.7377   
535376.7549     11.6685   1.7789   
535376.8553     11.5638   1.4739   
535376.9550     11.2125   2.2370   
535377.1050     11.5367   2.3205   
535377.3050     11.4389   1.9521   
535377.4555     11.9615   1.4912   
535377.5555     11.3250   1.2606   
535377.6555     10.6599   1.1601   
535377.7555     10.2084   1.3568   
535377.8555     10.2867   1.4479   
535377.9555     10.5692   1.5941   
535378.0555     10.8043   1.6218   
535378.2555     10.2863   0.8157   
535378.3555     10.2177   0.6329   
535378.4555     10.1375   0.4071   
535378.6555     10.1773   0.2755   
535378.7556     9.6811    0.3652   
535378.8555     9.3357    0.4298   
535378.9555     9.4253    0.3359   
535379.1555     10.2135   0.5112   
535379.2555     10.1295   0.5122   
535379.3555     10.2601   0.5550   
535379.4555     10.6859   0.7543   
535379.6555     10.7415   0.8393   
535379.7555     10.5583   1.1030   
535379.8555     10.2192   1.1659   
535379.9555     10.0566   1.3470   
535380.0555     10.0627   1.4620   
535380.2556     10.1363   1.5810   
535380.3555     10.0566   1.8895   
535380.4555     10.0051   2.1616   
535380.5005     9.8636    2.4084   
535380.6005     9.8276    2.5222   
535380.7005     10.1289   2.2868   
535380.8005     10.0906   2.3170   
535380.9005     10.2019   2.3650   
535381.0005     10.4447   2.6899   
535381.2005     9.9302    2.6660   
535381.3005     10.0718   2.8143   
535381.4005     10.5334   2.9319   
535381.5005     10.3662   2.9986   
535381.6005     10.3415   3.3372   
535381.7005     10.3817   3.4982   
535381.8005     9.9922    3.4360   
535381.9005     9.8972    3.0144   
535382.0005     10.0564   2.9530   
535382.1005     10.1696   3.0049   
535382.2005     10.2352   3.2498   
535382.3005     10.1124   3.2918   
535382.4005     10.1864   3.2754   
535382.5005     10.1160   2.9303   
535382.6005     9.9946    3.0880   
535382.7005     9.9496    3.1717   
535382.8005     10.2985   3.9813   
535382.9005     10.3793   4.6967   
535383.0005     10.8202   4.7509   
535383.1005     11.9063   4.7625   
535383.2005     11.2239   4.0461   
535383.3005     10.8016   3.7544   
535383.3005     10.3512   2.8897   
535383.5005     9.9883    2.8692   
535383.6005     10.0925   2.8571   
535383.7005     10.5275   3.1795   
535383.8005     10.4483   3.5286   
535383.9005     10.2034   3.6258   
535384.0005     10.0713   3.0795   
535384.1005     10.0049   3.0443   
535384.2005     9.9499    2.9519   
535384.3005     10.0864   2.6369   
535384.4005     10.2154   2.9149   
535384.5005     10.4440   2.8086   
535384.6005     11.2565   2.6361   
535384.7005     11.4223   2.5494   
535384.7005     11.0755   2.1087   
535384.8007     10.3424   1.9662   
535384.9005     10.5402   2.3839   
535385.0005     11.2027   2.8631   
535385.1005     11.2737   2.9898   
535385.2005     11.3420   2.7117   
535385.3005     11.6325   2.3047   
535385.4005     11.4359   2.6159   
535385.5005     11.3632   3.4615   
535385.6005     11.5955   4.1557   
535385.7005     11.4330   4.6938   
535385.7955     11.4913   4.2057   
535385.7955     11.4605   4.0253   
535385.8955     11.4414   3.5373   
535385.8955     11.4263   3.4491   
535385.9955     11.3106   3.1461   
535386.0955     11.0808   2.9819   
535386.1955     11.7633   3.6669   
535386.2955     11.8277   3.7110   
535386.3955     11.6894   3.4881   
535386.4955     11.8193   3.3685   
535386.6405     12.0699   3.2335   
535386.7405     11.8290   3.4594   
535386.8405     11.8219   3.5781   
535386.9405     11.9559   3.6384   
535387.0408     12.1186   3.6374   
535387.1405     12.2567   3.6673   
535387.1405     12.3314   3.6039   
535387.2405     12.3437   3.6123   
535387.3405     11.7822   3.4987   
535387.4405     11.7909   3.5341   
535387.5405     12.1333   3.7746   
535387.6355     12.3188   3.6854   
535387.8355     12.0659   3.2372   
535387.9355     12.1259   3.1837   
535388.0355     12.4734   3.1268   
535388.1355     12.4436   3.0503   
535388.3355     12.6410   2.7194   
535388.5355     12.8334   2.5373   
535388.5355     12.9116   2.4868   
535388.6355     12.5053   2.3744   
535388.6355     12.5015   2.3190   
535388.7355     12.4535   2.3411   
535388.8355     12.5734   2.4275   
535388.9355     12.6780   2.4394   
535389.0355     12.5776   2.4402   
535389.1355     12.5391   2.4417   
535389.3355     12.3049   2.6179   
535389.5355     12.8681   2.6988   
535389.6355     13.3672   3.0085   
535389.8355     13.1437   3.0747   
535389.9355     13.1055   3.0503   
535390.1355     12.8406   3.1713   
535390.2355     12.7901   3.1882   
535390.3355     12.3311   2.8806   
535390.5355     11.9014   2.7717   
535390.6355     12.1288   2.9478   
535390.7355     12.0928   3.0020   
535390.9355     12.0901   2.8977   
535390.9355     12.0420   2.8183   
535391.0355     12.2087   2.7615   
535391.1355     12.2701   2.7465   
535391.3355     12.3441   2.8041   
535391.4355     12.4713   2.7554   
535391.6355     12.5658   3.5565   
535391.8355     12.7896   3.8034   
535391.9355     12.7825   3.5325   
535392.1355     12.8677   3.9701   
535392.2355     13.4567   3.5619   
535392.4355     13.3181   3.5057   
535392.5355     13.4880   3.4442   
535392.7355     13.7301   3.6427   
535392.9355     13.7302   3.9414   
535393.0355     13.7711   3.5124   
535393.2355     13.5036   3.2182   
535393.3355     13.6361   3.1456   
535393.4356     13.7985   3.2447   
535393.6355     13.8762   3.2536   
535393.7355     13.7941   3.2357   
535393.9355     14.1200   3.2955   
535394.0355     14.2736   3.2630   
535394.2358     14.5242   3.2364   
535394.3355     14.1508   3.1412   
535394.4355     14.0912   3.3062   
535394.5355     13.8225   3.3157   
535394.7355     13.8767   3.1282   
535394.8355     13.8921   3.1609   
535394.9355     14.4301   3.1228   
535395.1355     14.4442   3.8396   
535395.2355     14.3585   3.9137   
535395.3355     14.2846   3.8553   
535395.4355     14.7331   3.6546   
535395.6355     14.2382   3.0680   
535395.7357     13.9866   2.6953   
535395.8355     14.0643   2.8499   
535396.0355     14.1756   2.7190   
535396.1356     14.2656   2.8195   
535396.3355     14.3908   2.9307   
535396.4355     14.3623   3.1310   
535396.5355     14.4389   3.0371   
535396.7355     14.5686   3.0029   
535396.8355     14.4246   2.9210   
535397.0355     14.5429   2.7416   
535397.1355     15.0043   2.8388   
535397.3355     15.1442   3.0391   
535397.4355     15.1057   3.1718   
535397.6355     14.7489   3.1253   
535397.7355     15.4289   3.3051   
535397.9355     15.5541   3.3880   
535398.0355     15.0726   2.9010   
535398.2355     16.0193   2.9749   
535398.4355     15.8970   3.0379   
535398.6355     14.6105   2.7162   
535398.7355     14.4173   2.7739   
535398.9355     14.7687   3.0229   
535399.1355     14.9391   3.0696   
535399.2366     15.4020   3.1543   
535399.4355     15.2183   2.9765   
535399.5355     15.2426   3.0145   
535399.6355     15.6740   3.1883   
535399.8355     15.8646   3.3250   
535400.0355     16.0674   3.4265   
535400.1355     15.7078   3.3044   
535400.2355     16.0308   3.4351   
535400.4355     16.1562   3.5092   
535400.5355     16.2497   3.4899   
535400.6355     16.1863   3.5165   
535400.8355     15.9358   3.4044   
535400.9355     15.6875   3.3460   
535401.1355     15.5672   3.3044   
535401.2355     15.4129   3.2848   
535401.4355     15.4965   3.8060   
535401.5355     15.1674   4.1498   
535401.6355     15.5976   4.7097   
535401.8355     15.4443   4.4356   
535401.9355     15.2193   3.7252   
535402.0355     15.7651   3.4281   
535402.1355     15.5022   3.2738   
535402.3355     15.6091   3.3725   
535402.5355     16.0333   3.6039   
535402.6355     16.1619   3.7200   
535402.7355     16.0026   3.6361   
535402.9380     15.4238   3.5201   
535403.0380     15.7903   3.5815   
535403.1380     16.1978   3.6232   
535403.2380     16.4326   3.5885   
535403.3380     16.5881   3.5747   
535403.4380     16.3604   3.4705   
535403.6380     16.3964   3.4910   
535403.7380     16.4817   3.3617   
535403.8380     16.5656   3.3509   
535403.9380     16.6120   3.4457   
535404.0380     16.0484   3.5817   
535404.1380     16.2143   3.6466   
535404.2380     16.4766   3.7596   
535404.3380     16.6236   3.8674   
535404.5380     16.4095   3.8637   
535404.6380     16.1370   3.6962   
535404.7380     16.3064   3.6298   
535404.8380     16.4651   3.5729   
535404.9380     16.2141   3.5186   
535405.0380     15.9652   3.5224   
535405.2380     16.0053   3.8689   
535405.3380     15.7866   3.7506   
535405.4380     15.9366   3.5717   
535405.6380     16.3488   3.6542   
535405.6380     16.2237   3.6581   
535405.7380     16.0711   3.4249   
535405.8380     16.1129   3.5022   
535405.9380     15.9257   3.5995   
535406.0380     15.6134   3.6344   
535406.1380     14.9273   3.5581   
535406.2380     14.9497   3.6966   
535406.3380     14.9128   3.6701   
535406.4380     14.6764   3.5910   
535406.5380     14.6086   3.5974   
535406.6380     14.5454   3.6653   
535406.7380     14.3215   3.6214   
535406.8380     13.9942   3.3237   
535406.9380     13.5711   3.1327   
535406.9380     13.3912   3.1443   
535407.0380     13.4283   3.0828   
535407.1380     12.9014   2.7427   
535407.2380     12.9869   2.6831   
535407.3380     13.1138   2.6606   
535407.4380     13.7103   2.8844   
535407.5380     14.3755   3.2205   
535407.6380     14.5047   3.3970   
535407.6380     13.9623   3.2689   
535407.7380     14.2460   3.3072   
535407.8380     14.8700   3.4339   
535407.9380     14.3635   3.3363   
535408.1381     13.6582   3.3319   
535408.2380     13.9424   3.6534   
535408.3380     14.1470   3.8728   
535408.4380     13.7498   3.9324   
535408.5380     14.1001   3.8594   
535408.6380     14.4376   3.7482   
535408.8380     14.5765   3.7702   
535409.0380     14.5667   3.4909   
535409.1380     14.6481   3.3542   
535409.2380     14.6565   3.2847   
535409.3380     14.3373   3.3774   
535409.4380     14.1346   3.3656   
535409.5380     14.2147   3.3194   
535409.6380     14.2390   3.3215   
535409.8380     14.3608   3.2921   
535409.9380     14.4029   3.2505   
535410.2380     14.4977   3.5297   
535410.4380     14.5156   3.4212   
535410.4380     13.9818   3.2809   
535410.6381     13.8831   3.1132   
535410.7380     13.8149   3.0253   
535410.9380     13.9127   3.0544   
535411.0380     13.7862   3.0108   
535411.2380     13.7124   3.0229   
535411.3387     13.8714   3.1689   
535411.4380     13.9672   3.1576   
535411.6380     14.0129   3.0274   
535411.7380     14.0168   3.1626   
535411.9380     14.0492   3.3439   
535412.0380     13.3871   3.5855   
535412.2380     13.4583   3.4851   
535412.3380     13.3657   3.2103   
535412.4380     13.6667   3.1563   
535412.6830     13.8746   2.9633   
535412.7830     14.2416   3.0891   
535412.8830     14.1789   3.1750   
535413.1830     13.5428   3.4668   
535413.4830     13.2154   2.9905   
535413.5830     13.1276   2.7205   
535413.7836     13.1859   2.6514   
535413.8830     12.4413   3.0038   
535414.1830     12.2120   3.1304   
535414.2830     11.9557   3.1402   
535414.4830     12.2599   2.6875   
535414.5830     11.9405   2.4107   
535414.7830     12.3646   2.1829   
535414.9830     12.3910   2.7340   
535415.1830     12.0235   2.9241   
535415.4830     11.6036   2.7121   
535415.6835     11.8079   2.6229   
535415.7836     11.6955   2.6888   
535415.9830     11.7434   2.6945   
535416.0830     11.2261   2.6237   
535416.2830     11.2748   2.3827   
535416.3830     11.4989   2.5010   
535416.5830     11.3829   2.5824   
535416.6830     11.6291   2.5133   
535416.7830     11.2446   2.4878   
535416.8830     11.3223   2.4591   
535417.0829     11.4406   2.5120   
535417.1830     11.5510   2.4712   
535417.2830     11.6793   2.4811   
535417.3830     11.0047   2.5427   
535417.4830     10.8469   2.5023   
535417.6830     11.1300   2.6558   
535417.7830     11.2344   2.6102   
535417.8830     11.2757   2.5052   
535417.9830     11.0189   2.3448   
535418.0830     11.0420   2.2699   
535418.1830     10.9891   2.2627   
535418.2833     11.1036   2.3663   
535418.4830     11.2436   2.5252   
535418.5830     11.2130   2.4737   
535418.6830     11.3879   2.4137   
535418.7830     11.3450   2.4194   
535418.8830     11.0763   2.3492   
535418.9830     11.0159   2.3104   
535419.0830     10.2568   2.2471   
535419.1836     10.0731   2.2351   
535419.3830     9.8888    2.2581   
535419.3830     9.8744    2.2505   
535419.4830     10.0594   2.4164   
535419.5830     9.9536    2.2646   
535419.7830     9.7741    2.1134   
535419.8830     9.7541    2.1846   
535419.9830     9.7580    2.3653   
535420.1830     9.8103    2.5808   
535420.2830     9.9442    2.6918   
535420.3830     9.3221    2.5167   
535420.4830     9.1032    2.2045   
535420.7830     9.5162    2.0236   
535420.8830     9.7612    2.0286   
535420.9830     9.5187    2.1225   
535421.0830     9.3361    2.1649   
535421.1830     9.3464    2.0574   
535421.2830     9.2127    1.9080   
535421.3830     9.1214    1.7624   
535421.4830     8.8224    1.6598   
535421.5825     8.7559    1.7193   
535421.6825     8.3313    1.8207   
535421.7825     8.2301    1.9795   
535421.8825     8.3336    1.7558   
535421.9825     8.5202    1.7534   
535421.9825     8.3766    1.9071   
535422.1825     8.5551    1.3665   
535422.2825     8.9466    1.4577   
535422.3825     8.8845    1.4596   
535422.4775     8.8442    1.3961   
535422.5775     8.6207    1.4456   
535422.6775     8.4741    1.6734   
535422.7775     8.7240    1.5835   
535422.8775     8.9492    1.5247   
535422.9775     8.9015    1.3921   
535423.0775     8.7565    1.6076   
535423.0775     8.3055    1.5019   
535423.2225     8.3182    1.6701   
535423.3225     8.6007    1.5201   
535423.4225     8.7452    1.5360   
535423.5225     8.8027    1.5856   
535423.6225     8.9419    1.6522   
535423.7225     8.7690    1.5755   
535423.8225     8.7481    1.6186   
535423.8225     8.5080    1.6512   
535423.9225     8.7024    1.5678   
535424.0225     8.9510    1.6781   
535424.1225     8.8704    1.6222   
535424.2224     8.5892    1.4703   
535424.3225     8.5935    1.3850   
535424.4234     8.7145    1.1292   
535424.4234     8.6538    1.1211   
535424.5225     8.4113    0.9912   
535424.6225     8.5066    0.8948   
535424.7225     8.6246    0.8560   
535424.8235     8.4433    0.9195   
535424.9225     8.2982    1.1494   
535425.0227     8.0904    1.3491   
535425.1225     8.1899    1.1763   
535425.2225     8.5993    1.0795   
535425.3231     9.3535    1.2255   
535425.3231     9.3785    1.3202   
535425.4225     9.3995    1.6966   
535425.5225     9.6483    1.8956   
535425.6225     9.9893    2.0816   
535425.7232     9.9715    2.1657   
535425.8225     9.4898    2.0363   
535425.9226     9.6167    1.9248   
535426.0227     9.8509    2.1458   
535426.1227     9.9313    2.2583   
535426.2227     9.5300    2.4020   
535426.2227     9.0382    2.3162   
535426.4227     8.7752    1.8341   
535426.5227     8.4753    1.5600   
535426.6227     8.2579    1.4737   
535426.7227     8.2217    1.4190   
535426.8227     8.4697    1.3350   
535426.9227     8.3059    1.2166   
535427.0227     8.1074    1.0963   
535427.1226     8.2131    0.9820   
535427.2227     8.1319    0.9230   
535427.3227     8.1757    0.8753   
535427.4228     7.9704    0.8423   
535427.5227     7.7556    0.9719   
535427.6227     7.4363    1.0842   
535427.7227     7.7098    0.8772   
535427.8227     7.8162    0.6899   
535427.9226     7.8691    0.9272   
535428.0227     7.8185    0.9579   
535428.0227     7.6466    0.9068   
535428.1227     7.5584    0.8129   
535428.2227     7.7253    0.7449   
535428.3227     8.0203    0.9032   
535428.4226     8.1985    1.2916   
535428.5227     8.4305    1.2409   
535428.6227     8.2384    1.1086   
535428.7226     7.7806    0.9087   
535428.7226     7.5577    0.8536   
535428.8227     7.8087    0.8135   
535428.9227     8.2507    0.9068   
535429.0226     8.5212    0.7338   
535429.0226     8.7777    0.8050   
535429.1227     8.6308    0.5702   
535429.2227     8.5848    0.6408   
535429.3227     8.8528    0.8615   
535429.4227     8.5456    0.7708   
535429.4227     8.5757    0.8198   
535429.5227     8.3923    1.0500   
535429.6227     8.0236    1.0293   
535429.6227     7.8686    1.0189   
535429.7239     8.3100    0.7815   
535429.8227     8.6723    1.0498   
535429.9226     8.1880    1.0572   
535429.9226     7.6159    1.0845   
535430.0227     7.7223    0.5954   
535430.1240     8.3366    0.4780   
535430.2227     9.0739    0.6044   
535430.2227     8.9756    0.6791   
535430.3226     7.8585    1.2054   
535430.4227     7.3732    1.4088   
535430.5227     7.8812    1.0235   
535430.5227     8.4665    1.0300   
535430.6227     8.6921    1.3976   
535430.7226     8.5379    1.5204   
535430.8226     8.0729    1.6992   
535430.8226     8.2180    1.7251   
535430.9227     8.6136    1.7830   
535431.0226     8.9754    1.9272   
535431.1227     8.5556    1.9794   
535431.2227     8.3170    1.9374   
535431.3227     8.1011    1.7346   
535431.3227     8.3486    1.5687   
535431.4227     8.4659    1.7865   
535431.5227     8.6239    2.0307   
535431.6227     8.6508    2.3843   
535431.7227     8.1871    2.4696   
535431.7227     7.9274    2.2702   
535431.8227     8.0230    2.3361   
535431.9226     8.2206    2.5716   
535432.0227     8.0917    2.8058   
535432.1226     8.3252    3.0864   
535432.1226     8.4204    3.2283   
535432.2227     8.0581    2.9108   
535432.3226     8.3992    2.3454   
535432.5227     8.4165    1.8340   
535432.6227     7.2565    1.6720   
535432.7227     6.8533    2.1131   
535432.8227     6.9810    2.5931   
535432.8227     7.2502    2.6820   
535432.9226     8.3341    2.9166   
535433.0227     9.4839    2.4595   
535433.1227     9.1165    1.7197   
535433.2226     9.2577    1.4626   
535433.3227     7.2270    1.7930   
535433.4226     7.7719    1.5955   
535433.5227     7.8947    1.7953   
535433.5227     8.2906    2.0063   
535433.7227     8.9224    1.7659   
535433.8227     9.8466    1.6023   
535433.9227     9.1154    1.4389   
535434.0227     7.7774    1.3173   
535434.1227     7.6328    1.3195   
535434.1227     7.9492    1.1375   
535434.2227     7.8632    1.2106   
535434.3226     7.9316    1.2156   
535434.4226     8.3474    1.0857   
535434.5226     8.4564    1.1728   
535434.6227     7.9025    1.1227   
535434.6227     7.8223    1.0878   
535434.7227     8.0517    0.9892   
535434.8226     8.1594    0.9217   
535434.9227     7.5981    0.9864   
535435.0227     7.3211    1.0592   
535435.1227     7.2880    0.9831   
535435.1227     7.3503    1.0036   
535435.2227     7.4242    1.1408   
535435.3226     7.4634    1.2066   
535435.4227     7.7211    1.0528   
535435.4227     7.5490    1.1080   
535435.5227     6.5521    1.3599   
535435.6227     6.0210    1.4896   
535435.6227     6.1257    1.2226   
535435.7226     6.5312    0.9696   
535435.8226     6.7951    0.7850   
535435.8226     6.3851    0.9944   
535435.9227     6.1702    1.0057   
535436.0227     6.2094    0.9610   
535436.0227     6.3421    0.8303   
535436.1227     6.3743    0.8821   
535436.2227     6.0596    1.0374   
535436.3227     6.0545    1.2188   
535436.4227     5.9514    1.1951   
535436.4227     5.8046    1.3294   
535436.5227     5.6226    1.3591   
535436.6227     5.5594    1.1972   
535436.7230     5.9170    1.1985   
535436.7230     6.1942    0.9481   
535436.8234     5.4765    1.3427   
535436.9231     5.1621    1.4720   
535436.9231     5.1711    1.2485   
535437.1228     5.7413    1.1986   
535437.1228     6.1458    1.1672   
535437.2227     6.1364    2.2089   
535437.2227     5.7112    2.3923   
535437.3227     5.4799    2.8749   
535437.3227     5.0639    2.8906   
535437.4227     5.2612    3.0899   
535437.5227     5.5714    2.7517   
535437.5227     5.1677    2.7218   
535437.6236     5.0971    2.1005   
535437.6236     5.0599    2.0803   
535437.6236     4.8990    2.1212   
535437.7227     5.6019    1.8841   
535437.7227     5.6361    1.7860   
535437.8235     6.6563    1.4879   
535437.9227     6.5677    0.9303   
535437.9227     7.0496    0.9485   
535438.0227     7.7098    1.0275   
535438.0227     7.2040    1.0430   
535438.1227     4.9649    1.4075   
535438.2227     4.8675    1.9100   
535438.2227     5.5886    1.9078   
535438.3227     6.6752    3.4022   
535438.3227     6.8378    3.1206   
535438.4227     7.3407    2.2458   
535438.4227     7.3707    1.7591   
535438.5226     6.2398    1.9644   
535438.6227     6.2367    2.3894   
535438.7227     6.1919    2.6535   
535438.7227     6.3881    2.6055   
535438.8227     7.1161    2.5977   
535438.8227     7.3609    2.5622   
535439.0227     6.4325    2.4489   
535439.1227     5.9827    2.4623   
535439.1227     6.0976    2.3715   
535439.3227     6.3054    1.3427   
535439.4227     5.9065    0.9277   
535439.5227     5.6040    1.6423   
535439.6227     5.7422    1.6812   
535439.7227     6.4706    1.5759   
535439.8227     5.8448    1.3248   
535439.9226     5.6291    1.4640   
535440.0227     5.4928    1.3962   
535440.1234     4.3237    1.2441   
535440.1234     4.1618    1.1761   
535440.2227     6.2207    1.4488   
535440.3227     5.4166    1.4107   
535440.4226     5.6358    1.6964   
535440.5227     5.9888    1.1675   
535440.5227     5.8332    1.2113   
535440.6227     5.4952    1.1176   
535440.6227     5.5339    1.1389   
535440.7227     5.7206    0.9368   
535440.8226     5.3729    1.0473   
535440.8226     5.5473    0.7720   
535440.9227     5.8415    0.6434   
535441.0227     5.0971    0.8440   
535441.1227     4.3441    0.8312   
535441.2227     4.5425    0.4667   
535441.2227     5.1418    0.3861   
535441.3227     5.6618    0.4621   
535441.3227     5.8344    0.4367   
535441.3227     5.8950    0.5669   
535441.4227     5.2059    0.3863   
535441.5227     4.9981    0.3299   
535441.6227     5.1742    0.3783   
535441.7227     5.3661    0.5471   
535441.8228     5.1360    0.6344   
535441.8228     4.9850    0.6628   
535441.9227     4.9078    0.6068   
535441.9227     5.1770    0.5146   
535442.0226     19.1857   1.7892   
535442.1227     19.3187   2.0483   
535442.2227     19.4922   2.1210   
535442.2227     19.5275   1.9787   
535442.3226     35.9025   1.6732   
535442.3226     35.9059   1.6684   
535442.4227     43.3745   2.4918   
535442.5227     43.6464   2.4803   
535442.5227     43.5701   2.4860   
535442.6215     48.7826   1.9644   
535442.6215     48.7804   1.7500   
535442.8177     52.0169   2.2309   
535442.8177     52.0330   2.3956   
535442.9177     62.7141   1.4303   
535443.0177     67.9415   1.6013   
535443.0627     68.1187   1.6382   
535443.1627     68.4957   2.0259   
535443.2627     68.8402   1.9635   
535443.3627     70.8206   1.9029   
535443.3627     70.8389   1.9203   
535443.4627     67.7408   2.2013   
535443.4627     67.7796   2.1305   
535443.5627     68.1537   2.1544   
535443.6627     68.4742   2.3044   
535443.7627     56.9547   2.1804   
535443.7627     56.9160   2.2347   
535443.8627     57.2072   2.2308   
535443.9627     57.7001   2.3251   
535444.0627     58.0325   2.4981   
535444.0627     58.0587   2.5159   
535444.1627     53.5682   2.6619   
535444.1627     53.5689   2.6003   
535444.2627     53.6976   2.8962   
535444.3627     54.0483   3.0065   
535444.4626     57.5205   3.3483   
535444.5627     57.8246   3.4759   
535444.6627     58.3572   3.5074   
535444.7627     58.6992   3.7925   
535444.9627     59.3276   3.3860   
535445.0627     60.2991   3.2272   
535445.1627     61.1847   3.2067   
535445.2627     61.5468   3.3071   
535445.3628     60.6287   3.3595   
535445.4632     56.7938   3.0468   
535445.5627     57.7029   2.8359   
535445.6627     58.0137   2.4157   
535445.6627     58.0465   2.5232   
535445.7627     58.3791   2.5698   
535445.7627     58.0235   2.4644   
535445.8627     57.9373   2.5608   
535445.9627     58.2669   2.5160   
535446.0627     58.7010   2.2374   
535446.0627     58.7732   2.2676   
535446.1627     59.0664   2.3790   
535446.2627     58.8505   2.1867   
535446.3627     59.5403   2.1752   
535446.4627     61.1546   2.0407   
535446.5627     62.3911   2.1732   
535446.6627     62.6514   2.3480   
535446.6627     62.1731   2.4827   
535446.7629     61.7524   2.2372   
535446.8627     61.0012   2.3136   
535446.8627     61.0540   2.3141   
535446.9627     61.1873   2.6063   
535447.0627     61.7624   2.7299   
535447.0627     61.8427   2.6555   
535447.1632     62.1634   2.6746   
535447.1632     61.9411   2.7027   
535447.2631     62.2214   2.7029   
535447.3627     66.0350   3.2364   
535447.4150     71.8396   2.7916   
535447.4150     71.6975   2.6709   
535447.5638     71.9904   2.7545   
535447.5638     71.9161   3.0214   
535447.8627     71.8289   2.7910   
535447.9627     71.6665   2.4041   
535448.2627     74.2865   2.1234   
535448.3627     74.6618   2.2542   
535448.4627     74.8974   2.3696   
535448.6627     72.7575   2.3162   
535448.9635     75.3617   2.1778   
535449.1635     76.6472   1.9654   
535449.6635     81.5861   2.3033   
535449.7635     81.8527   2.2193   
535449.8635     82.1344   2.1484   
535450.0635     80.0422   2.3876   
535450.2635     81.0982   2.7431   
535450.5635     83.0678   2.4046   
535450.6635     83.3134   2.3063   
535450.7635     83.5333   2.2629   
535450.8635     83.7447   2.3259   
535450.9635     84.3467   2.5574   
535451.1635     84.8563   2.4807   
535451.2635     84.5884   2.4184   
535451.4635     85.0281   2.3850   
535451.7635     84.1322   2.6484   
535451.7635     83.6359   2.8358   
535451.8635     83.8739   2.7442   
535452.0635     84.8247   2.7286   
535452.2635     83.1667   2.2970   
535452.3625     83.3983   2.3209   
535452.4585     83.1831   2.5140   
535452.5585     76.8924   2.5689   
535452.6585     77.0611   2.6001   
535452.8585     77.3630   2.5437   
535453.6585     25.5285   2.1742   
535454.2600     48.5594   2.9229   
535454.2600     48.6414   2.8552   
535454.3585     48.9767   2.8835   
535454.4587     48.6889   2.4807   
535454.6585     50.7359   2.6101   
535455.1585     46.6571   2.6189   
535455.3589     46.9616   3.0843   
535455.4585     45.7585   2.5140   
535457.4585     32.6890   5.2607   
535457.5602     33.0313   5.7883   
535457.7608     32.0802   5.4627   
535457.9609     32.4476   7.6270   
535459.2608     27.4076   8.1082   
535459.4608     27.5375   10.4023  
535459.6608     27.4709   11.1344  
535459.9608     28.8326   11.1185  
535460.0608     28.9754   11.1607  
535460.2609     29.1588   10.1071  
535460.5608     12.2300   8.5821   
535460.6609     12.1829   8.6204   
535460.9609     12.2542   7.7977   
535461.0609     17.3102   8.1168   
535461.2609     22.8228   7.5303   
535461.4608     23.5060   7.2463   
535461.9609     31.7300   6.8121   
535462.4609     28.3859   6.1612   
535462.6609     28.1269   5.8553   
535462.7609     27.8941   5.4771   
535464.1049     19.8612   6.4553   
535464.2049     19.9541   6.6052   
535464.2549     14.7640   6.3794   
535464.6549     18.6112   6.5900   
535469.3049     74.0943   6.3588   
535469.5049     74.1190   6.0140   
535469.7549     74.0762   5.9857   
535469.9549     73.9001   6.0611   
535471.7999     77.3072   4.7927   
535471.9999     77.4499   4.6376   
