535174.0619     10.2953   6.1907   
535174.0619     10.3159   6.1717   
535174.0619     10.3025   6.1343   
535174.0619     10.2362   6.0393   
535174.0619     10.2781   6.0047   
535174.1619     10.3579   5.8989   
535174.1619     10.3527   5.8706   
535174.1619     10.3721   5.8829   
535174.1619     10.3692   5.8832   
535174.1619     10.3876   5.8608   
535174.4619     9.5931    5.6111   
535174.4619     9.5687    5.5992   
535174.4619     9.3064    5.3820   
535174.5619     9.0747    5.1934   
535174.5619     8.7967    5.0645   
535174.5619     8.5299    4.9837   
535174.6619     8.4762    4.9068   
535174.6619     8.3693    4.7324   
535174.7620     8.3804    4.4183   
535174.7620     8.2508    4.0983   
535174.8620     2.4724    2.0276   
535174.8620     8.7597    4.4327   
535174.9619     8.7762    4.4908   
535174.9619     8.5936    4.3347   
535174.9619     8.5789    4.3274   
535175.0619     8.5130    4.2211   
535175.0619     8.4910    4.1789   
535175.0619     8.5337    4.2896   
535175.1619     8.5085    4.2003   
535175.1619     8.5288    4.1366   
535175.2619     7.1548    2.6875   
535175.2619     7.1016    2.7222   
535175.2619     6.9612    2.6664   
535175.3619     7.2064    2.5227   
535175.3619     7.1556    2.4994   
535175.3619     7.7892    3.2051   
535175.4619     7.1583    2.9035   
535175.4619     7.1407    2.8541   
535175.4619     6.9480    2.6490   
535175.5620     6.9343    2.3857   
535175.5620     6.8225    2.1353   
535175.6619     6.7364    2.0398   
535175.6619     6.7092    2.1005   
535175.7619     6.7070    2.0396   
535175.7619     6.9531    2.1118   
535175.8619     6.8554    1.8295   
535175.8619     7.0480    2.0092   
535175.9619     7.0810    1.7682   
535175.9619     6.9349    1.6715   
535176.0620     6.9418    1.4622   
535176.0620     6.9174    1.4116   
535176.1619     6.9361    1.1887   
535176.1619     6.9358    1.2080   
535176.2629     7.4464    1.6100   
535176.2629     7.6870    1.8026   
535176.3619     8.2115    2.1578   
535176.4620     8.6596    2.5317   
535176.4620     8.6223    2.5160   
535176.5600     8.7715    2.9760   
535176.6601     9.1862    2.9516   
535176.7601     9.2164    2.2662   
535176.7601     9.1543    2.1967   
535176.8601     9.0664    2.0491   
535176.8601     9.0965    2.0709   
535176.9601     9.0552    2.1511   
535177.0601     9.1607    2.2824   
535177.0601     9.1855    2.2923   
535177.1601     9.2148    2.2788   
535177.1601     9.2921    2.3267   
535177.2609     9.7344    2.5943   
535177.2609     9.7665    2.6019   
535177.3601     8.7666    1.5424   
535177.4602     9.4590    2.0274   
535177.4602     9.4312    2.0058   
535177.5614     9.5287    2.0537   
535177.5614     9.4490    2.0063   
535177.6617     9.4898    1.9763   
535177.6617     9.4734    1.9716   
535177.7601     9.5721    1.9498   
535177.7601     9.5670    1.9548   
535177.7601     9.5519    1.9607   
535177.8601     9.6192    1.9892   
535177.8601     9.6304    2.0169   
535177.9601     9.6542    2.1136   
535177.9601     9.6391    2.1262   
535178.0601     9.6855    2.2135   
535178.0601     9.6665    2.2006   
535178.0601     9.7020    2.2071   
535178.1552     9.6943    2.4597   
535178.1552     9.6129    2.4015   
535178.1552     9.6211    2.4184   
535178.2551     8.5461    1.4054   
535178.2551     8.5730    1.4260   
535178.2551     8.5642    1.4290   
535178.2551     8.5166    1.4054   
535178.3551     8.8710    1.5673   
535178.3551     8.8737    1.5710   
535178.3551     8.8920    1.5747   
535178.3551     8.8712    1.5666   
535178.4551     9.3663    2.0040   
535178.4551     9.3445    1.9844   
535178.4551     9.3889    2.0150   
535178.5551     9.6926    2.2138   
535178.5551     9.6619    2.1997   
535178.6551     9.6338    2.0800   
535178.6551     9.6312    2.0852   
535178.7551     9.6255    1.9627   
535178.7551     9.6184    1.9767   
535178.8551     9.7108    2.1203   
535178.8551     9.7395    2.1538   
535178.9551     9.6985    2.0515   
535178.9551     9.7231    2.0824   
535179.0556     9.7466    2.0966   
535179.0556     9.7644    2.1137   
535179.1551     9.6928    2.0704   
535179.1551     9.7250    2.1108   
535179.2551     8.4117    1.4277   
535179.2551     8.4257    1.4714   
535179.3553     8.4475    1.5745   
535179.3553     8.4054    1.5778   
535179.4551     8.3918    1.7024   
535179.4551     8.3739    1.6958   
535179.5551     8.2957    1.7685   
535179.5551     8.2202    1.7169   
535179.6551     8.2171    1.7500   
535179.6551     8.2441    1.7832   
535179.7573     8.1953    1.8884   
535179.7573     8.1989    1.9169   
535179.8551     8.2309    2.0976   
535179.8551     8.2339    2.1067   
535179.9551     8.1798    2.1460   
535179.9551     8.1669    2.1420   
535179.9551     8.0214    2.0324   
535180.0551     8.0158    2.0503   
535180.0551     7.9872    2.0254   
535180.0551     7.9876    2.0271   
535180.1551     7.9806    2.1090   
535180.1551     7.9127    2.0793   
535180.1551     7.9451    2.1144   
535180.2551     8.2294    2.5099   
535180.2551     8.2479    2.5198   
535180.2551     8.2742    2.5398   
535180.3551     8.2676    2.5913   
535180.3551     8.2145    2.5568   
535180.3551     8.2527    2.5955   
535180.4551     8.2343    2.6792   
535180.4551     8.2003    2.6581   
535180.5551     8.1785    2.6683   
535180.5551     8.1555    2.6589   
535180.6559     8.1136    2.6133   
535180.6559     8.1082    2.6158   
535180.6559     8.1293    2.6387   
535180.7551     8.1297    2.6186   
535180.7551     8.1165    2.6118   
535180.8553     8.0692    2.6382   
535180.8553     8.0545    2.6390   
535180.8553     8.0607    2.6481   
535180.9551     8.1202    2.8125   
535180.9551     8.1797    2.9659   
535180.9551     8.0248    2.9636   
535181.0551     7.8425    2.8640   
535181.0551     7.8170    2.9041   
535181.0551     7.7045    2.9741   
535181.1551     7.8954    3.1603   
535181.1551     7.2712    2.9725   
535181.1551     7.1615    2.9506   
535181.1551     7.3128    2.9553   
535181.1551     7.4207    2.8109   
535181.2551     6.9078    2.0664   
535181.2551     7.0823    2.1170   
535181.2551     7.3007    2.2729   
535181.2551     7.1060    2.1478   
535181.3551     7.0196    2.0996   
535181.3551     7.2396    2.2678   
535181.3551     7.2048    2.2318   
535181.3551     7.0750    2.1232   
535181.4554     7.0515    2.1146   
535181.4554     7.1000    2.1538   
535181.4554     6.9824    2.0717   
535181.5551     6.9287    2.0763   
535181.5551     7.0301    2.1566   
535181.5551     6.9881    2.1283   
535181.6554     6.8611    2.0848   
535181.6554     6.8972    2.1184   
535181.6554     6.9402    2.1600   
535181.7551     6.7696    2.0940   
535181.7551     6.7627    2.0929   
535181.7551     6.8082    2.1319   
535181.8551     6.6815    2.0527   
535181.8551     6.6535    2.0285   
535181.8551     6.7077    2.0705   
535181.9553     6.7069    2.0708   
535181.9553     6.6219    2.0192   
535181.9553     6.6251    2.0218   
535182.0551     6.6404    2.0167   
535182.0551     6.6875    2.0593   
535182.0551     6.7699    2.1099   
535182.0551     6.8112    2.1190   
535182.1551     6.6785    2.0418   
535182.1551     6.6099    1.9880   
535182.1551     6.6592    2.0371   
535182.1551     6.6682    2.0557   
535182.1551     6.6382    2.0356   
535182.2551     6.6804    2.0419   
535182.2551     6.7480    2.1007   
535182.2551     6.7051    2.0450   
535182.2551     6.6912    2.0015   
535182.2551     6.7099    2.0011   
535182.2551     6.6233    1.9592   
535182.3551     6.8873    2.1116   
535182.3551     7.1508    2.3328   
535182.3551     7.1401    2.4193   
535182.4551     6.4632    2.1942   
535182.4551     6.5585    2.4730   
535182.5551     6.6927    2.5997   
535182.6551     6.2015    2.1411   
535182.6551     5.5074    1.6016   
535182.7551     5.7093    1.8186   
535182.7551     5.5645    1.5824   
535182.8551     4.6553    1.1372   
535182.9551     4.6964    1.2046   
535182.9551     4.7437    1.1337   
535183.1001     4.3131    0.7442   
535183.1001     4.3055    0.5696   
535183.1001     4.4420    0.5762   
535183.2001     4.4781    0.4829   
535183.2001     4.3126    0.5799   
535183.3001     4.2661    0.5434   
535183.3001     4.2290    0.5068   
535183.4001     3.8577    0.6606   
535183.5001     3.6543    0.7797   
535183.5001     3.5981    0.8136   
535183.6001     3.4154    0.9280   
535183.6001     3.2632    1.0150   
535183.7001     3.0300    1.0311   
535183.7001     2.6596    1.4150   
535183.8001     2.9598    1.5510   
535183.9001     3.4206    1.8847   
535183.9001     2.9447    2.0766   
535184.0001     2.3898    1.9628   
535184.0001     2.6806    1.8009   
535184.1001     2.9252    2.0461   
535184.1001     2.9562    2.5912   
535184.2001     2.9694    2.4777   
535184.2001     3.0367    2.1383   
535184.3001     2.9742    2.3961   
535184.3001     2.7586    2.4342   
535184.3001     2.7886    2.3465   
535184.4001     2.7637    2.4535   
535184.5001     2.7234    2.4430   
535184.5001     2.6748    2.4744   
535184.6001     2.6016    2.3620   
535184.6001     2.5333    2.3714   
535184.7001     2.4362    2.4004   
535184.7001     2.4299    2.5763   
535184.7951     2.4559    2.5097   
535184.8951     2.3710    2.4006   
535184.8951     2.6180    2.2170   
535184.9951     2.4908    2.3932   
535184.9951     2.2972    2.5694   
535185.0951     2.6588    2.6727   
535185.0951     2.9359    2.8989   
535185.1951     2.9044    2.8314   
535185.1951     2.9979    3.1352   
535185.2960     4.5131    3.7944   
535185.2960     4.6796    3.8050   
535185.3951     4.1104    3.3911   
535185.3951     3.3305    3.1833   
535185.4951     2.9224    3.2002   
535185.5951     2.8669    3.2005   
535185.5951     2.8288    3.1345   
535185.6951     2.6711    3.1118   
535185.7951     1.9360    2.9726   
535185.7951     1.2732    2.9466   
535185.8951     1.6125    3.0689   
535185.9951     1.3658    3.4331   
535185.9951     0.8784    3.6512   
535186.1431     1.3388    3.0339   
535186.1431     1.6917    2.6057   
535186.2431     1.4439    2.3966   
535186.3431     1.2996    2.8783   
535186.4431     1.5881    2.9587   
535186.4431     1.6835    2.8429   
535186.5431     1.5182    2.6564   
535186.5950     1.2702    2.6660   
535186.7431     1.2711    2.5630   
535186.8431     1.1376    2.7161   
535186.9431     1.1153    2.6096   
535187.0431     1.0736    2.6298   
535187.1431     1.0185    2.7472   
535187.2431     1.0794    2.4558   
535187.3381     0.9949    2.5000   
535187.3381     0.9849    2.4185   
535187.4381     0.9696    2.4054   
535187.5831     0.9179    2.5322   
535187.6831     0.9213    2.5021   
535187.7831     1.0317    2.4240   
535187.8831     1.0665    2.4944   
535187.9831     0.9936    2.4769   
535188.0835     0.9725    2.5196   
535188.1835     0.9976    2.3176   
535188.2835     0.9607    2.3607   
535188.3835     0.9873    2.5622   
535188.4835     0.9537    2.6638   
535188.6344     0.7157    2.7166   
535188.6835     0.7193    2.6882   
535188.7835     0.7595    2.5558   
535188.8835     0.7536    2.5177   
535188.9835     0.7773    2.4738   
535189.0835     0.9404    2.3710   
535189.1835     0.9948    2.2811   
535189.2837     0.9779    2.1483   
535189.3835     0.9515    2.0587   
535189.4835     1.0101    1.9471   
535189.5835     1.0829    1.9116   
535189.6836     1.1843    2.0229   
535189.7835     1.2320    2.0290   
535189.8835     1.3916    1.9092   
535189.9835     1.4164    1.8376   
535190.0835     1.3897    1.8635   
535190.1837     1.2699    1.9523   
535190.2835     1.3813    1.9577   
535190.3838     1.4488    1.7801   
535190.4835     1.5101    1.7719   
535190.6835     1.7661    2.0025   
535190.7835     1.4424    1.6781   
535190.8835     1.1817    1.9289   
535190.9835     1.1724    2.0730   
535191.0835     1.2276    2.0403   
535191.1835     1.2723    1.9915   
535191.2835     1.3198    2.1129   
535191.4835     1.6745    2.1138   
535191.5835     1.4762    2.1067   
535191.5835     1.5530    2.1873   
535191.6835     1.6259    2.1156   
535191.6835     1.6742    2.2483   
535191.7835     1.7112    2.2071   
535191.7835     1.7280    2.1768   
535191.8835     1.7372    2.0604   
535191.8835     1.7472    1.9675   
535191.9835     2.2439    1.8536   
535192.0835     1.8623    2.2184   
535192.1835     1.7493    2.4073   
535192.2835     1.7570    2.3566   
535192.2835     1.7528    2.2740   
535192.3835     1.8385    2.1148   
535192.5835     2.2601    1.8299   
535192.6835     2.0594    1.9600   
535192.7346     2.1245    1.9692   
535192.7835     2.1544    1.9437   
535192.8835     2.2592    1.9349   
535192.8835     2.2991    1.9461   
535192.9835     2.4182    1.8980   
535193.0835     3.1755    1.8269   
535193.1835     2.6482    1.7250   
535193.2835     2.6727    1.7031   
535193.3351     2.6992    1.6724   
535193.3835     2.7297    1.6976   
535193.4835     2.8183    1.7293   
535193.9835     3.2208    2.0597   
535194.0835     2.8773    1.8588   
535194.1835     2.8483    1.8647   
535194.2835     2.7610    1.6312   
535194.3835     2.7841    1.4784   
535194.6836     3.0090    1.2774   
535194.7835     3.2000    1.5184   
535194.8835     3.3014    1.7818   
535194.9835     3.4134    1.9840   
535195.1835     4.6962    2.6503   
535195.3835     3.9493    2.3585   
535195.4835     3.9930    2.2455   
535195.6835     4.0605    2.3869   
535195.8836     4.9506    2.6023   
535195.9836     4.5380    2.3017   
535196.0835     4.8633    2.5271   
535196.1835     5.1092    2.8792   
535196.2835     5.5716    2.9796   
535196.4835     7.6611    4.3117   
535196.5836     6.9216    3.9391   
535196.6835     6.3206    3.6630   
535196.8835     6.8411    3.9743   
535196.9848     6.7935    3.9134   
535196.9848     6.6110    3.8693   
535197.6835     7.1920    4.1052   
535197.7835     7.0769    4.0740   
535197.8835     6.5410    3.7069   
535197.9835     8.8481    4.8319   
535198.0836     8.4921    4.6807   
535198.2835     7.4006    3.9454   
535198.3835     7.4096    3.8608   
535198.4835     7.5157    3.8210   
535198.4835     7.5135    3.8081   
535198.6835     8.6372    4.5457   
535198.7835     8.4174    4.5018   
535198.7835     8.2811    4.4009   
535198.8835     8.2260    4.1921   
535199.0835     7.3754    3.6597   
535199.1835     7.5963    3.7321   
535199.1835     7.5337    3.7052   
535199.2835     7.2392    3.4726   
535199.3835     6.8810    3.3541   
535199.3835     6.8215    3.2819   
535199.4348     6.8548    3.2019   
535199.4348     6.7877    3.1528   
535199.4835     6.8439    3.1232   
535199.4835     6.8780    3.1389   
535199.4835     6.9452    3.1754   
535199.5835     6.8966    3.1914   
535199.6835     6.9333    3.1710   
535199.6835     6.8712    3.1218   
535199.6835     6.9148    3.1307   
535199.7835     7.6227    3.5525   
535199.7835     7.4743    3.4445   
535199.7835     7.5289    3.4804   
535199.8835     7.5582    3.4611   
535199.8835     7.5408    3.4471   
535199.9835     7.6212    3.5377   
535200.0835     8.0299    3.6623   
535200.0835     7.9964    3.6352   
535200.1835     7.9132    3.5534   
535200.3835     7.5885    3.4215   
535200.4835     7.5529    3.5014   
535200.4835     7.6490    3.5445   
535200.5835     7.6167    3.4364   
535200.6835     6.5584    2.9303   
535200.7835     6.7234    2.9544   
535200.9355     6.6145    2.6971   
535201.0355     6.6953    2.7639   
535201.1355     6.1736    2.4371   
535201.5356     6.0129    2.3772   
535201.6355     6.2334    2.4085   
535201.7355     6.2682    2.3555   
535202.0358     5.9863    2.3486   
535202.1355     5.9457    2.1903   
535202.2355     5.9939    2.1880   
535202.3367     5.2376    1.8165   
535202.4355     5.7525    2.0126   
535202.5356     5.8747    2.1523   
535202.6355     6.0260    2.2968   
535203.2355     6.3155    2.0255   
535203.3355     6.2234    2.0296   
535203.4355     6.3639    2.1359   
535203.5355     6.3880    2.0750   
535203.6355     6.4604    2.0983   
535204.0355     5.7962    1.8089   
535204.2355     5.3134    1.6640   
535204.3355     4.5755    1.0914   
535204.4355     5.0015    1.4299   
535204.6805     5.0053    1.1067   
535204.7805     5.1074    1.0918   
535204.9805     4.9843    1.1017   
535205.4805     5.0228    1.1875   
535205.6805     4.4263    1.2693   
535205.8805     4.0899    1.1789   
535206.0805     3.6146    0.8246   
535206.3805     3.1454    1.2396   
535206.5805     3.0713    1.1831   
535206.6805     3.0137    1.2627   
535206.8805     3.1775    1.0953   
535206.9805     3.1648    1.0927   
535207.0805     3.0255    1.3499   
535207.5805     3.2529    1.1243   
535207.9805     3.7718    1.0906   
535208.0805     3.7031    1.0751   
535208.4805     3.0223    1.1475   
535208.5805     3.0360    1.1330   
535208.7805     3.8130    1.0337   
535209.3805     2.6947    1.6988   
535209.4805     3.0066    1.6879   
535209.9805     3.6570    1.8781   
535210.0805     3.7166    1.9909   
535210.3805     3.1595    2.2048   
535210.9805     3.5428    1.8536   
535211.5805     2.7093    1.3172   
535211.9805     3.1064    1.2716   
535212.4805     1.5980    1.9964   
535212.7805     1.4811    2.0661   
535213.0755     1.4458    2.2353   
535213.5755     1.8176    1.4460   
535213.8755     2.1054    1.5543   
535214.0755     2.0753    1.6589   
535214.2755     1.0645    2.1199   
535214.4755     1.6648    2.4102   
535214.7755     1.5924    1.9705   
535215.1205     1.1727    1.9419   
535215.3205     1.0961    1.6932   
535215.8205     1.2789    1.6617   
535216.0205     1.4038    1.5046   
535216.5205     0.5966    1.0596   
535216.7205     0.3138    0.9971   
535216.9205     0.4245    0.7505   
535217.1205     0.7524    0.4711   
535217.4205     1.1520    0.3396   
535217.6205     0.8585    0.4348   
535218.0205     3.2179    1.3389   
535218.3205     1.6784    0.8099   
535218.8155     1.9915    1.4426   
535219.0157     1.7816    1.2792   
535219.2157     1.4090    1.4084   
535219.5155     1.0384    1.1179   
535219.9155     1.7251    1.5842   
535220.2156     1.5938    1.7703   
535220.4155     1.5305    1.3331   
535220.6156     1.6046    1.3156   
535220.8155     1.3003    1.2612   
535221.1155     1.4662    1.4343   
535221.3155     1.5566    1.3003   
535221.7155     4.1540    2.0505   
535222.0155     3.1342    1.8670   
535222.4155     2.0081    1.4052   
535222.7155     1.8326    1.4427   
535223.0155     2.0065    1.4031   
535223.2155     1.5066    1.4574   
535223.8155     3.2467    1.5613   
535224.0155     2.1960    1.4058   
535224.3155     1.8130    1.0555   
535224.5159     2.0058    1.2369   
535224.6155     2.0557    1.2670   
535224.8155     1.9805    1.3799   
535225.1155     1.1219    1.3078   
535225.5155     2.0637    1.1575   
535225.7162     2.1437    1.3147   
535226.4610     2.1138    0.8896   
535226.5605     2.2375    1.0057   
535226.7605     2.4409    1.2306   
535227.1605     5.3882    1.6104   
535227.3605     5.0988    1.3997   
535227.4609     5.0894    1.4562   
535227.6605     5.0445    1.6311   
535227.8605     5.0540    1.7856   
535228.1605     5.0700    1.5939   
535228.2605     5.2816    1.7390   
535228.4606     5.0809    1.4892   
535229.0606     3.4444    1.4715   
535229.3605     2.9960    1.3884   
535229.4605     3.0204    1.5101   
535229.5605     3.0679    1.5867   
535229.8605     3.0593    1.2463   
535229.9605     3.2809    1.1538   
535230.2555     5.7127    1.5738   
535230.6555     5.3230    1.3431   
535230.7555     5.3242    1.2927   
535230.8555     5.2106    1.2185   
535231.2555     5.0203    1.1314   
535231.4555     3.0245    1.0446   
535231.5555     4.3673    1.1311   
535231.6555     4.3685    1.1948   
535231.7555     4.3079    1.3309   
535231.8555     4.2730    1.2464   
535231.9555     4.1340    1.1407   
535232.0555     4.1662    1.1141   
535232.1555     4.0930    1.0689   
535232.2555     4.0807    1.0984   
535232.3555     3.8701    1.2337   
535232.4555     4.0243    1.2332   
535232.5555     4.7707    1.2753   
535232.9555     4.0458    1.3285   
535233.0555     4.0039    1.2587   
535233.1555     3.7556    1.2676   
535233.2555     3.5155    1.3257   
535233.3555     3.3849    1.5383   
535233.4555     2.9959    1.8328   
535233.6009     2.7884    2.2206   
535233.7005     2.8081    2.4998   
535233.8005     2.7217    2.5732   
535233.9005     2.6454    2.6332   
535234.2005     3.1047    2.4475   
535234.3005     2.6351    2.4129   
535234.7005     1.7726    2.2275   
535234.7964     1.8692    2.2905   
535234.8955     2.0022    2.1897   
535235.0955     1.9583    2.0583   
535235.1955     1.9022    2.0251   
535235.2955     1.6495    2.1299   
535235.3955     1.6636    2.1406   
535235.4955     1.9804    1.9271   
535235.7405     1.4319    2.0338   
535236.0405     1.6107    1.8484   
535236.1405     1.6341    1.8527   
535236.4405     1.8997    2.0778   
535236.5405     1.7616    2.0444   
535236.6405     1.7129    1.9427   
535236.7405     1.7133    2.1515   
535237.1413     2.0293    1.9329   
535237.2414     1.8506    1.8736   
535237.3413     1.7889    1.7977   
535237.4413     1.6370    1.7590   
535237.5413     1.5330    1.7612   
535237.6413     1.6439    1.8919   
535238.3413     2.6957    1.5057   
535238.4413     2.6056    1.4175   
535238.6412     3.1466    1.1915   
535238.7414     2.8756    1.2743   
535238.8413     2.6805    1.3948   
535238.9416     2.5933    1.4557   
535239.0414     2.5914    1.3719   
535239.1413     2.7457    1.5383   
535239.2413     3.0062    1.5498   
535239.8421     3.5625    1.5574   
535239.9413     3.5239    1.4815   
535240.0413     3.6065    1.4699   
535240.2413     3.8039    1.3032   
535240.4413     4.1107    1.0727   
535240.5413     3.6656    1.0182   
535240.7413     3.5784    1.1793   
535240.8413     4.1773    1.4465   
535240.9413     4.0961    1.5409   
535241.0413     4.0717    1.3386   
535241.1413     4.5642    1.0944   
535241.2413     3.9094    1.1034   
535241.3413     3.8475    1.1162   
535241.4413     4.1082    1.4650   
535241.5413     4.4508    1.8562   
535241.6413     4.1017    1.9182   
535241.7413     3.6468    1.4964   
535241.8413     4.3649    1.4186   
535242.0413     4.0336    1.8077   
535242.2413     4.1066    1.4245   
535242.4413     3.1006    1.2181   
535242.5421     3.5780    0.9454   
535242.6813     3.3110    0.8821   
535242.7813     3.2790    0.7633   
535242.8813     2.8948    0.6781   
535243.0812     2.5305    1.2836   
535243.1812     2.5491    1.3059   
535243.2813     3.6424    1.2358   
535243.3813     3.7831    1.2540   
535243.4813     3.8506    1.0807   
535243.6813     3.8736    0.7678   
535243.7813     3.9273    0.6713   
535244.0812     4.1751    0.4644   
535244.1813     4.0879    0.3706   
535244.2813     4.0080    0.4142   
535244.3813     4.0046    0.5657   
535244.6813     3.7741    0.7483   
535244.7813     3.6488    0.8606   
535244.8812     3.8391    0.7325   
535244.9813     3.8992    0.6148   
535245.0813     3.8406    0.5951   
535245.1813     3.8934    0.6913   
535245.2813     3.9912    0.6743   
535245.7813     4.2104    0.4890   
535245.8813     4.2599    0.5223   
535245.9813     4.2713    0.7173   
535246.0763     4.3098    0.7294   
535246.1763     4.3607    0.6683   
535246.2763     4.2956    0.4160   
535246.3763     4.3615    0.3567   
535246.4763     4.3977    0.4696   
535246.5763     4.2753    0.5756   
535246.6763     3.9258    0.5468   
535246.7763     4.2389    0.6537   
535246.8763     4.2752    0.7703   
535246.8763     4.1984    0.8201   
535246.9763     4.3204    1.0517   
535247.0763     4.3112    1.4301   
535247.1763     4.3506    1.5568   
535248.0763     4.3251    1.0372   
535248.1763     4.6052    0.7275   
535248.2762     4.6395    0.5704   
535248.6763     4.5401    0.4470   
535248.7763     4.5734    0.3688   
535248.8763     4.3923    0.4275   
535248.9763     4.3567    0.4002   
535249.3763     4.5275    0.4805   
535249.4763     4.4408    0.4758   
535249.5763     4.4393    0.4812   
535249.6763     4.5288    0.4788   
535249.7763     4.5223    0.4016   
535249.8763     4.6482    0.3320   
535249.9763     4.6953    0.4345   
535250.0767     4.5270    0.5099   
535250.7163     4.6039    0.6149   
535250.8163     4.4022    0.5633   
535250.9163     4.4158    0.5281   
535251.0163     4.4377    0.7105   
535251.1162     4.4698    0.6365   
535251.4163     4.9006    0.5790   
535251.5163     4.8284    0.6752   
535251.6163     4.5668    0.8621   
535251.7163     4.7454    1.0241   
535251.8163     4.2551    1.1057   
535252.4165     3.9556    1.1847   
535252.5189     4.0221    1.1561   
535252.6165     3.9258    1.1562   
535252.7165     3.9142    1.3525   
535253.0165     3.6599    1.2603   
535253.1165     3.5761    1.2380   
535253.2165     3.5215    1.3408   
535253.6165     3.7013    1.7969   
535253.7165     3.7570    1.7004   
535253.8165     3.8432    1.5944   
535253.9165     3.8058    1.5098   
535254.0165     3.9711    1.3948   
535254.3165     3.9986    1.5150   
535254.4165     3.9913    1.4360   
535254.5165     3.9801    1.4539   
535254.6165     3.9005    1.4763   
535255.0165     3.9091    1.6315   
535255.1165     3.7256    1.6579   
535255.2165     3.7005    1.7845   
535255.8165     3.4437    2.3757   
535255.9165     3.5302    2.3208   
535256.5615     3.7869    2.1501   
535256.6615     3.6546    2.2307   
535257.7640     4.4424    1.0868   
535258.0640     4.4693    0.5032   
535258.1640     4.3222    0.6966   
535258.2640     4.3783    0.5174   
535258.3641     4.4335    1.5279   
535258.4640     4.4503    2.8352   
535258.5640     4.3851    2.9092   
535258.6640     4.2161    2.4963   
535258.8140     4.3769    2.1982   
535258.9140     4.3935    2.6967   
535259.0140     4.3944    3.0815   
535259.1140     4.2426    3.4529   
535259.4640     3.9940    1.7734   
535259.5640     3.9222    1.4255   
535259.9642     3.6583    1.8389   
535260.2140     3.7053    1.3350   
535260.3140     3.7077    1.5425   
535260.4140     3.5456    1.8316   
535261.0640     3.8973    0.6168   
535261.1640     3.7402    1.1092   
535261.2640     3.8828    1.7738   
535261.5140     3.9924    1.5766   
535261.9140     3.9526    1.5136   
535262.0140     4.1052    1.6164   
535262.1140     4.2279    1.5213   
535262.2640     4.3017    1.4772   
535262.3640     4.3277    1.4889   
535262.4640     4.3558    1.3893   
535263.4140     4.2587    1.4250   
535263.5140     4.2693    1.6957   
535263.6140     4.2733    1.6903   
535263.7140     4.3247    1.7270   
535263.9640     4.2487    1.7722   
535264.0644     4.3528    1.7905   
535264.1640     4.3635    1.8287   
535264.8605     4.7489    1.6119   
535264.9555     4.8925    1.6977   
535265.0555     4.8602    1.4828   
535265.1555     4.6361    1.4590   
535265.3565     4.7818    1.3914   
535265.4565     4.7758    1.3377   
535265.5565     4.6771    1.3482   
535265.6565     4.6587    1.4119   
535265.7565     4.6352    1.2113   
535265.8565     4.8768    1.1729   
535265.9565     5.0061    1.3557   
535266.0565     4.9732    1.2619   
535266.1565     4.9206    1.4275   
535266.2565     4.9291    1.5382   
535266.3565     4.8067    1.5460   
535266.4565     4.8526    1.6144   
535266.5565     4.9310    1.7703   
535266.6565     4.7773    1.4900   
535267.1015     4.8697    1.5303   
535267.2015     4.8535    1.4555   
535267.3015     4.7025    1.4184   
535267.4015     4.6296    1.4851   
535267.5015     4.6406    1.4375   
535267.9015     4.8914    1.4123   
535268.0015     5.0418    1.3769   
535268.1015     5.1563    1.4546   
535268.2015     5.1656    1.5398   
535268.4015     5.4399    1.6269   
535268.5015     5.4206    1.5807   
535268.6015     5.4987    1.5663   
535268.7015     5.5759    1.5752   
535269.0015     5.6550    1.9941   
535269.1015     5.7056    2.0810   
535269.4015     5.5920    2.0473   
535269.5015     5.6671    2.1310   
535269.6015     5.8295    2.0413   
535269.7015     5.9386    1.8292   
535270.0015     5.8280    1.9586   
535270.1015     5.9835    2.1450   
535270.2015     6.1412    2.0647   
535270.3015     6.0558    2.1761   
535270.4015     5.8979    2.2135   
535270.5015     5.9246    1.9760   
535270.6015     5.7774    1.8866   
535270.7017     5.5776    1.9200   
535270.8015     5.4229    1.8706   
535270.9015     5.6089    1.9573   
535271.0016     5.9143    1.9285   
535271.1015     5.9578    1.9288   
535271.1995     5.7571    1.9227   
535271.3995     5.5369    1.9925   
535271.4995     5.6074    2.2926   
535271.5995     5.7774    2.6078   
535271.6995     5.9393    2.8392   
535271.8995     6.0606    2.6161   
535272.2995     5.8399    2.1904   
535272.5995     5.0803    2.3025   
535272.6996     4.9558    2.3344   
535273.3995     6.1743    2.2541   
535273.4995     5.6789    1.9977   
535273.5995     6.3933    2.2565   
535273.6995     6.6353    2.0212   
535274.0995     5.2690    1.8689   
535274.1995     5.0614    1.6371   
535274.6995     4.9433    1.4850   
535274.7995     4.9022    1.3680   
535275.4995     4.7879    2.2220   
535275.5995     4.6579    1.8072   
535275.6995     4.7463    1.6281   
535275.7994     4.5364    1.2530   
535275.8995     4.5744    1.4867   
535275.9945     5.2073    2.4071   
535276.0945     4.7267    2.9471   
535276.3445     4.9298    1.8330   
535276.5445     5.0532    1.9670   
535276.6445     4.7658    1.8523   
535276.7445     4.9327    1.9252   
535276.8445     4.8209    1.6134   
535276.9447     4.7461    1.5932   
535277.0945     4.8673    1.6710   
535277.1945     4.5310    1.7059   
535277.5945     4.5246    1.1741   
535277.6945     4.6970    1.0133   
535278.1445     4.3598    0.7609   
535278.6445     4.0090    0.8136   
535278.7445     3.6610    0.9335   
535278.8945     4.2592    0.4865   
535279.0945     3.4978    1.2395   
535279.1945     3.3433    1.2058   
535279.3945     3.7412    1.1611   
535279.5945     3.8402    0.7860   
535279.6945     3.9084    0.8867   
535279.9445     4.3163    0.4268   
535280.2445     4.1900    0.3346   
535280.3445     4.5074    0.7127   
535280.6445     3.9030    0.8166   
535280.6945     3.8928    0.8448   
535280.9945     3.9831    0.6624   
535281.0945     3.8198    0.8645   
535281.2945     4.4790    0.7822   
535281.4445     4.7240    0.8422   
535281.7445     4.9377    0.8201   
535282.0445     4.6066    1.2181   
535282.1445     4.6311    1.3627   
535282.2945     4.6725    1.3926   
535282.3945     4.7031    1.1975   
535282.5945     4.6013    0.7831   
535282.7945     4.8726    0.8827   
535282.8945     4.8334    0.6746   
535282.9945     4.8786    0.8282   
535283.1445     4.9413    0.9196   
535283.2445     4.5283    1.5281   
535283.6445     3.9918    0.8297   
535283.7445     4.0994    0.9190   
535283.8445     4.1697    1.0254   
535283.9445     4.4339    0.9172   
535284.0945     4.7233    0.8819   
535284.1945     4.1116    1.2691   
535284.2945     3.6534    1.3815   
535284.6945     4.0397    0.7911   
535284.7945     3.9733    1.0574   
535284.8946     3.9685    2.0441   
535285.0445     3.9403    2.2697   
535285.1445     3.7273    2.0774   
535285.2955     3.7693    1.6296   
535285.3955     3.4735    1.7618   
535285.7955     4.0302    1.1747   
535286.0955     4.1559    1.2641   
535286.1955     4.2868    1.1482   
535286.2955     4.4605    1.0055   
535286.3957     4.2803    1.0300   
535286.6956     4.3727    2.4538   
535286.7955     4.1897    2.7272   
535287.0965     4.2557    2.3844   
535287.1964     4.3219    2.3664   
535287.2965     4.5109    1.9188   
535287.5965     4.6227    1.0788   
535287.6972     4.5092    1.0541   
535287.9965     3.8284    1.3765   
535288.0964     3.7424    1.5003   
535288.1965     4.1736    1.4262   
535288.3965     4.5047    1.4082   
535288.4965     4.3211    1.1501   
535288.5965     4.0665    1.4419   
535288.6965     3.4089    1.8297   
535289.0965     3.8105    0.8868   
535289.1965     4.1356    0.2927   
535289.2975     4.0575    0.6078   
535289.3965     3.9295    0.8984   
535289.4965     3.9556    0.9464   
535289.5965     4.3480    0.2335   
535289.6964     4.2312    0.7795   
535289.7964     4.2998    0.9285   
535289.8965     4.4742    0.3912   
535290.0428     4.8329    0.6438   
535290.1414     5.3708    0.9819   
535290.2415     3.7698    0.8174   
535290.3415     2.7090    2.2056   
535290.4415     3.2575    1.6845   
535290.5415     4.3365    1.1400   
535290.6438     4.7199    1.7612   
535290.7415     5.4594    2.4697   
535290.8415     5.0511    1.7529   
535290.9419     4.3285    1.1616   
535291.0415     3.8113    0.9511   
535291.1365     3.7169    1.4637   
535291.2365     3.5786    1.5493   
535291.3365     3.6397    1.3231   
535291.4365     3.7673    0.9308   
535291.5365     3.5562    0.5383   
535291.6365     3.2373    0.6526   
535291.9365     3.3952    0.2352   
535292.0365     3.5046    0.2633   
535292.1365     3.5026    0.3086   
535292.2365     3.9416    1.0498   
535292.3365     2.8329    1.5481   
535292.4365     2.4043    1.6281   
535292.5365     3.2998    1.1553   
535292.6365     4.1307    1.2444   
535292.8365     3.9459    1.8998   
535293.1365     4.3412    1.9320   
535293.2364     4.5986    2.0907   
535293.3365     4.2165    1.5057   
535293.4365     3.8762    1.4127   
535293.5365     3.9636    1.2436   
535293.8365     4.4905    1.8201   
535293.9365     4.6488    2.1435   
535294.0365     4.7105    2.2020   
535294.1365     4.7050    2.2036   
535294.2365     4.5869    2.1019   
535294.3365     4.7266    2.1459   
535294.6365     5.1573    2.3684   
535294.8365     4.9972    2.2209   
535295.0365     5.1719    2.1033   
535295.1365     5.0721    1.9769   
535295.3365     4.9371    1.8381   
535295.4365     5.0951    1.7853   
535295.5364     5.2529    1.7458   
535295.6365     5.0983    1.6203   
535295.7365     5.3977    2.1328   
535295.8365     5.0878    2.0409   
535295.9365     4.4934    2.6519   
535296.1364     5.1098    1.7925   
535296.2365     4.8602    1.9044   
535296.2365     4.7658    1.8927   
535296.3365     4.7507    2.1085   
535296.4365     4.6289    1.6325   
535296.5365     4.5302    1.2512   
535296.6365     4.3259    1.4007   
535296.9365     3.6915    1.2672   
535297.0365     3.9569    1.0910   
535297.1365     4.1458    1.4062   
535297.2365     3.4895    1.0328   
535297.3365     3.8508    0.7846   
535297.5365     3.5866    0.9917   
535297.7365     3.8907    0.7015   
535297.8365     3.7286    0.4268   
535297.9365     3.9080    0.4021   
535298.0365     3.6723    0.5268   
535298.1365     3.5586    0.4513   
535298.2364     3.6205    0.2994   
535298.3365     3.7156    0.3755   
535298.8365     4.0611    0.3815   
535298.9365     3.8288    0.3578   
535299.0365     3.8148    0.5132   
535299.1365     3.8161    0.5513   
535299.2365     3.6442    0.4882   
535299.3365     3.7436    0.5269   
535299.4365     3.8476    0.4759   
535299.5372     3.8730    0.6051   
535299.6365     3.9813    1.0612   
535299.7365     4.2986    1.2528   
535299.8365     4.1887    1.1145   
535299.9365     4.3728    1.1449   
535300.0351     4.0594    1.1784   
535300.2829     4.4818    2.1441   
535300.3815     5.4503    3.0351   
535300.3815     5.0206    3.1693   
535300.4814     3.6548    3.3052   
535300.5815     4.0212    2.8959   
535300.6815     4.1017    2.1052   
535300.7816     4.0203    1.8917   
535300.8814     3.6854    1.4957   
535300.9819     3.6413    1.7754   
535301.0815     3.6571    1.9338   
535301.1815     3.6121    1.4401   
535301.2814     3.1464    1.2463   
535301.3815     3.2967    1.1552   
535301.4815     3.3847    1.3356   
535301.5815     3.3190    1.0481   
535301.8815     2.9139    1.0895   
535301.9814     2.9112    1.3770   
535302.0815     2.8005    1.2445   
535302.1815     2.7818    1.1167   
535302.2815     2.8918    1.1655   
535302.3815     2.8541    1.3873   
535302.5815     2.8319    2.0617   
535302.6815     2.7782    1.6164   
535302.8814     2.8546    0.9953   
535303.0815     2.9270    1.0646   
535303.4815     2.5230    0.9002   
535303.7814     2.4895    0.8353   
535304.0815     2.4879    0.7862   
535304.3814     2.1581    0.8333   
535304.6815     2.0637    1.3963   
535304.9815     1.9249    1.3795   
535305.2815     1.8581    1.7151   
535305.6815     1.8774    1.8676   
535305.8814     2.0191    2.2548   
535306.1815     1.7241    2.7508   
535306.4765     1.7077    2.0286   
535306.6765     1.8521    3.2043   
535306.9764     2.0121    2.9195   
535307.2765     2.2903    3.2298   
535307.4765     2.1495    3.2913   
535307.7779     2.1759    3.1433   
535308.0765     2.2494    2.9709   
535308.2774     2.2688    2.0544   
535308.5765     2.0208    2.5165   
535308.8765     2.4686    2.8121   
535309.0764     2.2993    3.0157   
535309.2765     2.1184    3.2442   
535309.5765     2.0495    3.7898   
535309.7771     2.1586    4.2586   
535309.9764     2.6493    4.0607   
535310.0765     2.6637    4.0849   
535310.1765     2.7225    4.1523   
535310.3765     2.9582    3.9993   
535310.5764     3.3065    4.1280   
535310.6765     3.5302    4.3096   
535310.8775     3.6371    4.2744   
535310.9764     3.5601    4.2455   
535311.2824     3.5900    4.0728   
535311.6824     3.3428    4.0042   
535311.7824     3.1704    4.0509   
535312.0824     3.1359    4.4985   
535312.1824     3.0668    4.5624   
535312.2824     3.0478    4.2245   
535312.3844     2.9161    3.9538   
535312.4832     2.7505    3.6693   
535313.0825     2.2415    4.2594   
535313.1824     1.9951    3.8510   
535313.3824     1.9172    3.5902   
535313.4829     1.7005    3.6571   
535313.5824     1.4317    3.6933   
535313.6824     1.2926    4.1108   
535313.7824     1.2215    4.2799   
535313.8824     1.2028    4.2810   
535313.9824     0.9949    4.5568   
535314.0825     0.8906    4.5910   
535314.2825     1.3357    5.0788   
535314.3824     1.3768    4.8193   
535314.4834     1.5074    5.0352   
535314.9825     1.4403    4.2320   
535315.0824     1.3820    4.4239   
535315.1826     1.1547    4.0445   
535315.4824     1.4930    3.6777   
535315.5825     1.5349    3.4242   
535315.6824     1.6657    3.1831   
535315.7836     1.6964    2.8557   
535315.8825     1.7119    3.2418   
535315.9824     1.7880    3.4005   
535316.0824     1.7582    3.7228   
535316.1824     1.8294    3.5873   
535316.2824     2.0183    3.5633   
535316.3824     1.9263    3.3246   
535317.0824     1.8993    2.7127   
535317.1824     2.0092    2.8165   
535317.2825     2.1758    2.9485   
535317.3829     2.1849    2.8302   
535317.4824     1.9476    2.9236   
535317.5824     1.9131    2.8846   
535317.6825     1.9340    2.9498   
535317.7824     1.8343    2.9186   
535317.8830     1.9047    3.1906   
535317.9827     1.9785    3.5371   
535318.0824     2.0510    3.6675   
535318.1831     2.1298    4.2177   
535318.2825     2.3570    3.7333   
535318.3825     2.2874    3.6920   
535318.4824     2.1732    3.4715   
535318.5825     2.3458    3.3986   
535318.6824     2.4683    2.9997   
535318.7774     2.5599    2.7981   
535318.8775     2.6281    2.7404   
535318.9774     2.6235    2.5359   
535319.0777     2.6931    2.5248   
535319.1776     2.6706    2.5830   
535319.2776     2.8391    2.6243   
535319.3782     2.8701    2.7064   
535319.4776     3.0541    2.8557   
535319.5801     3.1778    2.8512   
535319.6778     3.0319    2.5796   
535319.7776     2.7800    2.3384   
535319.8776     2.7219    2.3094   
535319.9781     2.8653    2.2980   
535320.0776     3.1100    2.7322   
535320.2776     2.8634    2.6633   
535320.6776     2.7077    2.0267   
535320.7776     2.6428    1.8291   
535320.8776     2.6639    1.9442   
535320.9777     2.6293    2.1031   
535321.0776     2.7703    2.5115   
535321.1776     2.7716    2.4212   
535321.2776     2.6921    1.6568   
535321.4778     2.6333    1.2795   
535321.5776     2.6697    1.3959   
535321.6801     2.7262    1.7291   
535321.8780     2.9047    1.9614   
535321.9779     2.9639    1.9198   
535322.1776     2.8152    2.2905   
535322.3776     3.5434    1.5651   
535322.4786     3.5839    1.5672   
535322.5785     3.4522    1.4277   
535322.7785     4.8100    2.2466   
535322.8785     4.9837    2.3581   
535322.9785     4.1533    1.7525   
535323.0785     5.0826    2.5498   
535323.1785     4.9226    2.0087   
535323.3786     5.0446    1.6071   
535323.3786     5.1532    1.6184   
535323.3786     4.9581    1.6574   
535323.4786     5.1416    1.7365   
535323.4786     5.5365    1.9460   
535323.4786     5.8390    2.0796   
535323.5798     6.0726    2.6830   
535323.5798     5.5677    2.2808   
535323.5798     5.2768    2.1932   
535323.6785     4.9849    1.4682   
535323.6785     5.0145    1.3984   
535323.6785     4.8685    1.6390   
535323.7785     4.4439    1.5525   
535323.7785     4.4089    1.5639   
535323.7785     4.6585    1.5237   
535323.8785     4.6435    1.6523   
535323.8785     4.3457    2.0511   
535323.8785     4.2820    2.2665   
535323.9785     4.6016    0.4268   
535323.9785     4.7896    0.5197   
535324.0785     4.1289    2.0965   
535324.0785     4.0087    2.1860   
535324.1785     4.0986    0.6544   
535324.1785     4.0593    0.5777   
535324.2794     4.1641    1.0328   
535324.3785     3.9276    0.8350   
535324.3785     3.8673    0.8796   
535324.4785     3.8234    0.6148   
535324.4785     3.8568    0.5637   
535324.5799     4.2323    0.6025   
535324.6785     4.7803    1.2217   
535324.6785     5.0345    1.4045   
535324.7785     5.5936    2.1652   
535324.7785     5.9447    2.2925   
535324.8785     6.5996    2.5662   
535324.8785     6.6317    2.6394   
535324.9785     7.0466    2.6434   
535325.0785     7.4606    2.7309   
535325.0785     7.4313    2.8390   
535325.1784     7.1152    2.7584   
535325.2785     6.5716    2.8680   
535325.3788     6.0322    2.9515   
535325.4803     5.3400    2.6125   
535325.5789     4.7737    2.4689   
535325.6802     4.8413    2.7753   
535325.7785     4.8233    2.6347   
535325.7785     4.6920    2.5937   
535325.8785     4.5742    2.4216   
535325.9789     4.6513    2.3775   
535326.0797     4.7685    2.3677   
535326.1785     5.3536    2.4269   
535326.3785     5.8652    2.4693   
535326.4785     6.1269    2.7791   
535326.5785     5.1282    2.3035   
535326.6792     4.9138    2.2944   
535326.7785     5.0336    2.3195   
535327.0792     5.3106    2.3407   
535327.1785     5.7454    2.4259   
535327.3785     4.6292    1.9819   
535327.4785     4.8810    2.0253   
535328.2785     5.2772    2.7663   
535328.3785     5.3404    2.7875   
535328.4785     6.3941    2.9785   
535328.5785     6.6261    2.7541   
535328.6785     6.5993    2.7120   
535328.7785     6.0678    2.3789   
535328.8785     5.8661    2.4113   
535328.9785     5.3736    2.5173   
535329.0786     5.0491    3.2889   
535329.1785     5.2546    3.7265   
535329.2785     5.4372    3.8176   
535329.3785     4.9692    2.3246   
535329.7785     4.4122    2.7602   
535329.8787     4.5796    1.8374   
535329.9785     4.6095    1.6261   
535330.0785     4.8842    1.7012   
535330.1785     5.0248    1.6966   
535330.2785     4.9146    1.7474   
535330.3792     4.9432    1.7928   
535330.4785     4.9939    1.8273   
535331.1794     4.7493    1.9043   
535331.3790     5.0798    2.0847   
535331.4806     4.9370    2.0711   
535331.5785     4.9372    2.1423   
535331.6786     4.9184    2.0750   
535331.7785     5.1246    2.1158   
535331.8785     5.3665    2.1682   
535331.9785     5.6134    2.1514   
535332.0785     6.0919    2.2422   
535332.2785     5.7213    2.7750   
535332.9785     5.1040    2.0858   
535333.0785     5.2574    2.0332   
535333.1785     5.4206    1.9784   
535333.2785     5.3185    1.8050   
535333.3785     5.4750    1.7174   
535333.4785     5.6465    1.6982   
535333.8785     5.4224    1.8590   
535333.9785     5.5199    1.8285   
535334.0784     5.6769    1.8981   
535334.2785     6.5935    2.1473   
535334.3785     6.5284    1.9326   
535334.7785     5.2632    1.4921   
535334.8785     5.7723    1.3085   
535334.9785     5.9637    1.3245   
535335.0785     5.4200    1.2265   
535335.1785     5.0676    1.3146   
535335.2785     4.7294    1.4001   
535335.3785     4.6696    1.1681   
535335.4785     4.7425    1.2927   
535335.9785     5.3315    1.2980   
535336.0785     5.2492    1.2030   
535336.1785     5.2246    1.1283   
535336.9785     5.7033    1.7413   
535337.0793     5.5964    1.4774   
535337.1785     5.2936    1.0147   
535337.6785     5.6743    1.6759   
535337.7785     5.6544    1.0552   
535337.8785     5.7336    0.9032   
535337.9785     5.5228    1.1126   
535338.1785     5.0793    1.5431   
535338.2785     5.1555    1.2922   
535338.3785     5.1330    1.1222   
535338.4785     5.0011    1.1887   
535338.5785     5.0463    1.3380   
535338.6785     5.3379    1.5330   
535338.7784     6.1358    1.3301   
535338.8785     6.6453    0.9327   
535338.9774     6.5050    0.6574   
535339.5234     5.4448    0.9199   
535339.6235     5.1672    1.2870   
535339.7235     5.1609    1.4508   
535339.8235     5.3217    1.3978   
535339.9235     5.7368    1.1026   
535340.7235     5.2421    2.2599   
535340.8234     5.2180    2.1768   
535340.9235     4.7766    2.2700   
535341.3235     4.5610    2.3526   
535341.4235     4.6049    2.4371   
535341.5235     4.5979    2.5217   
535341.8235     4.6434    2.2470   
535341.9235     4.6581    2.3201   
535342.1235     4.8766    1.6859   
535342.2235     4.5725    1.8102   
535342.4235     3.6525    3.9205   
535342.5235     3.7516    4.1299   
535342.6235     4.3324    2.2682   
535342.7235     4.5874    1.4815   
535342.8235     6.3676    0.7057   
535343.0235     5.9543    0.3627   
535343.1235     5.6617    0.5866   
535343.3235     5.0677    2.3100   
535343.4235     5.1581    1.9427   
535343.5235     4.9314    1.7844   
535343.6235     4.9294    1.9399   
535343.7235     4.9241    1.9930   
535343.9235     4.9152    2.2704   
535344.0235     4.9156    2.4177   
535344.1235     4.8171    2.8722   
535344.3235     4.5147    2.9036   
535344.4235     4.6179    2.6001   
535344.5235     4.7550    2.1615   
535344.8235     4.7597    1.9022   
535344.9235     4.6342    2.0524   
535345.4235     5.0945    0.7426   
535345.5235     5.1029    0.7216   
535345.6234     5.1873    0.7071   
535345.7235     5.1955    0.8226   
535346.3742     4.8913    0.9525   
535346.6185     4.5240    1.1700   
535346.7185     4.4282    1.2456   
535346.8185     4.4672    1.1385   
535346.9186     4.6313    0.9403   
535347.0185     4.7808    0.8755   
535347.1185     4.9564    0.9352   
535347.2185     4.9161    1.1448   
535347.6185     4.1610    1.2391   
535347.7185     4.0307    1.5275   
535347.8185     3.8223    1.4746   
535347.9185     3.7204    1.2376   
535348.0185     3.9460    1.2467   
535348.1185     4.2767    1.3016   
535348.2185     4.3389    1.3762   
535348.3188     4.3497    1.5525   
535348.6185     4.5639    1.5600   
535348.7185     4.1427    1.5502   
535348.8185     3.8612    1.6534   
535348.9185     3.7253    1.6126   
535349.4185     3.3004    1.9418   
535349.5185     3.4613    2.3399   
535349.6185     3.9702    2.5109   
535349.7185     4.6507    2.5914   
535349.8185     4.7524    2.5983   
535349.9185     3.7265    2.2851   
535350.0185     3.1196    2.3131   
535350.1185     3.6099    2.5657   
535350.5185     5.7776    4.1269   
535350.6185     6.2089    4.2105   
535350.7185     6.4220    3.8681   
535350.8185     6.1807    3.3138   
535351.1185     5.5779    3.3616   
535351.2185     5.5770    3.5645   
535351.6185     6.7002    4.5078   
535351.7185     6.2871    5.1932   
535351.9185     5.9397    5.7664   
535352.0185     6.2436    5.7490   
535352.3185     6.4059    3.6709   
535352.6185     5.4631    3.7715   
535352.7185     5.7734    4.1721   
535353.0185     6.2589    4.0033   
535353.3635     5.9055    3.8799   
535353.4635     6.1745    3.8504   
535353.5635     7.0817    3.6453   
535353.7635     7.7087    3.4863   
535353.8635     8.0370    4.1599   
535354.0635     8.2326    4.3848   
535354.2634     7.9500    3.3877   
535354.3636     7.7813    3.7605   
535354.5635     7.6915    5.9559   
535354.6635     7.6338    6.5126   
535354.8143     7.6831    5.7973   
535354.9635     7.5625    4.9081   
535355.1635     7.4391    5.1640   
535355.4635     7.5023    4.8842   
535355.5635     7.6142    4.5999   
535355.7635     7.7695    4.8890   
535355.8635     7.7193    4.9519   
535356.0155     7.7186    5.0120   
535356.1650     7.8423    4.8987   
535356.3150     7.8158    4.7407   
535356.4153     7.7395    4.9133   
535356.7158     7.5607    4.7971   
535356.8154     7.2906    4.7097   
535357.0650     7.1546    4.0674   
535357.2165     7.8465    3.5275   
535357.3154     7.7052    3.1489   
535357.4650     6.4394    2.9166   
535357.5650     6.4594    3.1043   
535357.6650     7.4133    3.7000   
535357.9150     8.1668    3.9210   
535358.0150     7.6309    4.1201   
535358.1150     7.6077    4.5289   
535358.9158     7.9687    5.4535   
535359.2650     7.3681    4.5189   
535359.9150     6.8139    4.1761   
535360.8600     6.0142    3.3871   
535360.9599     6.1014    3.2495   
535361.0599     6.2558    3.2098   
535361.1599     6.2200    3.3391   
535361.8599     5.8430    3.5826   
535361.9600     5.4528    3.4872   
535362.0600     5.1306    3.2568   
535362.1600     5.1338    3.2343   
535362.7600     4.9276    2.4209   
535362.8600     4.9174    2.3789   
535362.9599     4.5746    2.3441   
535363.0600     4.3134    2.5164   
535363.6600     4.8925    2.1772   
535363.7600     4.8848    2.2834   
535363.8600     4.6969    1.9791   
535363.9600     4.4497    0.9369   
535364.0600     4.3101    1.4861   
535364.1600     4.3400    1.5608   
535364.2600     4.4290    0.8722   
535364.3600     4.3412    0.6058   
535364.4600     4.2486    0.7804   
535364.5600     4.1231    0.9614   
535364.6600     4.0885    1.1671   
535364.7604     4.2140    0.9287   
535364.8601     4.1734    0.8925   
535364.9600     4.1837    0.9404   
535365.0600     4.2411    1.1119   
535365.1600     4.0546    1.6030   
535365.2600     4.2477    1.8744   
535365.3600     4.3387    1.8914   
535365.4600     4.2307    1.9462   
535365.5600     4.1442    2.2878   
535365.6600     4.0843    2.2662   
535365.7599     3.9261    2.2083   
535365.8600     3.9092    1.8536   
535365.9600     3.9325    1.7086   
535366.0600     3.9491    1.6617   
535366.2600     4.0360    0.8384   
535366.3600     4.0392    0.8357   
535366.4599     4.0541    0.9383   
535366.5599     3.9608    1.5654   
535366.9600     3.8106    3.4082   
535367.0600     3.8731    3.4904   
535367.1599     4.3406    3.6070   
535367.2600     4.1995    3.1907   
535367.3600     4.1625    3.2033   
535367.4600     4.3258    2.5966   
535367.5599     4.2053    2.5339   
535367.9600     3.9548    2.6538   
535368.0600     3.6924    2.9720   
535368.1600     3.8082    2.4838   
535368.2599     3.9962    2.2912   
535368.3599     3.8478    2.2173   
535368.4600     3.9368    1.8408   
535368.7600     4.1503    1.6864   
535368.8600     4.8884    1.4666   
535368.8600     4.9824    1.4465   
535368.9600     4.7807    0.9898   
535369.0600     4.1130    1.1678   
535369.1600     4.1903    1.3710   
535369.2599     4.7024    1.8561   
535369.3600     4.7488    1.8308   
535369.4600     4.8549    1.5067   
535369.5600     5.1167    1.2614   
535369.6600     4.8706    1.6441   
535369.7600     4.4879    3.1154   
535369.8600     4.4077    4.0168   
535369.9600     4.3287    4.3826   
535370.0612     4.3762    3.4390   
535370.0612     4.3525    3.2283   
535370.1600     4.3074    1.9846   
535370.4600     4.6844    1.8702   
535370.6600     4.7711    1.1644   
535370.7600     4.8709    0.3760   
535370.8600     4.7320    0.5374   
535370.9600     4.7680    0.8072   
535371.1049     4.8397    1.4553   
535371.2050     4.8396    1.8088   
535371.2050     4.8700    1.7753   
535371.3050     4.9799    1.4747   
535371.4050     4.9590    1.5800   
535371.5050     4.7650    1.7675   
535371.5050     4.7667    1.7554   
535371.6050     4.8853    2.4309   
535371.7050     4.9723    2.7071   
535371.8050     4.8174    2.6632   
535371.9050     4.8333    2.4337   
535372.4550     5.4611    0.8192   
535372.5550     5.3352    1.0529   
535372.6550     5.2737    1.3370   
535373.0050     5.1001    0.1756   
535373.3050     5.4660    1.5885   
535373.4050     5.3238    1.8283   
535373.5050     5.3252    1.8075   
535373.6050     5.1877    1.7841   
535374.1550     4.7813    2.2574   
535374.3550     4.8197    2.0484   
535374.6550     5.0987    1.5833   
535374.7550     5.1734    1.5232   
535374.9050     5.2209    1.9236   
535375.0050     5.2982    1.7852   
535375.1050     5.3136    1.0111   
535375.4050     5.6476    0.9002   
535375.5050     5.6731    1.7573   
535375.6050     5.8901    2.5647   
535375.7050     6.0390    2.1500   
535376.0550     5.8242    1.2544   
535376.1550     5.9636    1.3968   
535376.2550     6.0717    1.4510   
535376.7549     6.3916    1.7703   
535376.8553     6.4930    2.1305   
535377.1050     6.3321    1.4260   
535377.4555     6.4431    2.3827   
535377.5555     6.4654    2.5085   
535377.6555     6.4574    2.4955   
535377.7555     6.4965    2.2357   
535377.8555     6.6686    2.2563   
535377.9555     6.3758    1.8574   
535378.0555     6.2532    1.7379   
535378.1555     6.3371    1.7770   
535378.7556     6.6647    2.5899   
535378.8555     6.6835    2.8053   
535378.9555     6.6432    2.3048   
535379.0555     6.7249    2.0404   
535379.1555     7.0129    1.8850   
535379.6555     7.1338    2.7636   
535379.7555     7.1503    2.6056   
535379.8555     7.0934    1.7654   
535379.9555     7.7753    1.7046   
535380.0555     7.7502    1.9906   
535380.5005     7.0497    2.4034   
535380.7005     7.2218    2.2639   
535381.3005     7.6117    2.3880   
535382.1005     7.4953    2.8145   
535382.6005     7.7225    2.5085   
535382.7005     7.6340    2.4219   
535382.8005     7.7249    2.4487   
535382.9005     7.9404    2.7522   
535383.0005     8.0049    2.8345   
535383.1005     7.9374    2.7004   
535383.2005     7.5809    2.4750   
535383.4005     8.0963    2.5682   
535383.5005     8.1482    2.6300   
535383.6005     8.0642    2.6398   
535383.7005     8.1319    2.5780   
535383.8005     8.1747    2.6470   
535383.9005     8.2359    2.6717   
535384.0005     8.2855    2.6855   
535384.1005     7.9346    2.7348   
535384.3005     8.1538    2.8636   
535384.8007     8.0803    2.6544   
535384.9005     8.0866    2.6895   
535385.0005     7.8313    2.6127   
535385.1005     7.8852    2.6692   
535385.2005     7.8088    2.6373   
535385.3005     7.8619    2.5480   
535385.4005     8.0412    2.6610   
535385.5005     7.9958    2.5984   
535385.6005     7.8737    2.4110   
535385.7005     7.9544    2.5277   
535385.7955     7.9360    2.5813   
535385.8955     7.8215    2.6290   
535385.9955     7.4192    2.5011   
535386.0955     7.4670    2.4881   
535386.1955     7.4538    2.5367   
535386.2955     7.3452    2.4327   
535386.5405     7.3292    2.7679   
535386.6405     7.2114    3.0079   
535386.9405     6.8259    2.4478   
535387.0408     6.8666    2.2482   
535387.1405     6.4840    2.2519   
535387.2405     6.5001    2.1125   
535387.5405     6.7233    1.7931   
535387.6355     7.0680    1.8819   
535387.7355     7.1717    1.9836   
535387.9355     7.1584    1.9768   
535388.2355     7.2806    2.1510   
535388.3355     6.8557    2.0111   
535388.4355     7.0467    2.1837   
535388.5355     7.1914    2.2843   
535388.7355     6.9698    2.4818   
535388.8355     7.1585    2.6618   
535389.1355     7.5178    2.6061   
535389.3355     7.4037    2.4518   
535389.4355     7.4239    2.3584   
535389.6355     7.1776    2.0817   
535389.8355     7.1402    1.9220   
535389.9355     7.2082    1.9643   
535390.0355     7.2257    2.1046   
535390.3355     7.3101    1.9211   
535390.6355     7.4390    1.9758   
535390.8355     7.0465    1.8269   
535391.1355     6.9284    1.8332   
535391.2355     6.9884    1.9779   
535391.3355     6.9103    1.9819   
535391.5355     6.9013    1.7535   
535391.6355     7.0077    2.0319   
535391.8355     7.0882    2.3877   
535391.9355     7.1226    2.5921   
535392.3355     6.8937    2.8116   
535392.4355     6.7072    2.1923   
535392.5355     6.8133    1.8968   
535392.5355     6.8759    1.8612   
535392.7355     7.0790    1.9643   
535392.8355     7.1061    2.3064   
535393.3355     6.6108    1.8231   
535393.4356     6.5941    1.8632   
535393.5355     6.2390    2.1270   
535393.8355     6.0663    2.3880   
535393.9355     6.1086    1.8328   
535394.2358     6.0851    1.4580   
535394.3355     6.1361    1.7489   
535394.5355     6.0065    1.9144   
535394.7355     5.7153    1.9330   
535394.9355     5.8397    1.6604   
535395.2355     5.8504    1.6002   
535395.3355     5.6149    1.7778   
535395.7357     5.7773    1.5930   
535395.8355     5.8866    2.0246   
535395.9355     5.5450    1.4776   
535396.2355     5.6662    1.5589   
535396.3355     5.7251    1.5852   
535396.4355     5.7958    1.4301   
535396.6355     5.5094    1.4387   
535396.7355     5.4725    1.5747   
535396.8355     5.5996    1.5006   
535397.0355     5.6803    1.4098   
535397.1355     5.6942    1.3264   
535397.2355     5.4450    1.5011   
535397.3355     5.4562    1.5267   
535397.5355     5.4676    1.5412   
535397.6355     5.5351    1.5112   
535397.8355     5.6305    1.7486   
535397.9355     5.6141    1.6918   
535398.2355     5.7301    1.5570   
535398.4355     5.6438    1.5819   
535398.5355     5.6051    1.5472   
535398.6355     5.1438    1.4746   
535398.8355     5.0654    1.3195   
535399.0355     4.9618    1.1146   
535399.3355     5.0082    1.4074   
535399.5355     4.9418    1.1768   
535399.6355     4.9468    1.3145   
535399.9355     4.9208    1.2546   
535400.3355     4.5742    1.2127   
535400.4355     4.5962    1.1906   
535400.6355     4.7514    1.3440   
535400.7355     4.8505    1.4036   
535401.0355     4.6874    1.1854   
535401.2355     4.6271    0.9951   
535401.3355     4.5601    0.9432   
535401.6355     4.4127    1.1014   
535401.7355     4.3621    1.1758   
535402.0355     4.1757    0.9574   
535402.1355     4.1397    0.9342   
535402.3355     4.0707    0.9441   
535402.6355     4.0818    1.2402   
535402.7355     4.1742    1.2237   
535402.9380     4.2946    1.1822   
535403.0380     4.3496    1.1495   
535403.2380     4.3572    1.1653   
535403.3380     4.2629    1.1641   
535403.4380     4.1764    1.1946   
535403.5380     4.2744    1.2439   
535403.7380     4.4298    1.1661   
535403.8380     4.3939    1.0096   
535403.9380     4.2800    1.0281   
535404.1380     4.0888    0.9530   
535404.2380     4.0890    0.8929   
535404.3380     4.2763    1.0758   
535404.4380     4.3743    1.1338   
535404.5380     4.4562    1.1510   
535404.6380     4.5660    1.0864   
535404.7380     4.4530    1.1175   
535404.9380     4.1862    1.0990   
535405.0380     4.3424    0.9369   
535405.3380     4.3727    1.1781   
535405.4380     4.2188    1.1696   
535405.7380     4.2923    1.0585   
535405.8380     4.1448    0.9972   
535405.9380     4.1984    1.0387   
535406.0380     4.2717    1.0074   
535406.1380     4.1783    1.1290   
535406.2380     4.1040    1.4288   
535406.3380     4.0377    1.4320   
535406.4380     4.1081    1.2248   
535406.6380     4.8169    1.2527   
535406.9380     5.1897    1.9346   
535407.0380     4.9632    1.9253   
535407.1380     5.0677    1.6534   
535407.2380     5.2241    1.8866   
535407.3380     5.0921    1.8506   
535407.4380     4.9647    1.9949   
535407.5380     4.6424    1.5474   
535407.6380     4.4951    1.5462   
535407.7380     4.5112    1.4848   
535408.0380     4.2412    1.3981   
535408.1381     4.3112    1.4404   
535408.2380     4.2802    1.4940   
535408.3380     4.2026    1.5448   
535408.4380     4.1398    1.6439   
535408.5380     4.0221    1.4985   
535408.7380     4.1602    1.2658   
535408.8380     4.1353    1.1862   
535409.0380     3.9188    1.0553   
535409.1380     3.9230    1.0118   
535409.4380     4.1982    1.4400   
535409.5380     4.2534    1.3752   
535409.6380     4.0248    1.2304   
535409.7380     3.9276    1.2038   
535409.8380     4.0593    1.2134   
535409.9380     4.3071    1.3526   
535410.1380     4.3417    1.6216   
535410.2380     4.3618    1.5766   
535410.4380     4.5258    1.4711   
535410.5380     4.4075    1.4464   
535410.6381     4.4571    1.3922   
535410.7380     4.3326    1.2215   
535410.9380     4.0731    1.1013   
535411.1380     4.2306    1.1644   
535411.6380     4.0253    1.3926   
535411.7380     4.3405    1.1966   
535411.8380     4.7240    1.1161   
535412.0380     4.6687    1.2083   
535412.1380     4.0771    1.3854   
535412.2380     3.7915    1.6446   
535412.3380     3.9827    1.4487   
535412.5830     4.2567    1.0368   
535412.6830     4.4001    1.2127   
535413.0830     4.1394    1.4479   
535413.2830     4.3952    1.3490   
535413.3830     4.5120    1.1930   
535413.4830     4.2769    1.3530   
535413.6830     4.1469    1.4027   
535413.7836     4.0245    1.3269   
535413.8830     4.1414    1.0481   
535414.0830     4.1795    1.0508   
535414.1830     4.2325    1.0127   
535414.4830     3.9782    1.0276   
535414.5830     3.7908    1.0008   
535414.6835     3.7649    0.8839   
535414.7830     3.8746    0.9291   
535414.8831     3.7878    1.0304   
535415.0830     3.9332    1.0846   
535415.1830     4.0270    1.1131   
535415.2837     3.7382    1.2404   
535415.3830     3.6956    1.4899   
535415.4830     3.8669    1.7670   
535415.7836     3.1741    2.2669   
535415.8830     3.2876    1.8796   
535415.9830     3.5129    1.4319   
535416.0830     4.1903    0.8707   
535416.1830     4.6485    1.1213   
535416.2830     4.2803    1.5638   
535416.5830     3.2895    2.3953   
535416.6830     3.3191    2.6850   
535416.7830     3.4882    1.8315   
535416.8830     3.5742    1.6598   
535416.9830     3.8348    1.4719   
535417.0829     4.3129    1.6143   
535417.1830     4.7934    1.7051   
535417.2830     4.4091    1.7285   
535417.3830     3.4499    2.3857   
535417.4830     3.6270    2.0872   
535417.5830     3.5507    2.1964   
535417.6830     3.5857    2.1028   
535417.8830     3.9050    1.6103   
535417.9830     3.5406    1.4702   
535418.0830     3.5069    1.2358   
535418.1830     3.6429    1.3811   
535418.4830     3.1516    1.6975   
535418.5830     3.2339    1.6932   
535418.6830     3.3363    1.5891   
535418.7830     3.5191    1.2286   
535418.8830     3.4244    1.2314   
535418.9830     3.2077    1.3507   
535419.0830     3.2278    1.3862   
535419.1836     3.4350    1.4383   
535419.2830     3.3965    1.5862   
535419.3830     3.2927    1.7508   
535419.4830     3.3009    1.9173   
535419.5830     3.2751    1.8191   
535419.6830     3.2503    1.7239   
535419.7830     3.2841    1.6180   
535419.8830     3.1877    1.7720   
535419.9830     3.1457    1.8836   
535420.0830     3.1882    1.7634   
535420.1830     2.9698    2.0554   
535420.2830     3.1553    2.0493   
535420.3830     3.2837    1.9144   
535420.4830     2.9547    1.5786   
535420.6830     3.0247    1.3593   
535420.7830     3.0958    1.0715   
535420.8830     3.3354    1.2892   
535420.9830     3.5516    1.3202   
535421.1830     3.0780    1.4774   
535421.3830     3.3667    0.8645   
535421.4830     3.0587    0.8465   
535421.5825     3.1279    0.6719   
535421.6825     3.0802    0.8577   
535421.7825     3.1959    1.1695   
535421.8825     2.7853    1.3572   
535421.8825     2.9375    1.3436   
535421.9825     2.9344    1.3103   
535422.1825     2.9735    0.9740   
535422.1825     2.9786    1.0359   
535422.2825     2.9093    1.2093   
535422.4775     3.1067    1.0011   
535422.5775     3.1270    0.5577   
535422.6775     3.2444    0.6176   
535422.7775     3.2657    0.4994   
535422.8775     3.3082    0.4517   
535422.9775     3.2505    0.3962   
535423.0775     2.8235    0.8841   
535423.2225     3.1213    1.2071   
535423.3225     3.6038    1.1527   
535423.5225     3.2359    0.9888   
535423.6225     2.7241    0.6140   
535423.7225     2.6517    0.7334   
535423.8225     3.0280    0.8168   
535424.1225     3.6373    1.9172   
535424.2224     3.7363    0.8069   
535424.3225     3.2729    0.3033   
535424.8235     3.5683    0.4648   
535424.9225     3.7121    0.4791   
535425.0227     3.4624    0.6587   
535425.1225     3.2051    0.9728   
535425.2225     3.3482    0.8311   
535425.3231     3.2633    0.9184   
535425.4225     3.0017    0.9485   
535425.8225     2.9729    0.3595   
535425.9226     2.8193    0.5105   
535426.0227     2.9474    0.3602   
535426.1227     3.4244    0.8104   
535426.3227     3.2222    0.8306   
535426.4227     2.8592    0.6543   
535426.6227     2.8692    0.6034   
535426.9227     2.3187    0.5325   
535427.0227     2.2489    0.3607   
535427.0227     3.0578    0.3839   
535427.1226     3.4831    0.6534   
535427.4228     3.0139    1.1375   
535427.5227     3.3135    1.2904   
535427.6227     3.3252    0.9551   
535427.8227     3.2218    1.0655   
535427.9226     3.0616    1.1763   
535428.0227     3.3699    1.2620   
535428.3227     3.1289    1.0847   
535428.4226     3.3488    0.9482   
535428.4226     3.4470    0.9473   
535428.8227     2.9790    0.6726   
535428.9227     3.2659    0.7216   
535428.9227     3.4879    0.7577   
535429.0226     3.7659    0.9075   
535429.1227     3.4527    1.0331   
535429.3227     3.2996    0.8815   
535429.5227     3.4294    0.9293   
535429.5227     3.5184    0.9815   
535429.6227     3.4832    1.1295   
535429.7239     3.4005    0.9129   
535429.7239     3.7183    0.8424   
535429.8227     4.0317    0.9923   
535429.9226     3.8094    0.7580   
535430.1240     4.2539    0.8464   
535430.2227     4.0506    0.6211   
535430.3226     4.2097    0.6428   
535430.4227     4.4447    0.6719   
535430.5227     4.3475    0.6906   
535430.5227     4.7626    0.9469   
535430.6227     4.7229    1.2490   
535430.7226     4.5826    1.3262   
535430.9227     5.2361    1.5783   
535431.0226     5.2354    1.9194   
535431.1227     5.1947    1.2762   
535431.2227     5.1880    1.2053   
535431.3227     5.3900    1.2737   
535431.4227     5.4621    1.9804   
535431.4227     5.6162    2.0524   
535431.5227     5.6867    2.2002   
535431.6227     5.9520    2.2372   
535431.7227     5.8694    2.3641   
535431.8227     5.8124    2.6857   
535431.9226     5.9009    2.9472   
535432.0227     5.9745    3.3925   
535432.1226     6.1026    3.5873   
535432.2227     6.1112    3.7437   
535432.3226     6.1194    3.6709   
535432.5227     5.3763    3.3528   
535432.7227     5.3947    3.3211   
535432.8227     5.4047    3.3092   
535433.0227     5.5950    3.1110   
535433.1227     5.7432    2.8612   
535433.2226     5.7253    2.6704   
535433.3227     5.9902    2.6846   
535433.4226     5.9462    2.7463   
535433.5227     6.1216    2.7116   
535433.6226     6.1603    2.7347   
535433.8227     5.6562    2.5832   
535433.9227     5.6635    2.6618   
535434.1227     5.9987    2.6567   
535434.2227     6.1005    2.9714   
535434.3226     6.1698    2.8245   
535434.3226     6.2519    2.7449   
535434.4226     6.3154    2.3443   
535434.9227     5.7917    1.7254   
535435.7226     3.8829    1.1467   
535435.8226     4.0722    1.3812   
535435.9227     4.2007    1.5392   
535436.0227     4.3580    1.6201   
535436.1227     4.0915    1.3427   
535436.2227     3.0355    1.4534   
535436.3227     2.9251    1.7005   
535436.4227     2.7840    2.0597   
535436.7230     4.4761    2.1461   
535436.8234     3.9867    2.2059   
535436.9231     2.4076    1.7904   
535437.1228     2.8117    1.9215   
535437.3227     3.4522    2.6743   
535437.4227     3.5178    3.2766   
535437.5227     2.7784    3.5971   
535437.7227     2.9364    2.6290   
535437.8235     5.4096    0.8086   
535437.9227     5.5564    0.8603   
535438.0227     5.3443    0.6904   
535438.1227     3.0576    1.1048   
535438.3227     4.5351    1.3800   
535438.5226     4.4709    1.9637   
535438.7227     4.8377    2.5062   
535439.0227     3.8952    2.1695   
535439.3227     4.0112    0.9753   
535439.5227     3.4609    1.2559   
535439.6227     3.0066    1.4353   
535439.7227     2.7185    1.1017   
535439.8227     3.0785    1.0586   
535439.9226     2.6735    1.0029   
535440.0227     2.8334    0.8958   
535440.1234     2.5677    0.9581   
535440.2227     2.4579    1.1638   
535440.3227     2.6983    0.9513   
535440.4226     2.9276    1.1522   
535440.5227     3.2331    1.1808   
535440.6227     3.2431    1.2512   
535440.8226     3.2060    1.3086   
535441.0227     2.7070    1.3903   
535441.2227     2.6177    0.9199   
535441.5227     3.0493    1.1623   
535441.6227     2.9657    1.2526   
535441.9227     3.1209    1.2262   
535442.0226     22.8657   2.2464   
535442.2227     23.2911   2.0005   
535442.3226     38.3828   1.5840   
535442.4227     45.8013   0.9577   
535442.5227     46.0577   1.0316   
535442.7177     51.4574   0.8567   
535442.8177     54.3138   1.3733   
535443.0627     70.5660   1.2148   
535443.4627     71.3155   2.1609   
535443.5627     70.6576   2.3302   
535443.7627     58.6768   1.3503   
535443.8627     58.9186   1.0346   
535444.2627     53.7446   1.8326   
535444.3627     54.0528   1.9227   
535444.4626     57.1622   2.1838   
535445.9627     35.6146   1.8417   
535446.0627     35.8775   1.9926   
535446.1627     35.9614   2.1906   
535447.4150     26.5613   1.7681   
535448.1627     23.7450   1.6425   
535448.2627     23.7779   1.3475   
535448.4627     21.6890   1.2829   
535449.6635     16.6119   1.4778   
535450.1635     13.4604   1.5199   
535450.2635     13.9936   1.7701   
535450.3635     13.9348   2.0685   
535450.5635     12.7329   1.9029   
535451.2635     17.0696   2.6020   
535451.3635     16.7908   2.2308   
535452.5585     24.2652   1.3341   
535452.8585     21.7297   0.5393   
535452.9585     21.5954   0.4940   
535453.2605     12.7664   2.2766   
535453.3585     8.6595    0.9318   
535453.4586     8.5563    0.7668   
535453.7587     43.4377   1.3921   
535453.8593     43.7439   1.8759   
535454.1585     56.5674   2.1913   
535454.2600     56.8849   2.6513   
535454.2600     57.6528   2.7450   
535454.3585     57.9433   3.3457   
535454.5585     57.6050   3.6294   
535454.6585     57.9235   3.6616   
535454.7585     58.2211   4.1257   
535454.8585     57.0753   4.0312   
535454.9585     57.3131   3.9569   
535455.2585     58.4404   4.5861   
535455.2585     59.1242   4.5096   
535455.5585     57.4675   3.7559   
535455.7585     56.0885   3.3881   
535456.1585     56.6624   2.1293   
535456.3585     56.7594   2.4234   
535457.2585     51.7213   4.2800   
535457.8608     54.0463   7.8681   
535457.9609     54.6308   8.7831   
535458.1608     54.7000   11.3021  
535459.7609     48.8047   10.9154  
535459.9608     48.0473   10.9798  
535461.0609     70.7737   6.9313   
535461.2609     77.3696   7.4641   
535461.3609     78.5458   7.6762   
535461.4608     78.5493   7.7593   
535461.5609     78.5497   7.6904   
535461.8608     79.5825   7.0949   
535461.9609     82.5911   6.3143   
535462.0608     82.8556   5.8549   
535462.1609     82.9795   5.6600   
535462.2608     82.4152   4.9758   
535462.3608     81.4874   4.9811   
535462.4609     81.5841   6.1795   
535462.6609     81.9393   6.5331   
535462.7609     81.9703   7.6721   
535462.8608     82.0884   8.0073   
535462.9608     82.0303   7.6404   
535463.0608     81.9437   7.9083   
535463.1608     81.5760   7.4491   
535463.2608     81.4263   7.0632   
535463.3608     81.5333   7.1415   
535463.4608     81.4756   6.7669   
535463.5608     81.2445   6.0562   
535463.7608     82.0974   4.5294   
535463.8599     81.5801   3.9910   
535464.2549     60.7571   1.4930   
535464.4550     61.0791   1.3734   
535464.6549     61.4585   1.4541   
535477.8399     45.1516   4.6217   
535478.7399     45.0345   4.7428   
