535162.2619     6.3333    6.7328   
535162.2619     6.3459    6.6331   
535162.2619     6.4153    6.5992   
535162.3619     6.7104    6.6735   
535162.3619     6.7864    6.6781   
535162.4619     6.9858    6.5008   
535162.9619     5.4681    6.8899   
535162.9619     5.3038    6.6763   
535163.0619     4.9972    6.2820   
535163.1619     4.7934    5.9620   
535163.2619     4.6847    5.3820   
535163.3619     1.1384    1.8999   
535163.3619     4.8650    5.7078   
535163.4619     4.7649    5.5973   
535163.5619     4.6436    5.5043   
535163.6623     4.6555    5.4886   
535163.6623     4.6493    5.4390   
535163.7624     4.7158    5.2852   
535163.8619     4.3087    4.8076   
535163.8619     4.2878    4.8626   
535163.9619     4.1619    4.8022   
535164.0619     3.9610    4.4124   
535164.1630     3.8231    4.3721   
535164.2619     3.8843    4.2310   
535164.2619     3.8525    4.1876   
535164.3621     3.6197    3.8202   
535164.4620     3.4198    3.5575   
535164.4620     3.4058    3.5838   
535164.6619     3.4493    3.6250   
535164.6619     3.5557    3.8069   
535164.7619     3.4652    3.6860   
535164.8622     3.4082    3.5751   
535164.9620     3.3782    3.4993   
535165.0619     3.4244    3.6794   
535165.2620     4.4577    4.8827   
535165.3619     4.4339    4.8612   
535165.4619     4.3850    4.7874   
535165.5619     4.3493    4.7028   
535165.7619     4.5485    4.9105   
535165.8619     4.4959    4.7570   
535165.9619     4.4409    4.6603   
535166.1619     4.4494    4.6754   
535166.2619     4.5340    4.4898   
535166.4619     4.5763    4.4652   
535166.5619     4.7287    4.7144   
535166.6623     4.7362    4.8506   
535166.7620     4.7140    4.7692   
535166.8620     4.6965    4.5920   
535167.0619     4.7453    4.5946   
535167.1620     4.7626    4.5623   
535167.2619     4.9791    5.1471   
535167.3619     4.7777    4.6920   
535167.4620     5.0700    5.1053   
535167.5619     5.1407    5.2247   
535167.6620     5.1781    5.2223   
535167.6620     5.1284    5.1610   
535167.7619     5.2010    5.2683   
535167.8636     5.2493    5.3671   
535167.8636     5.2598    5.3906   
535167.9619     5.2919    5.4124   
535167.9619     5.2643    5.3899   
535168.0619     5.2879    5.4145   
535168.0619     5.2936    5.4259   
535168.1619     5.3553    5.4567   
535168.1619     5.3415    5.4518   
535168.2619     4.8263    4.8007   
535168.3619     5.0743    5.0272   
535168.4619     5.3559    5.3659   
535168.5621     5.3673    5.3242   
535168.6619     5.3696    5.3389   
535168.7619     5.4456    5.5551   
535168.8619     5.4651    5.5924   
535168.9625     5.5020    5.5811   
535168.9625     5.5159    5.6173   
535169.0619     5.5572    5.5755   
535169.1620     5.5523    5.5004   
535169.2619     5.0197    4.8299   
535169.3625     5.2974    5.0832   
535169.4619     5.5808    5.3567   
535169.5619     5.6106    5.3214   
535169.6619     5.6114    5.2723   
535169.7619     5.6052    5.2607   
535169.8619     5.6696    5.2972   
535169.9619     5.6855    5.2962   
535170.0619     5.6301    5.1373   
535170.0619     5.6418    5.1526   
535170.1619     5.6662    5.1196   
535170.1619     5.6693    5.1350   
535170.2619     5.0546    4.5106   
535170.2619     5.0678    4.5534   
535170.3619     5.3884    4.8577   
535170.3619     5.3890    4.8683   
535170.4619     5.6998    5.1360   
535170.4619     5.6893    5.1286   
535170.5620     5.7906    5.2111   
535170.6627     5.8465    5.2012   
535170.6627     5.8288    5.1861   
535170.7619     5.8638    5.1750   
535170.7619     5.9060    5.2324   
535170.8619     5.8624    5.2203   
535170.8619     5.7725    5.2142   
535170.8619     5.7732    5.3828   
535170.9619     5.8808    5.6290   
535170.9619     5.4507    5.1605   
535170.9619     5.3526    4.9039   
535171.0619     5.3254    4.4979   
535171.0619     5.1671    4.2634   
535171.1619     5.4480    4.3733   
535171.1619     5.3269    4.2411   
535171.1619     5.2832    4.1952   
535171.2619     4.6496    3.4775   
535171.2619     4.7123    3.5496   
535171.2619     4.6869    3.5246   
535171.3623     5.0348    3.8473   
535171.3623     5.0195    3.8223   
535171.3623     5.0523    3.8634   
535171.3623     5.0664    3.8878   
535171.4619     5.3314    4.0194   
535171.4619     5.3642    3.9887   
535171.4619     5.3054    3.8584   
535171.4619     5.2648    3.7867   
535171.4619     5.2962    3.8207   
535171.5619     5.4180    3.8294   
535171.5619     5.4123    3.8496   
535171.5619     5.4235    3.9417   
535171.5619     5.3728    4.0137   
535171.6622     5.6304    4.3066   
535171.6622     5.6059    4.0930   
535171.7626     5.3306    3.4131   
535171.7626     5.4251    3.5283   
535171.8622     4.8381    3.1238   
535171.9620     4.2754    2.2119   
535171.9620     4.3377    2.1377   
535172.0626     4.1385    1.9844   
535172.0626     4.1369    2.0828   
535172.1620     4.1240    1.9313   
535172.2619     3.5347    1.5490   
535172.2619     3.5404    2.1529   
535172.3627     2.6972    1.9969   
535172.4624     2.9579    1.5529   
535172.4624     2.9329    1.5557   
535172.5619     3.0172    1.5317   
535172.6620     3.1015    1.5172   
535172.6620     2.9560    1.5093   
535172.7619     3.0316    1.9232   
535172.8620     3.1652    1.8651   
535172.9619     3.3880    2.6305   
535173.0624     3.6425    3.6620   
535173.1619     3.0715    2.7360   
535173.2621     2.4110    2.2883   
535173.3619     2.3038    1.1843   
535173.4622     2.5634    1.0535   
535173.6620     2.8337    0.6282   
535173.7619     2.6643    0.7840   
535174.1619     2.7067    0.9581   
535174.4619     2.4260    1.4274   
535174.5619     2.4395    1.3587   
535174.6619     2.4011    1.3999   
535174.7620     2.5058    1.3473   
535174.8620     2.4731    1.3209   
535174.9619     2.4740    1.3066   
535175.0619     2.4272    1.3639   
535175.1619     2.4411    1.3535   
535175.6619     2.4911    1.6563   
535175.7619     2.4298    1.7423   
535175.8619     2.3356    1.9362   
535175.9619     2.3018    2.1783   
535176.2629     1.0549    3.5917   
535176.3619     1.6951    2.9954   
535176.4620     2.2381    2.4545   
535176.5600     2.3161    1.8619   
535176.6601     2.3482    2.0385   
535176.7601     2.3996    2.6679   
535176.8601     2.4114    2.7217   
535177.1601     2.5752    2.2692   
535177.9601     1.7981    2.9937   
535178.0601     1.6532    3.0431   
535178.1552     1.6109    2.8011   
535178.5551     1.4597    3.3090   
535178.6551     1.4524    3.4821   
535178.7551     1.4686    3.6120   
535179.1551     1.4083    3.5375   
535179.4551     0.6063    3.7888   
535179.5551     0.7006    3.6503   
535179.6551     0.7751    3.6243   
535179.7573     0.8129    3.5470   
535179.8551     0.8372    3.5289   
535180.2551     1.0793    2.3103   
535180.5551     0.8030    2.7902   
535181.0551     1.0255    2.6145   
535181.1551     1.0466    2.5764   
535181.2551     0.9559    2.3557   
535181.5551     1.0153    1.7864   
535181.8551     0.8200    2.0690   
535182.1551     1.0325    2.2285   
535182.3551     1.0060    2.1481   
535182.5551     1.0817    2.1298   
535182.7551     1.1378    2.0978   
535182.9551     1.2081    2.1019   
535183.1001     1.2518    2.0145   
535183.2001     1.2004    2.3667   
535184.5001     1.1270    2.3983   
535184.7001     1.4286    2.6677   
535184.8951     1.5710    2.6226   
535184.9951     1.6126    2.6632   
535185.0951     1.6371    2.7341   
535185.1951     1.6510    2.6843   
535185.2960     1.5030    2.5984   
535185.3951     1.5400    2.6297   
535185.9951     1.5960    2.4386   
535186.2431     1.7678    2.0498   
535186.3431     1.7910    2.2867   
535186.4431     1.8224    2.4993   
535186.5431     1.8292    2.4374   
535186.5950     1.8967    2.4067   
535187.4381     2.0930    1.7430   
535187.6831     2.1095    1.9079   
535188.0835     2.0760    2.0273   
535188.1835     2.1856    1.9016   
535188.3835     2.4915    2.0880   
535188.6835     2.7212    2.3666   
535188.9835     3.1412    3.0966   
535189.2837     2.9662    2.3047   
535189.3835     2.7239    1.8745   
535189.6836     3.3175    2.4189   
535190.7835     3.5867    1.8703   
535191.1835     4.0078    2.8490   
535191.6835     3.8771    1.9725   
535191.7835     3.8512    1.9322   
535191.8835     3.8278    2.0226   
535192.0835     4.2924    2.6830   
535192.1835     3.9547    2.6437   
535192.2835     3.8433    2.5670   
535192.3835     3.7821    2.3346   
535192.5835     3.3929    1.7835   
535192.6835     3.4140    1.8010   
535192.7835     3.4507    1.9653   
535192.9835     3.2610    1.9963   
535193.0835     3.2905    1.8765   
535193.1835     3.3017    1.8495   
535193.2835     3.3517    1.8597   
535193.3351     3.2829    1.7847   
535193.3835     3.2807    1.9433   
535193.3835     3.2606    1.9456   
535193.4835     3.2545    1.9853   
535193.6835     3.5705    2.3444   
535193.7835     3.6371    2.3659   
535193.8835     3.6790    2.3391   
535193.9835     3.8850    2.3883   
535194.1835     3.8906    2.2964   
535194.2835     3.8758    2.1249   
535194.4835     3.7831    2.0963   
535194.5835     3.8179    2.1402   
535194.7835     3.8713    2.1406   
535194.8835     3.3482    1.6554   
535195.1835     3.3065    1.4392   
535195.2835     3.2068    1.3802   
535195.3835     2.8684    1.3612   
535195.9836     3.0681    1.3725   
535196.1835     3.1208    1.6184   
535196.4835     2.9141    1.6198   
535196.8835     2.8043    2.0279   
535197.0835     2.8647    2.0280   
535197.2835     2.5502    1.5946   
535197.7835     2.8281    2.2301   
535198.2835     2.7933    2.0745   
535198.5835     2.8397    1.8734   
535198.8835     3.0759    2.0708   
535199.5835     2.8694    1.7385   
535199.9835     2.6297    1.7421   
535200.4835     2.4590    1.5068   
535200.7835     2.4909    1.3037   
535200.9355     2.7404    1.3763   
535201.4355     2.5321    1.1532   
535201.6355     2.3338    1.0557   
535203.1355     2.3070    0.7604   
535204.1355     2.0509    0.1902   
535204.5805     2.1184    0.4144   
535205.5805     2.2096    0.8775   
535205.6805     2.2817    1.0379   
535206.2805     1.8929    1.3859   
535207.9805     1.5049    1.0455   
535208.0805     1.4810    1.0957   
535208.1805     1.7200    0.8737   
535208.6805     1.6565    1.0408   
535209.1805     1.5703    0.9492   
535210.0805     1.1105    1.0763   
535210.5805     1.3401    0.7939   
535211.1805     2.2885    0.6993   
535212.4805     0.5865    1.1470   
535212.7805     1.0802    1.2351   
535213.4755     0.6983    0.5925   
535215.0205     0.5049    0.9778   
535215.5205     0.9752    0.7007   
535216.1205     1.0698    0.1144   
535216.5205     0.6338    0.7330   
535216.8205     0.8625    0.2673   
535217.1205     0.8342    0.4497   
535217.4205     1.7822    0.8814   
535217.5205     0.4183    1.0067   
535218.4155     0.6924    1.0832   
535218.8155     0.7735    1.6248   
535219.2157     2.3675    2.4963   
535219.5155     2.2552    2.1685   
535219.9155     2.3345    2.3557   
535220.9155     1.0138    1.9781   
535222.0155     2.8756    2.4207   
535222.1155     2.9074    2.4013   
535222.2155     2.9888    2.5837   
535222.3155     2.7616    2.0924   
535222.9155     1.2833    1.6317   
535223.2155     2.4421    2.0328   
535223.5155     2.3547    1.4408   
535223.6155     2.3144    1.4831   
535223.7155     2.2921    1.4327   
535223.8155     2.2559    1.6221   
535223.9155     2.3590    1.6698   
535224.0155     2.9850    1.7119   
535225.0155     2.0242    1.1223   
535225.1155     1.9154    1.0809   
535225.3155     1.7872    1.2413   
535225.4155     1.8144    1.0212   
535225.9155     1.9414    1.0025   
535226.0155     2.1493    0.9612   
535226.1155     1.9222    1.3121   
535226.7605     1.3495    1.6501   
535227.0605     1.4606    1.5279   
535227.1605     1.3657    1.4335   
535227.5605     1.3847    1.5296   
535227.6605     1.2591    1.6671   
535228.0605     1.3641    1.4613   
535228.1605     1.1837    1.4372   
535228.2605     1.3005    1.2586   
535228.5614     0.7978    1.5452   
535228.6608     1.2094    1.2980   
535228.7605     1.2538    1.2190   
535229.5605     0.8928    1.9480   
535229.6605     0.8847    2.1509   
535230.6555     0.8299    1.5578   
535230.9555     1.1244    1.3527   
535231.0555     1.1376    1.3873   
535231.1555     1.2209    1.3823   
535231.2555     1.3300    1.2804   
535231.3555     1.1090    1.4802   
535231.4555     1.1631    1.5520   
535231.5555     1.2876    1.4987   
535231.6555     1.2293    1.4662   
535231.7555     1.2377    1.6187   
535231.9555     1.3353    1.2808   
535232.0555     1.2344    1.4195   
535232.1555     1.2019    1.4311   
535232.2555     1.3233    1.3242   
535232.3555     1.2779    1.5102   
535232.4555     1.4158    1.5239   
535232.5555     1.4740    1.5270   
535233.2555     1.8556    1.4055   
535233.4555     1.7908    1.5921   
535233.7005     1.9646    2.1538   
535234.0005     1.6494    2.3554   
535234.2005     1.8905    2.5421   
535234.3005     1.8940    2.1515   
535234.8955     1.9044    1.9383   
535235.1955     1.8716    1.6255   
535235.2955     1.8934    1.6246   
535235.4955     1.9323    1.6056   
535235.8405     1.5489    1.0470   
535236.0405     1.4655    1.0897   
535236.3405     1.0867    1.1676   
535236.6405     1.8840    0.8380   
535236.9412     1.9287    0.4679   
535237.5413     1.9481    0.2849   
535237.6413     1.9400    0.4128   
535239.0414     1.8532    0.1147   
535239.1413     2.0882    0.3012   
535239.2413     2.1116    0.3546   
535240.3413     2.1327    0.7677   
535240.4413     2.1205    1.1666   
535240.6414     2.1592    1.2584   
535240.7413     2.1808    1.2289   
535241.0413     2.1339    0.8801   
535241.1413     2.0896    0.7146   
535241.2413     2.1760    0.6993   
535241.3413     2.1876    0.6297   
535241.4413     2.1590    0.5518   
535241.5413     2.2947    0.5837   
535241.6413     2.3212    0.6247   
535241.7413     2.3252    0.6613   
535241.8413     2.3730    0.6414   
535242.0413     2.2973    0.5763   
535242.1413     2.3109    0.5307   
535242.2413     2.2070    0.4236   
535242.3413     2.1778    0.4166   
535243.2813     2.3374    0.4301   
535243.3813     2.2671    0.4559   
535243.4813     2.2855    0.4863   
535243.5813     2.3234    0.5024   
535243.6813     2.3138    0.4597   
535243.7813     2.3110    0.4635   
535243.8813     2.3239    0.4057   
535243.9812     2.3506    0.3897   
535244.0812     2.2200    0.3340   
535244.1813     2.2336    0.1859   
535244.2813     2.2541    0.1929   
535244.3813     2.2762    0.1949   
535244.4813     2.2789    0.1824   
535246.8763     2.0266    0.4516   
535246.9763     2.0211    0.2970   
535247.0763     2.0400    0.2908   
535247.1763     2.0437    0.4580   
535248.8763     1.8449    0.4416   
535248.9763     1.8911    0.3331   
535249.0763     1.9167    0.3625   
535249.1763     1.8357    0.4786   
535250.8163     2.1949    0.2858   
535250.9163     2.2097    0.3517   
535251.0163     2.1958    0.5465   
535251.1162     2.1725    0.4696   
535251.3163     2.1738    0.4621   
535251.4163     2.1757    0.4762   
535252.0165     1.9788    0.7261   
535252.1165     1.9551    0.6914   
535252.7165     1.8336    1.1063   
535253.3165     2.0050    0.9263   
535253.9165     2.0096    1.0023   
535254.0165     1.9901    1.0267   
535254.4165     1.9340    1.2190   
535254.6165     2.1038    1.0688   
535254.7165     2.1044    1.0367   
535255.2165     2.0292    1.1746   
535255.3165     2.0126    1.1377   
535255.4165     2.0290    1.3097   
535257.2640     2.2856    2.2684   
535257.3640     2.3381    2.1919   
535257.7140     2.3105    1.1568   
535257.8140     2.3048    0.7949   
535257.9140     2.2471    0.8644   
535258.0140     2.2387    0.5161   
535258.2640     2.4019    0.3074   
535258.3641     2.4071    1.3522   
535258.4640     2.3777    2.6762   
535258.5640     2.4007    2.6116   
535258.8140     2.3888    1.8307   
535259.0140     2.3183    2.7472   
535259.1140     2.2867    2.9824   
535259.4640     2.3705    1.1420   
535259.5640     2.3367    0.8443   
535259.9642     2.2408    1.0428   
535260.6140     2.4494    1.2372   
535261.5140     2.6790    1.3880   
535261.6140     2.7965    1.1806   
535261.7140     2.8639    1.2999   
535261.8140     2.8785    1.2151   
535261.9140     2.8433    1.2027   
535262.0140     2.8562    1.3163   
535262.1140     2.7981    1.3748   
535263.2140     3.1832    2.0236   
535263.4140     3.0857    1.8146   
535264.4592     2.9951    1.8314   
535264.6590     3.1440    2.1302   
535264.7590     3.2329    2.0504   
535264.9555     3.3313    2.1985   
535265.5565     2.9757    1.3580   
535265.6565     2.7313    1.4806   
535267.1015     2.8453    2.0986   
535267.2015     2.7296    1.6042   
535267.3015     2.7697    1.3845   
535267.4015     2.8719    1.1392   
535267.6015     2.6602    0.6863   
535268.3015     2.4161    0.5061   
535268.4015     2.4454    0.3844   
535269.0015     2.7481    1.2155   
535269.1015     2.7386    1.6493   
535269.4015     2.5672    1.6608   
535269.6015     2.4673    1.4134   
535269.7015     2.4076    0.8785   
535269.8015     2.5007    0.7173   
535270.1015     2.6792    0.7693   
535271.1995     1.9639    0.9195   
535271.2995     2.0322    0.3339   
535271.3995     2.0879    0.4211   
535271.4995     2.0848    0.4863   
535271.5995     2.3059    0.5546   
535271.6995     2.1877    0.8330   
535272.0995     2.1024    0.6406   
535273.5995     1.8866    1.9338   
535273.9995     1.8796    1.8652   
535274.0995     1.8769    0.9885   
535274.5995     2.2914    0.7420   
535274.6995     2.3379    1.0794   
535275.0995     2.0392    0.6657   
535275.1995     2.1246    1.3309   
535275.5995     2.3561    1.5038   
535275.6995     2.0822    1.4138   
535276.1945     2.2019    1.2509   
535276.5445     2.0529    0.4100   
535276.6966     1.9135    0.3736   
535276.9447     1.6979    0.6472   
535277.1945     1.8628    0.6140   
535277.5945     2.0099    0.6413   
535278.4445     1.8335    0.3240   
535278.7445     1.8946    0.5358   
535278.9945     2.0549    0.2886   
535279.2945     2.1245    0.3189   
535279.5945     1.9250    0.4792   
535280.2445     2.0909    0.8969   
535280.6445     1.5701    1.0692   
535281.1945     2.0232    0.5725   
535281.3945     3.0986    0.6133   
535281.6445     3.1233    0.7895   
535281.9445     3.4533    0.5504   
535282.1945     3.2170    0.7877   
535282.8945     4.0164    1.5476   
535282.9945     3.7211    0.9583   
535283.2445     2.2360    0.5406   
535283.3445     2.1848    0.4847   
535283.4445     2.0093    0.5028   
535283.5445     1.9901    0.5147   
535283.6445     2.1073    0.4755   
535283.9945     2.0793    1.1941   
535284.0945     2.4117    0.8989   
535284.1945     2.4971    0.4614   
535284.2945     1.6445    1.0240   
535284.3944     1.3342    1.2239   
535285.2955     2.4840    1.2008   
535285.3955     2.2124    1.3450   
535286.9965     2.7652    2.4267   
535287.0965     2.8005    2.1892   
535287.2965     2.6918    1.9242   
535287.3965     2.8263    1.5995   
535287.4965     2.7404    1.3868   
535287.5965     2.6414    1.1713   
535287.6972     2.7038    1.0956   
535288.1965     2.6642    1.0941   
535288.2965     2.8377    0.8282   
535288.3965     2.6057    1.0691   
535288.4965     2.1305    1.0958   
535288.5965     2.5586    1.4922   
535288.8965     2.6214    1.2253   
535289.2975     2.2467    1.0353   
535289.8965     2.2865    0.4519   
535290.0428     2.6182    0.9478   
535290.1414     2.4740    0.7100   
535290.2415     2.2360    0.3885   
535290.3415     2.4186    0.5044   
535290.8415     2.4309    0.3620   
535290.9419     2.4916    0.3117   
535291.4365     1.7921    0.4946   
535291.5365     1.7868    0.2509   
535292.1365     1.9674    1.2874   
535292.2365     2.0481    1.4778   
535292.4365     2.3687    1.7157   
535292.5365     2.4831    2.0834   
535292.6365     2.3545    2.1459   
535292.9365     3.0389    3.8710   
535293.2364     2.7701    3.1538   
535293.3365     2.7393    2.7711   
535294.2365     3.1523    3.4587   
535294.5365     3.2987    4.6390   
535294.6365     3.2974    4.7577   
535295.1365     3.1716    3.0046   
535295.7365     2.8683    2.6405   
535295.8365     2.8290    2.9022   
535298.4365     2.0204    1.0267   
535299.6365     1.9787    1.1143   
535299.7365     1.9201    1.1503   
535299.8365     1.9908    1.0300   
535300.1815     1.6699    1.3653   
535300.2829     1.6504    1.2853   
535300.9819     1.6489    1.6782   
535301.6814     1.7202    2.8877   
535301.9814     1.3877    2.7709   
535302.3815     1.8069    3.5700   
535302.5815     1.8189    2.9732   
535302.7815     1.6689    3.4855   
535302.9814     1.7154    3.5126   
535303.1815     1.8230    2.8246   
535303.3815     1.8439    2.7034   
535303.7814     1.8230    2.4737   
535304.1814     1.8048    3.3475   
535304.3814     1.8801    2.9309   
535304.7815     1.9015    2.0850   
535305.5815     2.0878    1.3140   
535305.8814     2.2272    1.1897   
535306.4765     2.1054    1.9251   
535306.7765     1.9483    1.2056   
535307.0766     1.6560    1.5258   
535307.3764     1.4660    1.4483   
535307.6772     1.0275    1.2813   
535307.9765     0.6898    1.3767   
535308.2774     0.7351    1.4542   
535308.4765     0.8413    1.6752   
535308.7765     0.8596    2.2737   
535309.6765     0.5955    3.9581   
535309.8765     0.5743    4.2105   
535310.0765     0.6691    4.1800   
535310.2765     1.0544    3.9709   
535310.4764     1.3830    3.8995   
535310.7764     1.8036    3.6462   
535311.0765     2.0992    3.7155   
535311.3824     2.1792    3.6058   
535311.4825     1.8065    3.7742   
535311.8824     1.7360    3.5979   
535311.9824     1.6688    3.7257   
535312.3844     1.5025    3.6075   
535312.4832     1.5536    3.1315   
535312.5824     1.5679    3.0205   
535312.6824     1.1849    3.2292   
535312.7824     1.0399    3.5029   
535312.8825     0.9075    3.4290   
535312.9824     0.9490    3.1406   
535313.5824     0.5765    2.9131   
535313.6824     0.7058    2.9227   
535313.7824     0.7014    3.0093   
535313.8824     0.6823    3.0129   
535313.9824     0.5933    3.3290   
535314.6825     0.6909    3.4422   
535315.0824     0.9735    2.7911   
535315.1826     1.0677    2.3889   
535315.3825     1.2137    1.6519   
535315.4824     1.3601    2.3189   
535316.1824     2.1153    2.7215   
535316.2824     2.5498    2.5039   
535316.3824     2.5000    2.5222   
535316.4824     2.5696    2.4732   
535316.6824     2.7983    2.4413   
535316.7825     2.8449    2.1930   
535316.8824     2.7864    2.1573   
535316.8824     2.7384    2.1899   
535316.9824     2.8975    1.9152   
535317.0824     2.7450    1.3974   
535317.1824     2.9513    1.2980   
535317.1824     2.8780    1.4064   
535317.2825     2.4835    2.3132   
535317.5824     2.0492    1.7931   
535317.6825     1.9107    2.0688   
535317.7824     2.0447    1.9441   
535317.8830     2.2858    1.9743   
535317.9827     2.6090    1.9999   
535318.1831     3.3431    2.7900   
535318.3825     3.6351    2.4802   
535318.4824     3.6403    2.2049   
535318.5825     3.3750    2.2021   
535318.6824     2.9868    1.9277   
535318.9774     2.2894    1.4916   
535319.1776     2.1967    1.7174   
535319.3782     2.1707    1.7918   
535319.6778     2.5887    1.4880   
535320.0776     2.7718    1.5544   
535320.6776     3.2227    1.4455   
535320.7776     3.4207    2.0668   
535320.8776     2.9274    1.0813   
535321.1776     2.6644    1.1524   
535321.2776     2.8682    1.5428   
535321.6801     3.6244    2.3298   
535321.8780     3.4854    1.7476   
535322.3776     2.9217    1.5084   
535322.5785     2.8515    1.4288   
535322.9785     2.3222    0.9179   
535323.4786     2.6713    1.2882   
535323.7785     2.3713    1.2273   
535324.1785     2.4000    1.2713   
535324.2794     2.6027    1.4338   
535324.3785     2.5942    1.4302   
535324.7785     3.0076    2.1580   
535325.0785     3.1105    1.1227   
535325.1784     3.0051    1.3146   
535325.2785     2.7875    1.1244   
535325.7785     2.3469    1.2998   
535326.9785     2.5136    1.5058   
535327.9785     1.8603    1.2126   
535328.0785     1.8111    1.0805   
535328.5785     2.4632    1.2297   
535329.1785     2.1611    2.4077   
535329.2785     2.1645    2.7156   
535329.5785     2.1752    2.4150   
535330.3792     2.4493    0.7746   
535330.6785     2.3226    0.6981   
535331.0785     2.6981    1.1163   
535331.6786     2.5163    0.9611   
535331.7785     2.5707    1.3279   
535333.2785     2.8913    1.0760   
535333.3785     2.7710    1.4743   
535333.4785     2.7744    1.5019   
535333.5785     2.8545    1.0425   
535333.6785     3.0931    0.7558   
535334.6787     2.6925    1.0584   
535335.1785     2.6181    0.5195   
535335.2785     2.5048    0.4549   
535335.5785     2.5973    0.5700   
535335.8785     2.7017    0.5730   
535336.1785     2.0050    2.2415   
535336.3785     2.0967    0.3259   
535336.8785     2.8887    2.0441   
535337.1785     2.5075    0.5940   
535337.2785     2.4546    0.8782   
535337.5785     2.3005    0.9713   
535338.0791     2.2142    1.6362   
535339.0235     2.6012    0.7572   
535339.7235     2.5460    0.8450   
535339.8235     2.6195    1.2422   
535339.9235     2.7951    0.8305   
535340.0235     2.9068    0.2419   
535341.0234     3.1679    1.2599   
535341.1235     3.2138    1.3971   
535341.2235     3.1576    1.6511   
535341.3235     3.0559    1.7805   
535341.4235     3.0629    1.9941   
535341.6235     2.9443    2.6270   
535341.7235     2.9210    2.6864   
535341.8235     2.8980    2.6231   
535341.9235     2.9400    2.2876   
535342.0235     3.0315    2.1223   
535342.1235     3.0864    1.9472   
535342.2235     3.0725    1.8732   
535342.3235     3.0132    1.8245   
535342.4235     3.0742    1.7036   
535343.0235     2.8425    2.0779   
535343.1235     2.8015    2.6018   
535343.2235     2.7194    2.8770   
535343.3235     2.6997    2.9728   
535343.4235     2.8561    2.2977   
535344.9235     3.4079    1.5727   
535345.0235     3.3563    1.6431   
535345.1235     3.1136    1.4256   
535349.5185     4.3390    4.7605   
535349.6185     4.1758    4.4442   
535350.3185     4.0368    4.9351   
535350.8185     4.5016    5.2765   
535351.7185     4.1318    5.9154   
535352.2185     3.9947    4.5227   
535352.5185     4.3442    3.8077   
535352.9185     4.0935    4.0808   
535353.2185     4.0576    3.6374   
535353.4635     4.2264    3.6578   
535354.6635     3.8123    5.1099   
535354.8143     3.7311    4.4273   
535354.9141     3.6910    3.6064   
535355.2635     3.7220    3.8544   
535355.5635     3.5586    2.6899   
535356.2650     3.1850    2.1467   
535356.4153     3.2435    2.2200   
535356.9150     3.2707    1.8559   
535357.2650     2.9308    0.6045   
535357.9150     2.5702    1.1142   
535358.0150     2.6418    0.7237   
535358.3162     2.5452    0.4786   
535358.4150     2.4643    0.5965   
535358.6650     2.4148    0.4095   
535358.7650     2.3190    0.1648   
535359.6150     2.0314    0.4925   
535360.1150     1.8765    2.2517   
535360.2650     2.2817    0.7703   
535360.5649     1.9400    1.7492   
535360.8600     1.8910    1.1586   
535360.9599     1.9495    1.0442   
535361.1599     2.4393    0.7331   
535361.2600     2.4997    0.7871   
535361.3600     2.1704    1.6141   
535361.5600     2.3895    0.3977   
535361.6599     2.4832    1.1855   
535361.9600     1.9708    1.8980   
535362.1600     1.9918    1.2226   
535362.2599     2.0971    0.7976   
535362.5600     2.2055    0.9995   
535362.8600     2.2175    0.3505   
535362.9599     2.1989    0.2417   
535363.5600     2.1911    1.1340   
535363.6600     2.3135    0.3351   
535363.7600     2.2692    1.1943   
535364.0600     2.3105    1.2909   
535364.1600     2.2961    1.2910   
535365.4600     2.0281    2.2470   
535365.7599     2.0065    1.7836   
535366.1600     2.1542    0.4484   
535366.4599     2.3756    0.8595   
535366.8600     2.4346    2.1725   
535367.7600     2.7271    1.3285   
535368.0600     2.8357    1.1501   
535368.3599     2.9377    1.2170   
535368.6600     3.0391    0.7471   
535369.0600     3.0932    1.2009   
535369.3600     3.0896    1.5995   
535369.6600     3.1737    2.5181   
535370.0612     3.2849    1.8286   
535370.4600     3.1899    0.8673   
535370.5600     3.2589    0.7266   
535371.0550     3.3982    1.0844   
535371.2050     3.4452    1.7569   
535371.7050     3.6663    1.8892   
535371.8050     3.7065    2.1729   
535371.9050     3.7755    2.5313   
535373.4050     3.5411    1.0682   
535373.5050     3.5942    1.0044   
535373.6050     3.6262    0.9306   
535373.7050     3.6640    0.9155   
535374.2550     3.5900    1.0051   
535374.3550     3.4653    1.0239   
535374.4550     3.4143    1.0337   
535374.5550     3.3874    1.1093   
535374.6550     3.3706    1.1294   
535375.0050     3.1648    1.7238   
535375.1050     3.1674    0.9250   
535375.3050     3.4784    2.5737   
535375.5551     3.5411    1.5634   
535375.7050     3.2771    1.3901   
535375.9049     3.6446    1.7544   
535376.0550     3.5376    1.3253   
535376.4550     3.3966    1.6018   
535376.6550     3.6117    1.5757   
535376.8553     3.5294    1.8371   
535377.3050     3.5420    1.4828   
535377.4555     3.6606    1.6089   
535377.7555     3.5157    1.5909   
535378.0555     3.1735    1.3112   
535378.1555     3.1351    1.2644   
535378.2555     3.3390    1.5875   
535378.3555     3.3213    1.9588   
535378.4555     3.2761    2.1381   
535378.6555     3.0543    1.3536   
535378.7556     3.0753    1.2814   
535379.4555     3.5312    1.0477   
535379.5555     3.7033    1.2541   
535379.6555     3.5641    1.5135   
535380.2556     3.7473    2.1734   
535380.3555     3.7908    2.3018   
535380.5005     3.8128    1.7889   
535380.6005     3.8568    1.6869   
535380.7005     3.8802    1.4574   
535381.5005     4.0835    1.7018   
535381.6005     4.1129    1.6523   
535383.0005     3.8546    1.4972   
535383.3005     4.1756    1.6888   
535383.6005     4.0575    1.5857   
535384.2005     3.6718    1.9434   
535384.5005     3.5032    1.1462   
535385.0005     3.6567    1.6242   
535385.2005     3.3235    1.5114   
535385.4005     3.2868    1.3514   
535385.7955     3.3215    1.1744   
535386.1955     3.3902    1.3239   
535386.9405     3.1265    1.2449   
535387.3405     3.1349    1.3482   
535387.8355     2.8207    0.9857   
535387.9355     2.8201    0.9442   
535388.3355     2.8924    1.0949   
535388.7355     2.9436    1.1153   
535389.1355     2.4772    0.9184   
535389.3355     2.4232    0.9778   
535389.4355     2.4994    1.1542   
535389.7355     2.4541    0.8735   
535390.1355     2.4684    1.0596   
535390.5355     2.1249    0.7898   
535390.6355     2.1429    1.0181   
535391.0355     2.1608    0.9289   
535391.4355     2.1018    0.6862   
535392.0355     1.8077    0.5810   
535392.7355     1.9411    0.4204   
535392.8355     2.0585    0.6714   
535392.9355     2.0495    0.6222   
535395.3355     2.0836    0.6771   
535395.4355     2.1891    0.9322   
535395.5355     2.1330    1.2164   
535395.6355     2.1280    1.7112   
535395.9355     2.1774    1.1219   
535396.0355     2.3538    1.1849   
535396.4355     2.6539    1.7087   
535397.8355     2.2213    0.6914   
535397.9355     2.2304    0.6306   
535398.0355     2.1899    0.4930   
535398.1355     2.2148    0.3912   
535398.7355     2.2565    0.3940   
535398.8355     2.2244    0.4279   
535399.9355     2.0574    0.4985   
535400.0355     2.1122    0.6193   
535400.1355     2.2306    0.6851   
535400.2355     2.3011    0.7519   
535400.3355     2.3849    0.9586   
535400.4355     2.3331    0.9803   
535400.5355     2.2615    1.0018   
535401.2355     2.1120    0.5088   
535401.3355     2.2253    0.6630   
535402.2355     2.2562    0.5497   
535402.4355     1.9320    0.5438   
535402.5355     2.0567    0.6065   
535402.6355     2.2090    0.8266   
535402.8380     2.2193    0.9707   
535402.9380     2.2018    0.9779   
535403.0380     2.0764    0.9352   
535403.5380     2.2405    1.1139   
535403.6380     2.1708    1.2166   
535404.0380     2.1646    0.9105   
535404.1380     2.1929    0.9118   
535404.7380     2.0657    0.7175   
535404.8380     2.0020    0.7236   
535405.5380     1.6669    1.0000   
535406.0380     2.3314    1.0751   
535406.1380     2.1018    1.3169   
535406.2380     2.0670    1.6016   
535406.3380     1.6154    2.0381   
535406.4380     1.6390    2.4909   
535406.8380     2.4242    1.1712   
535406.9380     2.2278    0.9439   
535407.0380     1.8651    0.8732   
535407.1380     1.7783    1.0117   
535407.3380     1.8887    0.9357   
535407.5380     1.9471    0.8870   
535407.7380     2.0521    1.0938   
535408.1381     1.7527    1.3254   
535408.3380     1.9137    1.2091   
535408.5380     1.7587    1.5364   
535408.6380     1.7964    1.1942   
535408.7380     1.8659    1.1945   
535408.8380     1.9412    0.9706   
535408.9380     1.8495    1.0244   
535409.0380     1.8092    1.0881   
535409.7380     1.6478    0.9134   
535409.8380     1.6539    1.0009   
535409.9380     1.7448    0.9817   
535410.4380     1.5967    0.9733   
535410.5380     1.7018    0.9188   
535410.6381     1.7950    0.7501   
535410.8380     1.6130    0.8738   
535410.9380     1.5433    0.9878   
535411.1380     1.8461    1.0132   
535411.4380     1.6481    1.2384   
535411.5380     1.6948    1.1397   
535411.6380     1.6821    1.3380   
535412.0380     1.7666    0.8151   
535412.1380     1.6619    1.1139   
535412.2380     1.5125    1.2403   
535412.5830     1.5056    0.5499   
535412.6830     1.5423    0.5853   
535413.1830     1.6010    0.8536   
535413.2830     1.6156    0.8324   
535415.3830     1.8462    0.8084   
535415.4830     1.8587    0.5261   
535415.5830     1.8176    0.5642   
535416.5830     1.7070    0.4323   
535416.6830     1.5917    0.2960   
535416.7830     1.5945    0.5123   
535417.6830     1.6541    1.4395   
535417.8830     1.6604    1.1726   
535417.9830     1.5532    0.8764   
535418.0830     1.5178    0.5126   
535418.4830     1.4436    1.2297   
535418.5830     1.6799    1.1458   
535418.9830     1.6283    0.5847   
535419.1836     1.4960    0.2715   
535419.2830     1.4180    0.6743   
535419.3830     1.4759    0.8677   
535419.8830     1.1653    1.4902   
535420.2830     1.3447    1.8505   
535420.9830     1.6121    1.2742   
535421.1830     1.4114    1.3629   
535421.2830     1.4538    1.1346   
535421.5825     1.4876    1.1359   
535421.7825     1.4733    1.4747   
535421.8825     1.7055    1.6283   
535422.1825     1.6580    0.6257   
535422.4775     1.8033    0.6003   
535422.5775     1.6167    0.5986   
535422.7775     1.6439    0.6012   
535422.9775     1.9155    1.3306   
535423.0775     1.9871    1.7637   
535423.2225     2.1415    1.6807   
535423.4225     2.1007    1.4135   
535423.6225     1.9323    1.4449   
535423.7225     1.8992    1.5325   
535423.9225     1.9456    1.7999   
535424.2224     1.8238    1.3199   
535424.7225     1.8814    0.9379   
535424.8235     1.9513    0.7043   
535425.2225     1.7903    1.3090   
535425.3231     1.9024    1.1966   
535425.4225     1.9159    1.4744   
535425.5225     1.8524    1.7214   
535425.6225     1.8917    1.8014   
535425.7232     1.8971    1.7635   
535426.1227     2.1719    2.1446   
535426.4227     2.2853    1.4406   
535426.6227     1.9760    0.9456   
535426.7227     1.9369    1.2241   
535426.8227     1.8428    1.2651   
535427.0227     1.7912    1.2963   
535427.5227     1.9647    1.1389   
535427.6227     1.7795    1.0517   
535428.0227     2.3132    2.0088   
535428.6227     2.3487    2.5705   
535428.7226     2.3487    2.4118   
535428.8227     2.5542    2.4628   
535428.9227     2.7819    2.4466   
535429.2227     2.8775    1.9149   
535429.5227     3.5799    1.3224   
535429.8227     3.4430    1.3523   
535429.9226     3.5237    1.3261   
535430.4227     3.0969    1.4690   
535430.6227     3.5128    1.6934   
535430.7226     3.5760    1.9427   
535431.0226     4.1037    0.6231   
535431.1227     4.0651    0.8440   
535431.2227     4.0543    0.8139   
535431.8227     4.4797    1.3462   
535432.4227     4.5124    1.9927   
535432.9226     4.3950    2.2539   
535433.0227     4.4697    2.4088   
535433.1227     4.4776    2.2664   
535433.2226     4.4635    2.0706   
535433.3227     4.9278    1.7232   
535433.4226     4.7018    1.7186   
535433.5227     4.6955    1.7328   
535433.6226     4.7338    1.4463   
535434.6227     4.3972    1.0825   
535435.2227     4.3254    0.5948   
535435.3226     4.2322    0.6446   
535435.4227     4.2533    0.7965   
535435.5227     3.2244    0.6428   
535435.6227     2.1228    0.6378   
535435.7226     2.1341    0.6983   
535437.1228     2.2922    0.8401   
535438.1227     2.0903    1.7217   
535438.3227     1.0429    1.1937   
535438.4227     1.1377    1.0423   
535438.7227     1.1549    0.6281   
535439.4227     1.9894    0.9001   
535439.5227     2.2510    0.6912   
535439.8227     2.3900    0.8421   
535439.9226     2.8659    1.1934   
535440.0227     2.6913    1.0764   
535440.3227     3.1685    1.2841   
535440.6227     1.4072    1.1238   
535440.9227     1.4281    0.8850   
535441.3227     1.3174    0.6851   
535442.5227     46.0905   0.5901   
535445.5627     14.8443   2.5935   
535445.6627     15.0904   2.4274   
535448.9635     17.8845   1.0554   
535450.1635     24.8700   2.1220   
535450.3635     25.7287   1.5064   
535450.7141     25.8737   0.7789   
535451.2635     27.7546   1.2334   
535451.4635     26.4382   0.9270   
535452.6585     4.9290    0.5676   
535456.4585     24.9145   3.2959   
535460.4608     42.6524   4.9227   
535460.5608     42.8551   5.0999   
535460.9609     45.9374   3.9030   
535463.4608     38.3105   2.0157   
535463.5608     38.3315   1.8896   
535465.5550     47.0822   2.1708   
