535186.5431     13.3335   5.0372   
535186.5431     13.3558   4.9742   
535186.5431     13.3219   4.9332   
535186.5431     13.2130   4.8129   
535186.5431     13.2615   4.7978   
535186.5950     13.3002   4.8146   
535186.5950     13.2825   4.7638   
535186.6431     13.3277   4.7234   
535186.6431     13.3179   4.6662   
535186.6431     13.3371   4.6212   
535186.6431     13.3134   4.5610   
535187.0431     12.2520   4.6233   
535187.1431     12.2541   4.5209   
535187.1431     11.8535   4.3115   
535187.1431     11.4015   4.1022   
535187.2431     11.1063   4.2866   
535187.2431     10.7379   4.0929   
535187.2431     10.6307   3.9733   
535187.3381     10.4832   3.8423   
535187.3381     10.3956   3.7389   
535187.3381     10.1820   3.6231   
535187.4381     1.7884    2.0647   
535187.4381     10.9365   3.8988   
535187.4381     10.9141   3.8666   
535187.5831     10.7033   3.6827   
535187.5831     10.6659   3.6784   
535187.5831     10.4703   3.6239   
535187.5831     10.4354   3.6151   
535187.6831     10.5440   3.7313   
535187.6831     10.4045   3.6678   
535187.6831     10.4286   3.6882   
535187.7831     10.7107   3.7691   
535187.7831     10.6939   3.7812   
535187.7831     9.9370    3.3896   
535187.8831     9.8307    3.3370   
535187.8831     9.8104    3.3393   
535187.8831     9.7452    3.1987   
535187.9831     9.5817    3.1041   
535187.9831     9.2301    2.9407   
535187.9831     9.1288    2.9444   
535188.0835     9.0817    2.8561   
535188.0835     10.0472   3.2759   
535188.0835     8.6760    2.4230   
535188.1835     8.6111    2.4879   
535188.1835     8.5623    2.4648   
535188.2835     8.2752    2.3719   
535188.2835     8.0642    2.3177   
535188.2835     7.8728    2.3033   
535188.3835     7.7169    2.1619   
535188.3835     7.6612    2.0743   
535188.3835     7.5884    2.0370   
535188.4835     7.9997    2.3908   
535188.4835     7.7574    2.4201   
535188.5835     8.0739    2.5981   
535188.5835     8.0301    2.5823   
535188.6344     7.7791    2.5375   
535188.6835     7.7407    2.4472   
535188.6835     7.6726    2.4406   
535188.7835     7.6735    2.4544   
535188.7835     7.6545    2.4221   
535188.8835     7.7469    2.3600   
535188.8835     7.8009    2.2798   
535188.9835     9.9930    3.4457   
535188.9835     10.3290   3.5992   
535188.9835     10.3662   3.6244   
535189.0835     10.4179   3.5942   
535189.0835     10.3338   3.5785   
535189.1835     10.3653   3.5587   
535189.1835     10.2811   3.5274   
535189.2837     10.2288   3.4270   
535189.2837     10.1582   3.3870   
535189.3835     10.2024   3.3773   
535189.3835     10.6463   3.7086   
535189.4835     10.7667   3.8051   
535189.4835     10.6973   3.7880   
535189.5835     10.6313   3.7695   
535189.5835     10.4180   3.6473   
535189.6836     10.5063   3.7553   
535189.6836     10.3734   3.7015   
535189.6836     10.4265   3.7569   
535189.7835     10.5029   3.6863   
535189.7835     10.4376   3.6683   
535189.8835     10.5912   3.6492   
535189.8835     10.5160   3.6129   
535189.9835     10.6114   3.6167   
535189.9835     10.6755   3.6594   
535189.9835     10.9705   3.8564   
535190.0835     11.1126   3.9511   
535190.0835     11.0934   4.0273   
535190.1837     11.1830   4.2584   
535190.1837     11.0602   4.2157   
535190.1837     11.0252   4.2255   
535190.2835     11.1216   4.1592   
535190.2835     10.9536   4.0830   
535190.2835     10.9296   4.1007   
535190.3838     10.9985   4.0953   
535190.3838     11.0499   4.1469   
535190.3838     11.0059   4.0982   
535190.4835     11.0727   4.0976   
535190.4835     11.0753   4.0229   
535190.5835     11.1455   3.9214   
535190.5835     11.1027   3.8625   
535190.5835     11.0268   3.8575   
535190.6835     10.9658   3.7041   
535190.6835     10.9518   3.7075   
535190.6835     10.9316   3.7010   
535190.7835     11.1101   3.7540   
535190.7835     11.1054   3.7492   
535190.7835     11.0878   3.7444   
535190.7835     11.1206   3.7505   
535190.8835     11.2095   3.8341   
535190.8835     11.1924   3.8329   
535190.8835     11.1751   3.8369   
535190.9835     11.2544   3.8506   
535190.9835     11.2162   3.8480   
535190.9835     11.2550   3.8890   
535190.9835     11.2474   3.9143   
535190.9835     11.1260   3.8616   
535191.0835     11.2077   3.8866   
535191.0835     11.2539   3.9116   
535191.0835     11.3006   3.9387   
535191.0835     11.3648   4.0021   
535191.0835     11.3808   4.0106   
535191.1835     11.5379   4.1564   
535191.1835     11.5730   4.1749   
535191.1835     11.6111   4.2027   
535191.1835     11.6014   4.2024   
535191.1835     11.5362   4.1654   
535191.2835     11.5576   4.1944   
535191.2835     11.5125   4.1744   
535191.2835     11.5357   4.1883   
535191.2835     11.5357   4.1939   
535191.2835     11.5460   4.1952   
535191.3835     11.5844   4.1108   
535191.3835     11.5434   4.0952   
535191.3835     11.5595   4.1115   
535191.3835     11.4799   4.0833   
535191.4835     11.5180   3.9806   
535191.4835     11.5732   4.0091   
535191.4835     11.5753   4.0086   
535191.4835     11.6008   4.0280   
535191.5835     11.6347   4.0466   
535191.5835     11.5718   4.0205   
535191.5835     11.4763   3.9631   
535191.6835     11.4870   3.8987   
535191.6835     11.4899   3.9067   
535191.6835     11.6268   3.9828   
535191.7835     11.7665   3.9981   
535191.7835     11.7131   3.9720   
535191.7835     11.7460   4.0002   
535191.7835     11.7939   4.0225   
535191.8835     11.8877   4.1254   
535191.8835     11.7692   4.0851   
535191.8835     11.8133   4.1275   
535191.8835     11.7866   4.1230   
535191.9835     11.8110   4.1332   
535191.9835     11.8571   4.1638   
535191.9835     11.8921   4.2008   
535191.9835     11.8085   4.1728   
535192.0835     11.8727   4.2051   
535192.0835     11.8909   4.2564   
535192.0835     11.8170   4.2549   
535192.1835     11.8334   4.3440   
535192.1835     11.7493   4.3189   
535192.1835     11.6358   4.2746   
535192.1835     11.6490   4.3037   
535192.2835     11.7569   4.3601   
535192.2835     11.7099   4.4082   
535192.2835     11.7142   4.4445   
535192.2835     11.7946   4.4957   
535192.3835     11.8392   4.4194   
535192.3835     11.8206   4.4103   
535192.3835     11.6092   4.3079   
535192.3835     11.6340   4.3240   
535192.3835     11.5920   4.3014   
535192.4835     11.7052   4.2530   
535192.4835     11.6322   4.2232   
535192.4835     11.6790   4.2586   
535192.4835     11.8040   4.3181   
535192.4835     11.8109   4.3061   
535192.5835     11.9770   4.2549   
535192.5835     11.9871   4.2579   
535192.5835     11.9152   4.2204   
535192.5835     11.9741   4.2492   
535192.5835     11.9898   4.2554   
535192.6835     12.0324   4.2135   
535192.6835     11.9990   4.2090   
535192.6835     11.9801   4.2041   
535192.6835     11.9771   4.2059   
535192.7346     12.0302   4.2232   
535192.7346     12.0676   4.2386   
535192.7346     12.0488   4.2280   
535192.7835     12.0761   4.2404   
535192.7835     12.0619   4.2363   
535192.7835     12.0696   4.2290   
535192.7835     12.2134   4.2668   
535192.8835     12.2535   4.2941   
535192.8835     12.0515   4.2271   
535192.8835     12.0210   4.3456   
535192.8835     11.8309   4.4221   
535192.8835     12.2385   4.5289   
535192.8835     11.5127   3.8599   
535192.8835     11.3119   3.6161   
535192.8835     11.4181   3.6801   
535192.8835     11.5009   3.7908   
535192.9835     10.8345   3.5351   
535192.9835     10.3219   3.3710   
535192.9835     10.5333   3.5349   
535192.9835     10.8357   3.7035   
535192.9835     10.5631   3.5348   
535192.9835     10.4663   3.4840   
535192.9835     10.7853   3.6684   
535192.9835     10.7292   3.6505   
535193.0835     10.5864   3.5278   
535193.0835     10.6574   3.5687   
535193.0835     10.4869   3.4769   
535193.0835     10.4444   3.4446   
535193.0835     10.5916   3.5248   
535193.0835     10.5310   3.4908   
535193.0835     10.3896   3.4123   
535193.0835     10.4448   3.4412   
535193.0835     10.5121   3.4761   
535193.1835     10.3609   3.5074   
535193.1835     10.3525   3.5031   
535193.1835     10.4219   3.5421   
535193.1835     10.2807   3.4576   
535193.1835     10.2360   3.4323   
535193.1835     10.3170   3.4762   
535193.1835     10.3563   3.4915   
535193.1835     10.2422   3.4444   
535193.1835     10.2482   3.4503   
535193.1835     10.3070   3.4813   
535193.2835     10.4999   3.6297   
535193.2835     10.3087   3.6018   
535193.2835     10.1848   3.6219   
535193.2835     10.2461   3.7048   
535193.2835     10.2521   3.7412   
535193.2835     10.2020   3.7330   
535193.2835     10.2971   3.7886   
535193.2835     10.3948   3.8362   
535193.2835     10.3317   3.7775   
535193.2835     10.3237   3.7058   
535193.2835     10.3839   3.6543   
535193.2835     10.2858   3.5800   
535193.3351     10.3163   3.7050   
535193.3351     10.5803   4.0598   
535193.3351     10.5790   4.1840   
535193.3835     9.7024    3.9262   
535193.3835     9.7868    3.9388   
535193.3835     9.9844    3.9420   
535193.3835     9.3534    3.6824   
535193.3835     8.3008    3.4305   
535193.4835     8.4165    3.5910   
535193.4835     7.1671    2.8849   
535193.4835     7.3067    2.8420   
535193.4835     7.3836    2.7922   
535193.4835     6.7839    2.4577   
535193.6835     5.9136    2.1012   
535193.6835     5.8309    2.0527   
535193.6835     5.5900    1.9628   
535193.6835     5.3574    1.8782   
535193.6835     5.0849    1.6462   
535193.6835     4.7548    1.2457   
535193.7835     5.9594    1.2754   
535193.7835     5.0568    1.1742   
535193.7835     4.3418    0.8302   
535193.7835     4.8778    0.8068   
535193.8835     5.6850    0.9675   
535193.8835     5.7475    0.9788   
535193.8835     5.7696    0.9552   
535193.8835     5.3652    0.7689   
535193.9835     5.0592    0.5164   
535193.9835     4.9579    0.6148   
535193.9835     4.9126    0.6300   
535193.9835     4.8758    0.5741   
535193.9835     4.8100    0.5119   
535194.0835     4.6534    0.5664   
535194.0835     4.5021    0.5742   
535194.0835     4.4075    0.7075   
535194.0835     4.4758    0.7786   
535194.0835     4.4164    0.6490   
535194.1835     4.8382    0.7497   
535194.1835     4.5796    0.7699   
535194.1835     4.2577    0.7748   
535194.1835     4.8691    0.8835   
535194.2835     5.0845    1.2546   
535194.2835     5.0712    1.2137   
535194.2835     5.0351    1.5376   
535194.2835     6.0552    2.1395   
535194.3835     7.8403    2.7935   
535194.3835     7.1474    2.2770   
535194.3835     5.8610    1.6993   
535194.4835     4.9806    1.6058   
535194.4835     4.7704    1.6306   
535194.4835     4.7130    1.5817   
535194.5835     4.4265    1.6360   
535194.5835     3.4878    1.0767   
535194.5835     2.5181    0.9673   
535194.6836     3.0935    1.6565   
535194.6836     2.7791    2.0507   
535194.6836     1.9570    2.0180   
535194.7835     2.6352    1.3918   
535194.7835     3.2449    1.0712   
535194.8835     2.4890    1.8875   
535194.8835     3.0268    2.0020   
535194.9835     3.2405    1.9306   
535194.9835     3.0250    1.7070   
535195.0835     2.7202    1.7230   
535195.1835     2.4981    2.1291   
535195.2835     2.4041    2.1387   
535195.3835     2.3802    2.0562   
535195.4835     2.2947    2.0329   
535195.4835     2.2531    2.0158   
535195.6835     2.2787    2.2400   
535195.7835     2.5190    2.0725   
535195.8836     2.3975    1.9007   
535195.9344     2.4423    1.7675   
535195.9836     2.4315    1.6779   
535196.0835     2.5467    1.9968   
535196.1835     2.6056    2.2000   
535196.2835     2.1725    2.0966   
535196.2835     2.1677    2.0555   
535196.3849     2.2760    1.9899   
535196.4835     2.3403    1.9002   
535196.5836     2.6511    1.9968   
535196.6835     2.7624    2.0253   
535196.6835     2.7589    1.9920   
535196.7835     2.7088    1.8600   
535196.7835     2.7710    1.8350   
535196.8835     2.9451    1.8450   
535196.9848     3.1405    1.8970   
535197.0835     3.4525    2.0252   
535197.0835     3.5564    2.0445   
535197.1835     3.6314    2.0396   
535197.2835     3.1115    1.6323   
535197.3835     3.4196    1.6091   
535197.4835     3.5130    1.6888   
535197.4835     3.5871    1.6978   
535197.7835     2.9105    1.9250   
535197.8835     2.7355    1.6042   
535197.9835     2.8138    1.5316   
535197.9835     2.8197    1.5229   
535198.0836     2.8673    1.5897   
535198.0836     2.8722    1.6540   
535198.1835     4.4673    2.4027   
535198.2835     2.9796    1.8069   
535198.2835     3.0170    1.8709   
535198.3835     3.1621    2.0339   
535198.3835     3.1922    2.0469   
535198.4835     3.2690    1.7265   
535198.4835     3.2776    1.6553   
535198.5835     4.6131    2.0194   
535198.6835     3.3672    1.8273   
535198.7835     3.3854    1.8408   
535198.7835     3.3591    1.7700   
535198.8835     3.4894    1.5575   
535198.8835     3.5762    1.5560   
535198.9835     5.2596    2.1128   
535199.0835     4.6315    1.7369   
535199.0835     4.0243    1.4641   
535199.1835     4.0446    1.3687   
535199.1835     4.1144    1.3843   
535199.2835     4.0816    1.3026   
535199.2835     4.1040    1.3104   
535199.3835     5.8443    2.0735   
535199.4835     4.8269    1.6706   
535199.4835     4.5876    1.5371   
535199.5835     4.7866    1.6192   
535199.5835     4.7667    1.5923   
535199.6835     5.0069    1.5987   
535199.6835     5.0346    1.5846   
535199.7835     5.0514    1.6034   
535200.0835     5.8823    2.0281   
535200.1835     5.0064    1.6846   
535200.1835     4.8607    1.6282   
535200.2835     4.2455    1.2510   
535200.2835     4.2656    1.2864   
535200.3835     4.5501    1.5887   
535200.5835     4.8373    1.8740   
535200.5835     4.9227    1.9577   
535200.6835     5.0851    2.1253   
535200.7835     5.1994    2.2203   
535200.9355     7.8648    3.0879   
535201.0355     6.3445    2.5498   
535201.1355     6.3333    2.6150   
535201.1355     6.2692    2.5410   
535201.2355     6.4034    2.5898   
535201.4355     7.8720    2.9773   
535201.5356     7.1022    2.7416   
535201.5356     7.1478    2.7698   
535201.6355     7.6575    3.0643   
535201.6355     7.8430    3.1520   
535201.7355     8.6495    3.3565   
535201.7355     8.8236    3.4430   
535201.8355     12.0163   4.5835   
535201.9355     10.8019   4.2966   
535202.0358     8.1726    3.2404   
535202.1355     10.2404   4.0204   
535202.1355     10.2963   4.1081   
535202.2355     9.8036    4.0064   
535202.3367     9.8350    3.0548   
535202.5356     10.5217   3.9687   
535202.6355     10.5147   3.9568   
535202.7355     10.5336   3.9690   
535202.7355     10.4010   3.8922   
535202.9355     12.8749   4.4041   
535203.0355     11.1018   3.7528   
535203.1355     11.2566   3.8100   
535203.1355     11.3018   3.9181   
535203.2355     11.6135   3.9742   
535203.3355     13.6372   4.2412   
535203.3355     13.0863   4.0844   
535203.4355     12.7695   4.0788   
535203.4355     12.6001   4.0756   
535203.5355     12.3372   3.8323   
535203.6355     11.2814   3.4584   
535203.6355     11.3033   3.4818   
535203.6355     11.4123   3.4977   
535203.7355     11.4671   3.4455   
535203.7355     11.4952   3.4670   
535203.8355     10.8848   3.3132   
535203.8355     10.9154   3.3480   
535203.9355     10.7738   3.2657   
535203.9355     10.8178   3.2857   
535203.9355     10.9155   3.3242   
535203.9355     10.8987   3.3121   
535204.0355     10.7334   3.2836   
535204.0355     10.7181   3.2742   
535204.0355     10.6949   3.2791   
535204.0355     10.6575   3.2510   
535204.1355     11.5779   3.5757   
535204.1355     11.3663   3.4717   
535204.1355     11.4447   3.5096   
535204.2355     11.4249   3.5002   
535204.2355     11.4694   3.5126   
535204.3355     11.1837   2.8446   
535204.3355     11.0952   2.8126   
535204.4355     11.5236   3.4110   
535204.4355     11.5798   3.4122   
535204.5805     11.3684   3.2975   
535204.5805     11.3973   3.3100   
535204.6805     11.3500   3.1892   
535204.6805     11.3847   3.1883   
535204.7805     11.3304   3.1706   
535204.8805     10.0613   2.7201   
535204.9805     9.5231    2.4256   
535205.0805     9.5122    2.3201   
535205.0805     9.6301    2.3853   
535205.1805     8.9780    2.3458   
535205.1805     9.1799    2.3176   
535205.2805     9.1360    2.0373   
535205.3805     9.0157    2.2226   
535205.4805     9.2074    2.1438   
535205.5805     9.0747    2.0031   
535205.5805     8.7958    1.9657   
535205.6805     9.0283    2.1370   
535205.7805     9.0149    2.2000   
535205.7805     8.9090    2.1146   
535205.8805     8.6899    2.0825   
535205.9805     8.5910    1.8295   
535206.0805     8.5926    1.8344   
535206.1805     8.5378    1.7489   
535206.1805     8.4304    1.6549   
535206.2805     8.1983    1.3636   
535206.3805     8.4899    1.5949   
535206.4805     8.4604    1.6490   
535206.5805     8.5585    1.7435   
535206.6805     8.6377    1.5985   
535206.6805     8.7666    1.5669   
535206.7805     8.7722    1.4686   
535206.8805     8.7361    1.5864   
535206.9805     8.7350    1.5426   
535207.0805     9.0270    1.7082   
535207.1805     8.9183    1.6281   
535207.2805     7.6728    1.0756   
535207.4805     8.6980    1.5009   
535207.5805     8.6975    1.4058   
535207.6805     8.7249    1.3848   
535207.7805     8.8572    1.4454   
535207.7805     8.9208    1.4780   
535207.8805     8.4967    1.7198   
535207.9805     8.4140    1.6754   
535208.0805     8.0538    1.5200   
535208.1805     8.0802    1.4973   
535208.2805     7.2748    1.4926   
535208.3805     7.0350    1.5823   
535208.4805     7.0403    1.5951   
535208.5805     7.2470    1.5613   
535208.6805     7.0172    1.5295   
535208.8805     7.0150    1.1628   
535209.0805     7.0183    1.0218   
535209.2805     5.8970    1.7011   
535209.3805     6.7300    1.4488   
535209.4805     6.0907    1.4876   
535209.5805     6.7609    1.5177   
535209.6805     6.7666    1.6708   
535209.7805     6.1142    1.6026   
535209.8805     5.8573    1.6329   
535209.9805     5.4689    1.8767   
535210.0805     5.9231    1.8472   
535210.1805     5.3809    1.7576   
535210.3805     2.9569    2.2065   
535210.4805     3.0711    2.1213   
535210.5805     3.8856    1.9861   
535210.6805     4.3603    1.5718   
535210.7805     3.9325    1.5162   
535210.9805     3.7902    1.8979   
535211.0805     3.9161    1.9804   
535211.1805     4.5521    1.7220   
535211.2805     3.7737    1.9218   
535211.3805     3.6878    1.9719   
535211.4805     4.4391    1.8496   
535211.5805     4.7211    1.8180   
535211.6805     4.7356    1.6432   
535211.7805     4.4575    1.6479   
535211.8805     4.0141    1.8302   
535211.9805     4.3054    1.8244   
535212.0805     4.3405    1.6062   
535212.1805     3.6539    1.6050   
535212.2805     1.6958    2.3416   
535212.3805     2.9351    2.0432   
535212.4805     3.4119    2.0146   
535212.5805     3.4859    2.0298   
535212.5805     3.2651    2.0655   
535212.6805     2.9929    2.1709   
535213.0755     2.3885    2.1673   
535213.1755     2.5067    2.2452   
535213.2755     3.2163    1.8816   
535213.4755     4.2436    1.5664   
535213.5755     4.0072    1.7670   
535213.6755     4.1940    1.8239   
535213.9755     4.1798    1.9369   
535214.0755     3.9052    2.0727   
535214.3755     3.2492    2.5422   
535214.4755     3.7558    2.6377   
535214.8205     4.1127    2.3078   
535215.1205     3.7784    2.6607   
535215.3205     4.3253    2.5460   
535215.4205     4.1688    2.4794   
535215.6205     4.2564    2.4435   
535215.8205     4.2361    2.3502   
535216.0205     4.3182    2.3011   
535216.4205     5.1921    1.6187   
535216.6205     4.0785    1.8398   
535216.8205     3.8527    1.7415   
535217.0205     3.9209    1.6405   
535217.2205     3.8105    1.3574   
535217.5205     3.0781    0.5708   
535217.7205     2.8745    0.4763   
535217.9205     2.5315    0.3258   
535218.1205     2.2396    0.6515   
535218.4155     2.8042    0.4342   
535218.9155     2.5833    0.5771   
535219.1155     2.4080    0.7826   
535219.5155     2.5252    0.7366   
535219.7155     2.2422    0.6904   
535219.9155     2.0265    0.9328   
535220.1155     2.0436    1.2607   
535220.4155     4.0223    1.5367   
535220.6156     2.9506    1.2708   
535220.9155     2.2871    1.0916   
535221.1155     2.2233    1.0253   
535221.3155     2.9034    1.1050   
535221.4156     2.8723    1.1031   
535221.6155     2.3924    1.0137   
535221.8155     2.1051    1.0855   
535222.0155     2.5573    1.2682   
535222.1155     3.3795    1.4811   
535222.3155     2.8879    1.1543   
535222.5155     2.3178    1.1039   
535222.7155     2.2349    1.3859   
535222.8155     2.4761    1.0054   
535223.0155     2.1546    1.0299   
535223.2155     2.0985    1.1338   
535223.4155     1.6585    1.3109   
535223.5155     2.2836    1.2451   
535223.7155     2.5334    1.1780   
535223.8155     3.4319    1.2854   
535224.0155     2.7739    1.1755   
535224.2155     2.5551    1.0944   
535224.4155     2.2261    1.2162   
535224.7155     2.3072    1.4228   
535224.9155     2.7927    1.3893   
535225.1155     2.7404    1.2717   
535225.3155     2.3424    1.4455   
535225.5155     2.4698    1.1614   
535225.8155     5.9585    1.7000   
535226.1155     3.9385    1.5007   
535226.3605     3.2297    1.3470   
535226.5605     3.6120    1.2540   
535226.7605     3.9537    1.2797   
535227.0605     3.7793    1.2634   
535227.2605     3.4770    1.0986   
535227.4609     2.8875    1.3739   
535227.7605     3.0249    1.3806   
535227.9605     2.4849    1.4488   
535228.1605     3.8484    1.1975   
535228.3605     3.7388    1.0776   
535228.5614     3.5209    1.1267   
535228.7605     3.5181    1.2635   
535228.9605     3.5655    1.3950   
535229.1605     3.1407    1.6697   
535229.3605     2.9266    1.4903   
535229.5605     2.9539    1.6159   
535229.7605     3.0587    1.5966   
535229.9605     2.8964    1.4924   
535230.1555     6.1506    1.3034   
535230.3555     5.0119    1.2518   
535230.5555     5.0082    1.2496   
535230.7555     3.7083    1.3763   
535230.9555     3.6357    1.0277   
535231.1555     3.2969    1.0944   
535231.2555     3.2921    1.2138   
535231.4555     3.2835    1.3220   
535231.5555     3.5070    1.2676   
535231.7555     2.7742    1.3596   
535232.1555     5.0052    1.2075   
535232.3555     4.8329    1.2594   
535232.5555     3.5806    1.0890   
535232.8555     3.4052    1.0847   
535232.9555     3.3247    1.2290   
535233.1555     3.4546    1.2190   
535233.2555     3.4545    1.0729   
535233.5005     2.1544    1.2941   
535233.6009     3.4862    1.3853   
535233.7005     3.3353    1.7977   
535233.9005     3.4168    1.8625   
535234.0005     3.4417    1.8118   
535234.1005     3.4842    1.7011   
535234.2005     3.4504    1.7345   
535234.4005     3.5429    1.6032   
535234.5005     3.6583    1.6748   
535234.6010     3.6561    1.7294   
535234.7005     3.8623    1.7852   
535235.2955     7.1213    0.9706   
535235.3955     7.0774    0.8892   
535235.4955     7.0326    0.8765   
535235.7405     7.1982    1.1224   
535235.8405     7.1903    1.0425   
535235.9405     7.2870    0.9905   
535236.1405     5.0055    0.8333   
535236.2405     5.0467    0.8713   
535236.3405     4.9653    0.9591   
535236.4405     4.9534    1.0049   
535236.5405     4.9673    1.0701   
535236.6405     5.0432    1.0236   
535236.7405     5.1066    1.0358   
535236.8405     5.0490    1.0325   
535236.9412     5.4086    0.9938   
535237.0422     5.4611    1.0310   
535237.2414     7.8572    1.0447   
535237.3413     7.8094    1.1467   
535237.4413     7.7335    1.0243   
535237.5413     7.7723    1.1647   
535237.6413     7.7676    1.0940   
535237.7413     7.5759    1.0070   
535237.7413     7.5561    1.0135   
535237.8413     7.4962    1.1999   
535237.9413     7.4089    1.1294   
535238.0413     7.2825    1.0519   
535238.2413     4.8607    0.8586   
535238.5413     6.5014    1.0169   
535238.6412     6.4467    0.9912   
535238.7414     6.2447    0.9113   
535238.8413     6.2803    0.9839   
535238.9416     6.1777    1.0218   
535239.0414     5.9906    1.0731   
535239.1413     5.8503    1.0942   
535239.2413     6.0593    1.0822   
535239.4413     6.6764    1.4627   
535239.5413     6.6101    1.5514   
535239.6413     6.2707    1.5750   
535239.7413     5.8589    1.4748   
535239.8421     5.7888    1.2497   
535239.9413     5.4017    1.1983   
535240.0413     4.7691    1.3570   
535240.2413     4.2518    1.4764   
535240.3413     3.9570    1.5092   
535240.4413     3.9863    1.4576   
535240.5413     3.9005    1.5233   
535240.6414     3.7851    1.5528   
535240.7413     3.5888    1.5206   
535240.8413     3.4270    1.6143   
535240.9413     4.5028    1.4854   
535241.0413     3.7669    1.5947   
535241.1413     3.2904    1.5389   
535241.3413     2.9940    1.4139   
535241.4413     2.5870    1.6838   
535241.5413     2.7165    1.7710   
535241.6413     2.9448    1.7280   
535241.7413     2.7237    1.8271   
535241.8413     2.8688    1.6303   
535241.9413     2.8063    1.6721   
535242.0413     2.3609    1.8261   
535242.1413     2.3862    1.6989   
535242.2413     2.8833    1.5131   
535242.4413     2.0889    1.6460   
535242.5421     1.8141    1.6324   
535242.6363     1.4818    1.8463   
535242.7813     2.4045    1.5232   
535242.8813     2.4376    1.5614   
535242.9813     3.1154    1.5423   
535243.0812     3.2488    1.5069   
535243.2813     2.6357    1.8906   
535243.3813     2.5703    1.8573   
535243.4813     2.5768    1.9432   
535243.5813     3.1049    1.6638   
535243.7813     3.2587    1.8235   
535243.8813     3.1095    1.7668   
535243.9812     2.8829    1.6831   
535244.0812     2.7287    1.8044   
535244.1813     2.5001    1.7737   
535244.2813     2.3631    1.7482   
535244.3813     2.5374    1.8823   
535244.5813     3.3283    1.5551   
535244.6813     3.6164    1.5077   
535244.7813     3.9367    1.3662   
535244.8812     3.5810    1.4115   
535244.9813     3.7777    1.4584   
535245.0813     4.1711    1.3359   
535245.1813     4.0490    1.2238   
535245.2813     4.0411    1.4315   
535245.5813     4.0151    1.2795   
535245.6813     4.0252    1.1655   
535245.7813     4.2608    1.2954   
535245.8813     4.6503    1.2830   
535245.9813     4.8782    1.2414   
535246.0763     4.6617    1.2073   
535246.1763     4.4474    1.1586   
535246.2763     5.7776    0.5880   
535246.3763     5.3960    0.8728   
535246.4763     5.5653    1.1407   
535246.5763     5.4188    1.2084   
535246.6763     5.5579    1.1900   
535246.7763     5.6281    1.0490   
535246.8763     5.8737    0.9778   
535246.9763     5.7841    1.0306   
535247.0763     6.3097    0.9408   
535247.1763     5.6565    0.9080   
535247.2763     4.8783    1.0064   
535247.3763     4.8400    1.0347   
535247.4762     6.4043    1.2896   
535247.5763     6.4116    1.3159   
535247.6763     6.2907    1.0654   
535247.7763     6.1513    0.8606   
535247.8763     6.6972    0.5950   
535247.9763     5.9278    0.7060   
535248.0763     6.1273    0.8717   
535248.1763     6.8339    1.4354   
535248.2762     6.7689    1.5062   
535248.2762     6.2992    1.4619   
535248.3763     5.8415    1.3229   
535248.4763     6.5914    1.0028   
535248.5763     6.3527    1.2667   
535248.6763     6.1687    1.3852   
535248.7763     6.2802    1.4170   
535248.8763     6.3075    1.3913   
535248.9763     6.0995    1.3831   
535248.9763     5.5213    1.2872   
535249.0763     4.8529    1.4476   
535249.1763     5.4498    1.0524   
535249.2763     5.2033    1.0640   
535249.2763     5.0574    1.0945   
535249.3763     5.2043    1.1607   
535249.4763     5.0707    1.0361   
535249.5763     4.0871    1.1052   
535249.6763     3.9288    1.3936   
535249.7763     3.9411    1.4792   
535249.8763     5.2983    1.1634   
535249.9763     5.4971    1.2462   
535250.0767     5.6782    1.2843   
535250.2219     5.7930    1.1796   
535250.3163     5.6569    1.0831   
535250.4163     5.7607    0.9254   
535250.5163     6.0436    0.9503   
535250.6163     4.9212    1.0005   
535250.7163     6.1017    0.7916   
535250.8163     6.2860    0.7166   
535250.9163     6.1411    0.7132   
535251.0163     5.9963    0.9353   
535251.1162     5.9854    1.0323   
535251.2163     5.6236    1.0807   
535251.3163     5.5280    1.1313   
535251.4163     5.6445    1.2238   
535251.5163     5.4456    1.3262   
535251.6163     5.6944    1.4101   
535251.9163     5.7199    1.3902   
535252.0165     5.7829    1.3705   
535252.1165     5.9453    1.2605   
535252.2165     5.9096    1.2887   
535252.3165     5.8902    1.2903   
535252.4165     6.1031    1.2445   
535252.5189     6.0866    1.1437   
535252.6165     5.8200    1.1120   
535252.7165     6.2890    1.2891   
535252.8165     6.3559    1.3060   
535253.0165     6.3979    1.1538   
535253.1165     6.4531    1.1335   
535253.2165     6.5158    1.0587   
535253.3165     6.4302    1.1901   
535253.4165     6.5054    1.3146   
535253.5165     6.5575    1.4733   
535253.7165     6.4179    1.4638   
535253.8165     5.9446    1.4981   
535253.9165     6.3437    1.4475   
535254.0165     6.3844    1.5760   
535254.0165     6.2766    1.6429   
535254.2165     6.4494    2.1116   
535254.3165     6.4255    2.5002   
535254.4165     6.4741    2.4848   
535254.5165     6.5194    2.5052   
535254.6165     6.5865    2.4745   
535254.8165     6.4279    2.5322   
535254.9165     6.5009    2.3361   
535255.0165     6.4356    2.2743   
535255.1165     6.2858    2.1047   
535255.2165     6.5501    2.1378   
535255.3165     6.4973    1.9868   
535255.4165     6.4224    2.0426   
535255.7165     6.9223    2.1594   
535255.8165     6.8898    1.9661   
535255.9165     6.9827    1.9111   
535256.0615     6.8460    1.7822   
535256.4615     6.5145    2.0595   
535256.5615     6.6765    2.1023   
535256.6615     6.7115    1.9941   
535257.1640     6.6971    2.5868   
535257.2640     6.7387    2.4973   
535257.3640     6.9111    2.3324   
535257.7640     6.8742    1.3877   
535258.0140     6.8054    0.4267   
535258.0640     6.8662    0.5710   
535258.1640     6.8612    0.7606   
535258.2640     6.5940    0.7295   
535258.3641     6.6336    1.6155   
535258.4640     6.6775    2.9797   
535258.5640     6.7012    2.9548   
535258.6640     6.7272    2.3587   
535258.8140     7.0882    2.0581   
535258.9140     7.3575    2.6313   
535259.0140     7.2258    3.0970   
535259.1140     6.8015    3.4991   
535259.2140     7.0779    3.3448   
535259.3140     6.3923    2.8184   
535259.5640     6.3415    1.6146   
535259.6640     6.3114    1.7254   
535259.7640     6.1063    1.7994   
535259.8640     5.9563    1.9273   
535259.9642     6.0503    1.8517   
535260.1140     5.9013    1.4885   
535260.2140     5.8865    1.4853   
535260.3140     5.8132    1.7949   
535260.6140     5.3427    1.8423   
535260.7640     5.2723    1.4795   
535260.8640     5.3454    1.1018   
535260.9641     5.5932    0.8550   
535261.0640     5.5331    0.7402   
535261.3640     5.7762    2.0601   
535261.5140     5.9367    1.8242   
535261.7140     6.0193    1.5227   
535261.8140     6.0444    1.7220   
535261.9140     6.0363    1.5411   
535262.0140     6.0185    1.6510   
535262.1140     5.8771    1.6196   
535262.2640     5.9868    1.5604   
535262.3640     6.0856    1.6150   
535262.6640     5.7353    1.3852   
535262.7640     5.6903    1.4555   
535262.8642     5.6110    1.6466   
535263.0140     5.5774    1.6630   
535263.1140     5.4988    1.5212   
535263.2140     5.4196    1.4339   
535263.4140     5.4823    1.5018   
535263.5140     5.4921    1.6547   
535263.6140     5.4583    1.7730   
535263.7140     5.5010    1.6786   
535263.8140     5.5818    1.8067   
535263.9640     5.6753    1.6274   
535264.0644     5.7550    1.6103   
535264.1640     5.5675    1.7512   
535264.3591     5.9047    1.7777   
535264.3591     5.9168    1.7632   
535264.4592     6.1027    1.6718   
535264.5590     6.2961    1.3208   
535264.6590     6.5609    1.4132   
535264.7590     6.6706    1.2528   
535264.9555     6.6850    1.3522   
535265.0555     6.8988    1.2514   
535265.1555     6.8561    1.2640   
535265.2565     6.8283    1.1994   
535265.3565     6.8352    1.1768   
535265.4565     6.8488    1.1301   
535265.7565     6.9302    1.0427   
535265.8565     6.7222    0.8691   
535265.9565     6.7920    1.0794   
535266.0565     6.8621    0.9421   
535266.1565     6.9268    0.9290   
535266.2565     6.7842    1.0971   
535266.3565     6.5282    1.0310   
535266.4565     6.7202    1.1865   
535266.5565     6.7640    1.3155   
535266.6565     6.8187    1.0569   
535266.8015     6.6315    1.0975   
535266.9015     6.5131    1.1404   
535267.0015     6.3343    1.1634   
535267.1015     6.2416    1.0969   
535267.2015     6.1712    1.1699   
535267.3015     6.2250    1.1354   
535267.4015     6.0202    1.5232   
535267.5015     5.7628    1.8112   
535268.0015     5.6814    1.2918   
535268.2015     6.2565    1.3912   
535268.9015     6.2267    1.0231   
535269.0015     6.3003    1.0476   
535269.1015     6.3223    1.1624   
535269.2015     6.3731    1.1771   
535269.3015     6.5512    1.2350   
535269.4015     6.5574    1.1898   
535269.5015     6.6060    1.2340   
535269.6015     6.6716    1.2391   
535269.7015     6.5856    1.2038   
535269.8015     6.4269    1.2932   
535269.9015     6.3998    1.3722   
535270.0015     6.4494    1.4404   
535270.2015     6.8271    1.2828   
535270.8015     6.8127    1.5044   
535270.9015     6.7151    1.6817   
535271.0016     6.7417    1.7037   
535271.1015     6.8745    1.8745   
535271.1995     6.7614    1.8428   
535271.2995     6.8092    1.7804   
535271.6995     7.1790    1.9778   
535271.7995     7.1738    2.0332   
535271.8995     7.3899    1.8353   
535271.9995     7.3706    1.6368   
535272.0995     7.0442    1.7779   
535272.2995     6.9965    1.9820   
535272.3995     6.8717    2.1338   
535272.4995     6.8324    2.2622   
535272.9995     7.2394    1.8272   
535273.0995     7.1262    2.0948   
535273.2995     7.0101    2.1885   
535273.3995     7.0696    1.2853   
535273.4995     7.1556    1.2268   
535273.5995     6.9088    1.4536   
535273.6995     6.8526    2.5050   
535273.7995     7.0551    2.6630   
535273.8995     7.0242    2.8860   
535273.9995     7.0127    2.3609   
535274.0995     7.0511    1.8581   
535274.1995     7.0196    1.7939   
535274.3995     6.7981    1.6095   
535274.4995     6.6809    1.7758   
535274.5995     6.6899    1.7558   
535274.6995     6.6946    1.7098   
535274.7995     6.7701    1.7075   
535274.8995     6.9844    1.7491   
535274.9995     7.1186    1.8624   
535275.0995     7.0971    2.0128   
535275.1995     7.3104    2.2054   
535275.2995     7.3568    2.5180   
535275.3995     7.3057    2.5688   
535275.4995     7.3768    2.7508   
535275.5995     7.5878    2.9556   
535275.6995     7.8930    3.0351   
535275.7994     7.8190    2.3788   
535275.8995     7.9335    2.3665   
535276.0945     8.1166    3.0180   
535276.1945     7.8980    2.7792   
535276.3445     8.0022    2.5548   
535276.5445     8.1032    2.4350   
535276.6445     8.0950    2.3909   
535276.7445     8.1515    2.5348   
535276.8445     8.0167    2.4411   
535276.9447     7.9852    2.3429   
535277.0945     8.0665    2.5964   
535277.1945     8.2950    2.5682   
535277.2945     8.3906    2.5826   
535277.3945     8.1887    2.6085   
535277.4945     8.1818    2.7298   
535277.6945     8.0208    2.2365   
535277.7944     8.2273    2.3306   
535277.9446     8.4042    2.5932   
535278.0450     8.5420    2.6027   
535278.1445     8.3828    2.7361   
535278.2445     8.0659    2.6546   
535278.3445     8.2121    2.4215   
535278.4445     8.1527    2.0741   
535278.6445     7.9467    2.2450   
535278.7445     7.6547    2.3942   
535278.8945     7.4718    2.1778   
535278.9945     7.7120    2.2188   
535279.0945     8.1354    2.2521   
535279.2945     8.1969    2.1927   
535279.3945     8.0754    2.2463   
535279.6945     7.7667    2.3607   
535279.7945     7.8200    2.5386   
535279.9445     7.9673    2.4756   
535280.0445     8.1297    2.6339   
535280.2445     8.3935    1.8930   
535280.3445     8.5447    2.8347   
535280.4445     8.5294    2.7824   
535280.7945     8.5953    2.1207   
535280.8945     8.4731    1.9945   
535280.9945     8.4324    1.9237   
535281.0945     8.5318    1.7887   
535281.1945     7.8121    2.0013   
535281.2945     7.9952    2.2337   
535281.4445     8.4654    2.1836   
535281.5445     9.5613    2.6485   
535281.7445     10.1337   3.3827   
535281.8444     9.8222    3.5380   
535282.0445     10.0424   3.1369   
535282.1945     9.5360    2.7588   
535282.2945     8.7868    3.7223   
535282.3945     9.6606    3.9547   
535282.5945     9.9877    4.1712   
535282.6945     9.0113    3.8514   
535282.8945     9.1016    3.0077   
535282.9945     8.6169    2.6583   
535283.1445     8.3931    2.4665   
535283.2445     7.3090    2.1675   
535283.2445     7.0248    2.0057   
535283.3445     7.0084    1.8398   
535283.4445     7.3928    1.6765   
535283.5445     7.2372    1.9155   
535283.6445     7.2801    1.9817   
535283.8445     7.2264    1.8263   
535283.9945     6.9750    1.5467   
535284.0945     6.8658    1.3346   
535284.1945     6.9942    1.4926   
535284.2945     6.4331    1.5929   
535284.3944     6.3798    1.6390   
535284.4945     7.2402    1.9021   
535284.5945     6.4368    2.0984   
535284.6945     7.3268    1.0583   
535284.7945     6.8936    1.4236   
535284.9445     7.2391    1.8126   
535285.0445     7.0379    1.1105   
535285.1445     6.6527    1.3080   
535285.2445     7.1446    1.3368   
535285.2955     7.0086    1.1581   
535285.3955     6.8480    0.9393   
535285.4955     7.0004    1.2562   
535285.5955     7.0695    1.4887   
535285.6955     6.5876    1.2199   
535285.7955     6.4606    0.9314   
535285.8955     6.8061    0.9834   
535285.9955     6.6554    1.2019   
535286.1955     6.9421    1.0473   
535286.2955     7.5278    0.8570   
535286.3957     6.8484    1.1285   
535286.4955     6.6603    1.2083   
535286.7955     6.1357    2.4590   
535286.8955     6.3649    2.2420   
535286.9965     6.2725    2.1839   
535287.0965     5.7489    2.2060   
535287.1964     6.6805    1.9502   
535287.3965     5.3777    1.9983   
535287.4965     5.1603    1.8667   
535287.6972     5.6716    1.4540   
535287.6972     5.4238    1.5197   
535287.8965     5.9028    1.2688   
535287.9965     6.0249    1.1243   
535288.0964     6.0910    1.2531   
535288.1965     6.6476    1.1953   
535288.3965     6.1267    1.3735   
535288.4965     6.2349    1.3052   
535288.5965     6.7406    1.2284   
535288.6965     5.9036    1.5548   
535288.7965     5.8697    1.6744   
535288.8965     5.8602    1.5920   
535288.9964     5.9408    1.1748   
535289.0965     6.0188    1.0820   
535289.4965     5.0743    1.6759   
535289.5965     5.5148    1.1891   
535289.6964     5.9789    1.0183   
535289.7964     5.7923    1.2847   
535289.8965     6.2209    0.9906   
535289.9964     6.1430    1.2401   
535290.1414     5.6677    1.5016   
535290.2415     5.4530    1.6341   
535290.3415     5.4844    1.8897   
535290.4415     5.5187    2.1608   
535290.6438     5.2874    1.2542   
535290.7415     5.2190    0.9204   
535290.8415     5.3664    0.8449   
535290.9419     5.4796    1.1323   
535291.0415     5.5777    1.0048   
535291.1365     6.0363    1.1720   
535291.2365     6.2175    1.8623   
535291.3365     6.1904    2.0447   
535291.4365     6.2939    1.9327   
535291.5365     6.6720    1.3596   
535291.6365     5.7472    1.3072   
535291.7365     5.7427    1.0194   
535291.8365     5.8521    1.4202   
535292.2365     6.0033    1.9189   
535292.3365     5.7961    2.0616   
535292.6365     6.4251    2.5004   
535292.7365     6.4015    2.5089   
535292.8365     6.3529    2.4147   
535292.9365     6.3949    2.3528   
535293.0365     6.4928    2.3591   
535293.1365     6.2276    2.1032   
535293.2364     6.0681    1.9507   
535293.3365     5.8341    1.4961   
535293.4365     6.0842    1.6135   
535293.5365     6.3554    1.6762   
535293.6365     6.4813    1.9179   
535293.7365     6.3686    2.0114   
535293.8365     6.5491    2.3164   
535293.9365     6.7760    2.3348   
535294.0365     6.7790    2.2767   
535294.2365     6.5680    2.4067   
535294.3365     6.8076    2.2855   
535294.4365     6.6138    2.2376   
535294.8365     6.6941    2.2270   
535294.9365     6.8608    2.3585   
535295.0365     6.6639    2.2173   
535295.1365     6.8652    2.2123   
535295.2365     6.6764    2.1107   
535295.3365     6.1829    2.0874   
535295.4365     5.8776    1.9585   
535295.5364     5.6931    1.5184   
535295.8365     6.6115    1.5356   
535295.9365     6.2058    1.9169   
535296.0365     5.9823    1.6101   
535296.1364     5.3916    1.5328   
535296.2365     4.8465    1.4707   
535296.3365     4.8395    1.5307   
535296.4365     5.1813    2.0197   
535296.5365     5.5645    1.9246   
535296.6365     5.6027    1.8582   
535296.7365     5.5369    1.7524   
535297.0365     6.2297    1.5282   
535297.1365     6.0720    1.8877   
535297.2365     6.1848    1.7452   
535297.4365     6.9594    0.9205   
535297.5365     7.7931    0.9242   
535297.6365     6.1928    1.2034   
535297.7365     5.1093    2.3208   
535297.8365     6.2903    2.9329   
535297.9365     6.6612    2.6168   
535298.0365     7.6642    2.3921   
535298.1365     7.2978    1.7897   
535298.2364     6.4709    0.8909   
535298.3365     5.7535    0.8348   
535298.4365     5.6382    0.8848   
535298.5365     5.4755    0.8694   
535298.6365     5.7762    0.9234   
535298.7365     6.0786    0.2668   
535298.8365     5.7377    0.4338   
535298.9365     5.2572    0.5517   
535299.0365     5.3324    0.2142   
535299.1365     5.7022    0.2030   
535299.2365     5.1438    0.5727   
535299.3365     5.2749    0.8080   
535299.4365     5.3614    0.9883   
535299.5372     5.9863    0.7656   
535299.6365     6.0731    0.9319   
535299.7365     4.2809    0.7874   
535299.8365     3.6777    1.0469   
535299.9365     5.0236    0.3644   
535300.0351     6.2984    0.3268   
535300.2829     5.5234    1.1560   
535300.4814     5.5566    0.8411   
535300.5815     5.7484    0.8153   
535300.6815     6.0953    0.7630   
535300.7816     6.2575    0.8371   
535300.8814     5.5768    0.3715   
535300.9819     5.0139    0.4070   
535301.0815     5.0256    0.6529   
535301.1815     4.8357    1.1035   
535301.2814     4.5444    1.1762   
535301.3815     4.9913    1.0148   
535301.4815     5.2106    0.6479   
535301.5815     5.2461    0.9263   
535301.6814     5.2700    0.9223   
535301.7815     5.2448    0.9290   
535301.8815     4.8115    0.9223   
535301.9814     4.7908    0.9914   
535302.0815     4.9796    1.2161   
535302.1815     4.8250    1.5260   
535302.2815     4.6062    1.6724   
535302.5815     5.3364    0.7261   
535302.6815     5.3818    0.7665   
535302.8814     5.0419    1.5051   
535303.0815     5.1566    0.9599   
535303.2815     5.2048    0.6216   
535303.4815     5.0256    0.6333   
535303.6814     4.8537    0.5784   
535303.9814     5.0426    0.7602   
535304.2814     4.8633    1.4936   
535304.5815     4.3910    0.9620   
535304.8815     4.6293    0.5444   
535305.1815     4.8616    0.4275   
535305.6815     4.4440    0.8040   
535305.8814     5.1405    1.5043   
535306.1815     4.5615    1.7073   
535306.4765     3.4655    1.1936   
535306.6765     4.5588    1.7477   
535306.8765     5.1737    1.8734   
535307.1764     5.0208    1.8961   
535307.3764     4.7353    2.1749   
535307.4765     4.6872    2.1463   
535307.6772     4.7095    2.2447   
535307.9765     4.7167    1.7117   
535308.1769     4.5797    1.4494   
535308.3765     4.2963    1.6606   
535308.5765     4.0452    1.8850   
535309.1765     3.4673    3.0347   
535309.3765     3.3792    3.3488   
535309.4765     3.7231    3.4715   
535309.5765     4.0522    3.7263   
535309.7771     3.3896    4.0391   
535309.8765     3.1502    4.1413   
535310.0765     3.6762    4.1056   
535310.1765     4.0532    4.1689   
535310.3765     3.6714    4.0495   
535310.4764     3.3911    4.0758   
535310.5764     3.4230    4.0863   
535310.6765     3.9436    4.0120   
535310.7764     3.9105    3.8022   
535310.9764     3.7580    3.6236   
535311.0765     3.9736    3.7795   
535311.1824     4.1154    3.9039   
535311.2824     3.3028    3.9651   
535311.3824     3.3056    3.8004   
535311.4825     3.5380    3.8785   
535311.5832     3.6161    3.9185   
535311.6824     3.4378    3.8740   
535312.1824     4.5665    4.2301   
535312.2824     4.5180    4.1160   
535312.3844     4.2286    3.8041   
535312.4832     4.1532    3.6341   
535312.5824     4.1672    3.4385   
535312.6824     4.2033    3.4856   
535312.7824     4.2474    3.6161   
535312.8825     4.3002    3.5922   
535312.8825     4.2452    3.5559   
535312.9824     4.3302    3.4136   
535313.0825     4.4016    3.5566   
535313.2824     4.5640    3.0693   
535313.3824     4.3365    2.8097   
535313.4829     4.5378    3.0762   
535313.5824     4.0339    3.0329   
535313.6824     3.3278    2.7283   
535313.7824     4.9551    3.1060   
535313.8824     6.4681    3.5838   
535313.8824     5.9604    3.5091   
535313.9824     3.9629    2.8826   
535314.0825     4.4600    2.6795   
535314.1824     4.4510    2.8495   
535314.2825     4.1608    3.8881   
535314.3824     3.6744    3.5851   
535314.4834     3.8910    3.4567   
535314.5836     4.0816    3.2607   
535314.6825     3.7741    3.1714   
535314.7824     3.4689    3.0255   
535314.8824     3.8373    3.2707   
535314.9825     3.9947    3.2835   
535315.0824     3.8529    3.6048   
535315.2824     3.4876    2.8717   
535315.3825     3.4086    2.7007   
535315.4824     3.6806    3.0567   
535315.5825     3.7384    3.7391   
535315.5825     3.9931    4.0796   
535315.6824     4.4784    4.2891   
535315.7836     4.4754    4.0219   
535315.8825     4.4233    3.7146   
535315.9824     4.4115    3.5952   
535316.0824     4.7048    4.0850   
535316.1824     4.6382    3.7691   
535316.2824     4.4919    3.4674   
535316.2824     4.1087    3.3244   
535316.3824     3.9538    3.1274   
535316.4824     3.8961    3.1201   
535316.5824     3.5983    2.9227   
535316.6824     3.8457    3.2204   
535316.7825     3.6161    3.2143   
535316.8824     3.5859    3.3424   
535316.9824     3.8370    3.4141   
535316.9824     3.9428    3.5023   
535317.0824     3.6204    3.3758   
535317.1824     3.6476    3.2869   
535317.2825     3.7646    3.5141   
535317.3829     3.6865    3.5181   
535317.4824     3.9343    3.6373   
535317.5824     2.7320    3.1622   
535317.6825     2.4819    2.9250   
535317.7824     2.1721    2.6198   
535317.8830     2.7788    2.8089   
535317.9827     3.8422    3.2431   
535318.0824     3.5800    3.2050   
535318.1831     2.7626    3.6672   
535318.3825     2.7275    3.5896   
535318.4824     2.6193    2.9649   
535318.5825     2.6623    2.9459   
535318.6824     2.9423    2.9273   
535318.8775     2.7096    2.8854   
535318.9774     3.9062    3.1969   
535319.0777     4.1981    3.2774   
535319.1776     2.0959    2.7209   
535319.2776     2.5998    2.9995   
535319.3782     2.8181    2.9721   
535319.4776     3.3003    3.1832   
535319.5801     2.9464    2.9976   
535319.6778     2.0390    2.8932   
535319.7776     2.2458    2.9946   
535319.8776     2.8513    2.9637   
535319.9781     3.1093    2.8554   
535320.0776     3.1194    2.9294   
535320.1776     2.9940    3.2480   
535320.2776     2.7938    3.1947   
535320.3779     2.7016    3.4054   
535320.4787     2.8870    3.3714   
535320.5777     2.7839    3.0203   
535320.6776     2.6388    2.7517   
535320.7776     3.0049    2.6745   
535320.8776     3.0871    2.9274   
535320.9777     2.9560    3.0523   
535321.0776     2.9408    3.4765   
535321.1776     3.0260    3.4061   
535321.2776     3.3333    3.0037   
535321.3776     3.4563    2.6559   
535321.4778     3.5831    2.4620   
535321.7787     3.4117    2.8442   
535321.8780     3.6243    3.2932   
535321.9779     3.7091    3.3170   
535322.0780     3.6031    3.3242   
535322.1776     3.6613    3.2288   
535322.2776     3.6412    3.1841   
535322.3776     3.4932    3.0203   
535322.4786     3.2751    2.6973   
535322.5785     3.4228    2.7250   
535322.6785     3.5383    2.6623   
535322.7785     3.4098    2.7082   
535322.8785     3.4167    2.5424   
535322.9785     3.4794    2.5422   
535323.0785     3.5382    2.5257   
535323.1785     3.4620    2.7404   
535323.2785     3.7055    2.7233   
535323.3786     3.7814    2.5219   
535323.4786     3.5720    2.2396   
535323.5798     3.5420    2.1667   
535323.6785     3.4828    2.2465   
535323.7785     3.6793    2.2604   
535323.8785     3.6608    2.3986   
535323.9785     3.5040    2.2823   
535324.0785     3.7601    2.2738   
535324.1785     3.7337    1.7843   
535324.2794     3.6134    1.6983   
535324.3785     3.5822    1.4914   
535324.4785     3.5939    1.2765   
535324.5799     3.4056    1.0818   
535324.6785     3.4548    1.2470   
535324.7785     3.4835    2.0023   
535324.8785     3.5641    2.4521   
535324.9785     3.5223    2.3522   
535325.0785     3.3770    2.5410   
535325.1784     3.6597    2.2047   
535325.2785     3.9375    2.1528   
535325.3788     4.0187    2.2059   
535325.4803     4.0328    1.8092   
535325.6802     3.9276    1.4170   
535325.7785     4.1916    1.3300   
535325.8785     4.2417    1.6323   
535326.0797     4.5929    1.9675   
535326.1785     4.1286    1.7445   
535326.3785     4.2378    1.8308   
535326.4785     4.6422    2.0706   
535326.5785     4.6017    1.6210   
535326.6792     3.8780    0.8888   
535326.7785     3.6832    0.9612   
535326.8785     3.5474    1.5707   
535327.0792     3.4028    0.9997   
535327.1785     3.0340    0.8132   
535327.3785     2.9963    0.8397   
535327.4785     3.0815    1.1020   
535327.5785     3.0207    1.1958   
535327.6785     3.0062    1.2555   
535327.7785     2.9259    0.9978   
535327.8788     2.7899    0.9645   
535327.9785     2.7161    1.2265   
535328.0785     2.7037    1.3386   
535328.1785     2.7413    1.4096   
535328.2785     2.8118    1.1601   
535328.3785     3.1593    0.9559   
535328.4785     3.6044    1.2575   
535328.5785     3.8107    1.3070   
535328.6785     4.2606    1.5170   
535328.7785     4.1183    1.9769   
535328.8785     4.5629    1.8434   
535328.9785     4.1367    1.5092   
535329.0786     5.4193    2.6942   
535329.1785     5.4976    2.8507   
535329.2785     5.0005    2.8092   
535329.3785     5.1701    1.8342   
535329.4793     6.3074    2.9848   
535329.5785     7.3059    3.0310   
535329.6808     7.9203    1.4385   
535329.6808     7.5699    1.6546   
535329.7785     6.3432    1.4960   
535329.8787     6.1309    1.5195   
535329.9785     6.6420    1.8652   
535329.9785     7.6280    2.0738   
535330.0785     8.4594    2.2833   
535330.0785     8.0817    2.0811   
535330.1785     7.3610    2.0067   
535330.1785     6.6864    1.8859   
535330.2785     6.9855    1.8055   
535330.2785     6.8730    1.8343   
535330.3792     6.8911    1.8071   
535330.3792     7.0959    1.8525   
535330.3792     6.7317    1.8285   
535330.4785     6.6492    1.7686   
535330.4785     6.6328    1.6615   
535330.4785     6.9850    1.6794   
535330.5785     7.6241    1.9615   
535330.5785     8.1811    2.1577   
535330.5785     8.9193    2.5281   
535330.6785     8.4656    2.5859   
535330.6785     7.6124    2.2078   
535330.6785     7.1326    2.1429   
535330.7785     6.4236    1.5747   
535330.7785     6.2465    1.2568   
535330.7785     6.5134    1.2985   
535330.7785     6.5901    1.2842   
535330.8785     6.3043    1.3670   
535330.8785     5.8381    1.2325   
535330.8785     5.4995    0.9840   
535330.8785     5.4114    0.9902   
535330.9785     5.3531    1.0231   
535330.9785     5.8524    1.1174   
535330.9785     6.1349    1.1833   
535331.0785     5.9330    1.2629   
535331.0785     5.3489    1.4814   
535331.0785     5.2172    1.6723   
535331.1794     5.1549    0.7896   
535331.1794     5.8064    0.8250   
535331.2785     5.9726    0.9283   
535331.2785     5.7500    1.6191   
535331.3790     4.7597    1.6749   
535331.3790     4.6734    1.1714   
535331.4806     5.0917    1.2039   
535331.4806     4.9758    1.1003   
535331.4806     4.7459    1.2931   
535331.5785     4.7199    1.5450   
535331.5785     4.9188    1.7028   
535331.5785     4.6522    1.5977   
535331.6786     4.2439    1.6852   
535331.6786     4.1151    1.7177   
535331.6786     3.9789    1.8029   
535331.7785     3.9252    1.8976   
535331.7785     4.0375    1.9082   
535331.7785     4.1753    1.8827   
535331.8785     4.6450    1.8832   
535331.8785     5.2250    1.9261   
535331.9785     5.4668    1.9420   
535331.9785     5.7552    1.9801   
535331.9785     6.3844    2.1423   
535332.0785     6.9372    2.2699   
535332.0785     7.4722    2.3585   
535332.1785     8.6667    2.5550   
535332.1785     9.1659    2.7632   
535332.2785     9.8486    3.0490   
535332.3785     10.2640   3.3213   
535332.3785     10.6700   3.4695   
535332.4785     11.1205   3.5666   
535332.4785     11.4360   3.7037   
535332.5785     11.5343   3.6604   
535332.5785     11.3970   3.6581   
535332.6792     10.6177   3.5409   
535332.7785     9.7292    3.5559   
535332.8785     9.2438    3.6654   
535332.9785     8.6639    3.5414   
535332.9785     8.1767    3.4502   
535333.0785     7.8055    3.4571   
535333.0785     7.7332    3.5075   
535333.1785     8.0930    3.6074   
535333.2785     8.1238    3.5067   
535333.2785     8.0202    3.4514   
535333.3785     7.7937    3.3081   
535333.4785     7.8224    3.2051   
535333.5785     7.9952    3.1782   
535333.6785     8.7803    3.1318   
535333.7785     9.0983    3.0846   
535333.8785     9.1822    3.1378   
535333.9785     9.1428    3.1645   
535334.0784     8.1697    2.8220   
535334.1785     7.9935    2.6789   
535334.2785     7.9840    2.7701   
535334.3785     7.2628    2.5378   
535334.4802     7.2745    2.3022   
535334.5785     8.1228    2.2171   
535334.6787     7.1425    2.1154   
535334.7785     7.1417    1.9074   
535334.8785     7.0846    2.1766   
535334.9785     6.8200    2.0529   
535335.0785     7.1437    2.1808   
535335.1785     7.3598    2.0961   
535335.2785     7.7896    2.3891   
535335.3785     9.3235    2.7110   
535335.4785     9.9012    3.0444   
535335.4785     8.1155    3.4391   
535335.5785     8.1631    3.3440   
535335.6785     9.7922    3.2436   
535335.7785     10.1176   3.1035   
535335.8785     9.4324    2.7652   
535335.9785     9.1437    2.6025   
535336.0785     7.9448    2.6014   
535336.1785     8.3204    2.2801   
535336.2785     8.9614    2.2459   
535336.3785     8.4300    2.1659   
535336.4785     7.6840    2.1372   
535336.5785     7.6078    2.0049   
535336.7785     7.8375    2.2941   
535336.8785     8.2101    2.8784   
535336.9785     8.5176    2.5953   
535337.0793     8.5519    2.3818   
535337.1785     8.6279    2.2959   
535337.2785     8.6854    2.4750   
535337.3791     8.7024    2.8199   
535337.4802     8.5855    2.4637   
535337.5785     8.3827    2.5093   
535337.6785     8.4680    2.1798   
535337.7785     8.5546    1.9250   
535337.8785     8.9804    2.1841   
535337.9785     8.8239    2.1758   
535338.0791     8.8526    2.2771   
535338.1785     8.8563    2.0647   
535338.3785     9.6140    1.8857   
535338.4785     10.2067   1.8865   
535338.5785     10.0838   1.9332   
535338.6785     9.4901    2.7333   
535338.6785     9.7881    2.3757   
535338.7784     10.4942   2.3328   
535338.8785     10.5920   1.9890   
535338.9774     10.2213   1.9160   
535339.0235     9.5751    1.8524   
535339.1234     9.1303    1.8491   
535339.2235     8.9112    2.0185   
535339.3235     8.8147    2.2242   
535339.5234     8.8411    1.9889   
535339.6235     9.0336    1.8276   
535339.7235     9.2589    1.8577   
535339.8235     9.2769    1.9862   
535340.0235     9.1587    1.8197   
535340.1235     8.9409    1.8409   
535340.2235     9.0232    2.0510   
535340.3235     9.3026    2.3678   
535340.4235     9.7031    2.1197   
535340.5234     10.4703   1.9948   
535340.7235     9.1938    2.5213   
535340.8234     8.7910    2.8587   
535340.9235     8.5277    2.8730   
535341.0234     8.5759    2.3282   
535341.1235     9.2371    1.7098   
535341.2235     9.5353    1.6078   
535341.3235     8.8018    1.8885   
535341.4235     8.3157    2.5719   
535341.5235     7.8239    3.3033   
535341.6235     7.6854    3.2023   
535341.7235     7.7136    2.7315   
535341.8235     8.0655    2.3296   
535342.2235     8.3119    1.8819   
535342.3235     8.2039    1.8633   
535342.4235     8.2128    1.9210   
535342.5235     8.2176    2.0044   
535342.6235     8.4300    1.8234   
535342.7235     8.4325    1.6354   
535342.8235     8.2678    1.7180   
535342.9235     8.2710    1.7983   
535343.0235     8.3282    1.4615   
535343.1235     8.7529    1.2075   
535343.2235     8.8395    1.4961   
535343.3235     8.6539    1.9391   
535343.4235     8.2082    1.9125   
535343.5235     8.0708    1.7591   
535343.6235     7.9298    1.7187   
535343.7235     8.0753    1.6545   
535343.8236     8.6416    1.3946   
535344.2235     7.8055    2.9469   
535344.3235     7.6389    3.2177   
535344.4235     7.8184    3.3063   
535344.5235     7.8301    3.1305   
535344.6235     7.5565    2.9949   
535344.7235     7.5308    2.5043   
535344.8235     7.9558    2.0194   
535344.9235     9.1620    1.1488   
535345.0235     9.9581    1.0092   
535345.1235     9.7829    1.1975   
535345.2235     8.4535    0.8558   
535345.3235     7.6884    1.0687   
535345.4235     8.0941    0.8647   
535345.5235     8.4756    0.7929   
535345.6234     8.6306    1.0204   
535345.7235     8.2352    1.2262   
535345.8235     7.7144    1.6371   
535345.9235     7.6308    1.6492   
535346.0235     7.8800    0.9309   
535346.1235     8.7486    0.3976   
535346.2234     8.1143    0.4915   
535346.3235     7.4387    0.9569   
535346.4234     7.7205    0.9694   
535346.5234     7.9466    1.2055   
535346.6185     7.4002    1.1488   
535346.7185     6.7846    1.4301   
535346.8185     6.9365    1.5258   
535347.0185     6.6054    1.1969   
535347.1185     6.5340    1.3635   
535347.2185     6.6316    1.4373   
535347.3185     6.2358    1.5508   
535347.5185     6.0725    1.3861   
535347.6185     6.0974    1.1713   
535347.7185     6.1586    1.2272   
535347.8185     6.1327    0.9938   
535347.9185     6.2278    0.9602   
535348.0185     6.2068    0.9471   
535348.1185     6.5127    0.9834   
535348.2185     6.6561    1.3050   
535348.3188     6.2080    1.5113   
535348.4185     5.2683    1.3926   
535348.5185     4.4276    1.7346   
535348.6185     4.6155    2.4051   
535348.7185     5.6036    1.5835   
535348.8185     5.2424    2.8026   
535348.9185     5.8513    3.4673   
535348.9185     8.9845    3.0505   
535349.0185     10.0222   3.4303   
535349.1185     8.4340    2.8622   
535349.2185     8.1605    3.0368   
535349.2185     7.6467    2.6069   
535349.3185     7.0143    2.5010   
535349.4185     6.6878    2.5962   
535349.5185     6.5412    2.7548   
535349.6185     6.6222    2.7612   
535349.7185     6.4473    2.4880   
535349.8185     6.1762    2.4410   
535349.9185     6.0836    2.5226   
535350.0185     6.0088    2.8012   
535350.1185     6.1077    2.8987   
535350.2185     5.9585    2.7819   
535350.3185     6.0148    2.8559   
535350.4185     5.7469    2.7286   
535350.5185     5.3720    3.0546   
535350.6185     5.1903    3.2207   
535350.7185     5.0505    3.2228   
535350.8185     5.3578    3.0889   
535350.9185     5.6756    3.3579   
535351.0185     5.9824    3.5393   
535351.1185     6.3697    3.7375   
535351.2185     6.4484    3.6243   
535351.3185     6.0618    3.6389   
535351.4185     5.7587    3.4049   
535351.5185     6.0601    3.6691   
535351.6185     6.5702    3.8572   
535351.8185     6.6802    5.3189   
535351.9185     6.6133    5.6067   
535352.0185     6.5105    5.5964   
535352.1185     6.5756    4.8870   
535352.2185     6.5484    4.7640   
535352.4185     6.8954    3.7743   
535352.5185     7.0705    3.6233   
535352.6185     6.7937    4.0077   
535352.7185     6.1026    4.3352   
535352.9185     6.2669    4.1749   
535353.0185     7.1214    4.2674   
535353.1186     7.6539    4.0539   
535353.3635     7.6628    3.8871   
535353.4635     6.7447    3.3182   
535353.6142     6.4625    2.7499   
535353.7635     6.3903    2.1944   
535353.8635     6.4186    2.7082   
535353.9635     6.2560    2.9809   
535354.1635     6.3534    2.7365   
535354.3636     6.8090    2.6942   
535354.5635     7.1431    4.8099   
535354.6635     7.4667    5.3278   
535354.8143     7.4115    4.5014   
535354.9635     6.7060    3.4514   
535355.1635     6.1861    3.6762   
535355.3635     5.8741    3.2267   
535355.4635     6.1754    2.9487   
535355.5635     5.9875    2.5664   
535355.7635     5.7670    2.7816   
535355.8635     5.6847    2.9364   
535356.0155     6.0746    3.2233   
535356.1650     6.6951    3.2666   
535356.3150     6.8440    3.1728   
535356.4153     6.8725    3.4530   
535356.6162     6.7223    3.4676   
535356.7158     7.0106    3.5509   
535356.8154     7.2268    3.2906   
535356.9150     6.5789    3.0979   
535357.0650     6.1253    2.7700   
535357.1650     5.9192    2.5173   
535357.3154     6.0741    2.1623   
535357.4174     6.4530    2.2159   
535357.5650     5.9850    2.0282   
535357.6650     5.3358    2.1148   
535357.7650     5.6212    2.1708   
535357.9150     6.3827    2.4039   
535358.0150     7.5812    3.0544   
535358.1150     7.8086    3.1707   
535358.2150     6.1591    2.8990   
535358.3162     5.1735    2.7468   
535358.4150     5.9654    3.1494   
535358.5150     6.9483    3.3294   
535358.6160     8.2204    3.9473   
535358.7650     9.0959    4.2047   
535358.8650     9.6781    4.0504   
535358.9650     9.9713    3.5503   
535359.0650     9.5450    3.0170   
535359.1649     9.2162    2.8959   
535359.2650     8.5364    2.8207   
535359.4153     8.5752    3.7183   
535359.5150     9.5785    4.0719   
535359.6150     10.2667   4.3739   
535359.7149     10.1790   4.9810   
535359.8151     9.4569    4.3004   
535359.8151     9.2508    4.2645   
535359.9150     8.7268    3.8534   
535360.0150     9.2018    3.8345   
535360.1150     9.8391    3.8728   
535360.2650     9.5520    4.1012   
535360.3649     8.6338    3.6094   
535360.4650     7.8050    3.1414   
535360.5649     8.3107    3.0405   
535360.6650     9.2337    3.3164   
535360.7650     9.1155    3.5004   
535361.1599     9.8832    3.9810   
535361.3600     10.7956   4.1342   
535361.4599     11.3363   4.3408   
535361.5600     11.5529   4.4121   
535361.6599     10.9947   4.5358   
535361.7599     10.6505   4.9155   
535361.8599     10.3871   5.0859   
535361.9600     10.3105   5.0046   
535362.0600     10.2696   4.6299   
535362.4600     9.8569    4.1079   
535362.5600     9.8339    4.1431   
535362.6600     10.0204   4.2922   
535362.7600     10.2689   4.4208   
535362.8600     10.1736   4.8557   
535362.9599     10.2106   5.0507   
535363.3602     10.1373   4.2130   
535363.4600     10.0456   4.3031   
535363.5600     9.8092    4.6579   
535363.6600     9.3531    4.8076   
535363.7600     8.9389    4.8069   
535363.8600     8.9981    4.0913   
535364.1600     10.1038   2.4835   
535364.3600     8.0573    3.4369   
535364.4600     9.5841    4.2256   
535364.5600     11.4357   4.5335   
535364.6600     10.8310   4.0551   
535364.7604     9.9552    3.6543   
535365.0600     10.4768   3.9003   
535365.1600     10.3235   3.8224   
535365.2600     10.2194   3.7405   
535365.3600     9.7782    3.7609   
535365.4600     9.7102    3.9407   
535365.6600     10.1800   4.1780   
535365.7599     10.7965   4.1749   
535365.8600     10.9694   4.0707   
535365.9600     10.2170   4.0561   
535366.1600     9.8662    4.4920   
535366.2600     10.2039   4.7545   
535366.3600     10.4568   5.3925   
535366.5599     9.9920    4.1857   
535366.6599     9.4864    3.2210   
535366.8600     9.0897    2.9109   
535366.9600     9.3508    3.1935   
535367.0600     8.9124    2.8784   
535367.2600     8.1951    2.1697   
535367.3600     8.1521    2.1437   
535367.5599     8.7287    2.3666   
535367.6600     9.5997    2.2331   
535367.8600     9.6403    2.5324   
535368.0600     9.2803    2.6085   
535368.1600     8.7734    2.5491   
535368.3599     8.4666    2.5940   
535368.4600     8.6788    2.7551   
535368.6600     8.8619    2.7889   
535368.7600     8.9133    2.7647   
535368.7600     8.7934    2.7836   
535368.9600     8.4957    2.6524   
535369.1600     8.3038    2.3704   
535369.2599     8.7552    2.1504   
535369.4600     8.7528    2.1378   
535369.5600     9.1830    1.7418   
535369.7600     8.6684    1.4298   
535369.9600     8.1818    1.5675   
535370.0612     7.8446    1.8079   
535370.1600     7.8641    2.0976   
535370.3600     8.1040    2.1651   
535370.4600     8.2528    2.1655   
535370.6600     7.8787    2.0862   
535370.7600     7.8128    2.3355   
535370.9600     7.7915    2.2552   
535371.0550     7.7473    1.3456   
535371.2050     7.3670    1.0917   
535371.5050     7.1717    0.4906   
535371.6050     7.6301    0.4225   
535371.9050     7.6632    0.5376   
535371.9550     7.8725    0.4623   
535372.2550     7.6807    0.6174   
535372.3549     7.4187    0.8247   
535372.4550     7.2652    0.7884   
535372.6550     7.3168    1.0032   
535372.7549     7.2260    0.9326   
535372.8549     7.1526    0.9346   
535373.0050     6.9459    1.0765   
535373.1050     6.9217    1.2814   
535373.3050     7.0802    1.5948   
535373.4050     7.0109    1.4418   
535373.5050     7.0288    1.2512   
535373.6050     7.1492    1.3840   
535373.7050     6.8172    1.6685   
535373.8050     6.8381    1.7083   
535374.0550     6.9516    1.8925   
535374.1550     6.8516    2.2504   
535374.2550     6.8117    2.3920   
535374.3550     6.5590    2.3877   
535374.4550     6.5270    2.1083   
535374.5550     6.6255    2.1635   
535374.6550     6.6784    2.1696   
535374.7550     6.7326    2.1943   
535374.8550     6.5768    1.9301   
535374.9050     6.5969    1.8923   
535375.0050     6.5748    1.4827   
535375.1050     6.4367    1.0140   
535375.2049     6.3868    0.8762   
535375.3050     6.6196    1.7080   
535375.4050     6.6030    3.0010   
535375.5551     6.7690    4.4099   
535375.6050     7.4961    4.4862   
535375.7050     6.9908    3.5995   
535375.8050     6.8528    2.8912   
535375.8050     6.9586    1.9480   
535375.9049     6.7694    1.2717   
535376.0550     6.6911    1.7353   
535376.1550     6.5371    2.6945   
535376.2550     6.2397    2.8469   
535376.3550     6.4493    1.5833   
535376.4550     6.4373    1.7740   
535376.5550     6.3430    1.1224   
535376.6550     6.5655    1.8816   
535376.7549     6.8425    1.9099   
535376.8553     7.8031    1.7673   
535376.8553     7.9363    1.7192   
535376.9550     7.6976    0.6997   
535376.9550     6.7942    1.3364   
535377.1050     7.5004    1.2517   
535377.3050     7.8309    1.4029   
535377.4555     7.8378    1.2908   
535377.5555     7.4173    3.3252   
535377.6555     7.3194    4.0154   
535377.7555     7.3805    3.3878   
535377.7555     7.3538    3.1792   
535377.8555     7.2901    2.3866   
535377.8555     7.1921    2.1590   
535377.9555     7.1229    1.8596   
535378.0555     7.6787    2.3948   
535378.1555     7.7037    2.4816   
535378.2555     7.9973    2.4882   
535378.3555     8.1438    2.2811   
535378.4555     7.9364    2.4669   
535378.5555     7.9681    2.3858   
535378.6555     8.1056    2.4033   
535378.7556     8.1815    2.5294   
535378.7556     8.2409    2.5378   
535378.9555     7.8827    2.2369   
535379.0555     7.9284    2.1305   
535379.2555     8.5145    2.5938   
535379.3555     8.2841    2.5030   
535379.4555     8.3306    2.5981   
535379.5555     8.6509    2.4986   
535379.6555     8.5796    2.5130   
535379.7555     8.6406    2.3038   
535379.8555     8.8960    2.1484   
535379.9555     9.0583    2.0776   
535379.9555     8.7690    1.8122   
535380.0555     8.7310    1.6572   
535380.1555     8.8205    1.6293   
535380.2556     8.9894    1.7618   
535380.3555     8.8889    1.9406   
535380.5005     8.6839    1.9394   
535380.9005     9.1823    2.8781   
535381.0005     9.1816    3.0692   
535381.2005     8.8836    3.2099   
535381.3005     8.7953    3.1386   
535381.4005     8.4445    3.2277   
535381.5005     8.5737    3.4029   
535381.6005     8.5393    3.3955   
535381.7005     8.5613    3.3083   
535381.7005     8.5319    3.2089   
535381.8005     8.6983    3.1231   
535381.9005     8.7992    2.8454   
535382.0005     8.8210    2.6358   
535382.1005     8.9369    2.6513   
535382.3005     9.1491    3.5150   
535382.4005     9.2881    3.5156   
535382.6005     9.3254    3.3024   
535382.7005     9.3437    3.6304   
535382.8005     9.8033    3.1854   
535382.9005     9.7232    3.1659   
535383.1005     9.9405    3.3879   
535383.2005     10.1134   3.2715   
535383.4005     10.1466   3.3328   
535383.5005     10.1730   3.1400   
535383.6005     9.9407    2.7691   
535383.8005     10.0887   2.6590   
535383.9005     10.2285   2.7569   
535384.0005     10.2481   2.8685   
535384.2005     10.2138   2.9152   
535384.3005     10.4014   2.8238   
535384.5005     10.5465   2.8838   
535384.6005     10.6693   3.0678   
535384.7005     10.3674   2.8870   
535384.8007     10.3342   2.8657   
535385.0005     10.1944   3.0170   
535385.1005     10.1979   3.1540   
535385.3005     10.2621   3.1833   
535385.4005     10.6635   3.6563   
535385.5005     10.6530   3.6944   
535385.7005     10.6370   3.4823   
535385.7955     10.5579   3.2241   
535385.8955     10.8627   3.3159   
535386.0955     10.4764   3.0561   
535386.1955     10.2950   3.0578   
535386.3955     10.3680   2.9536   
535386.4955     10.4726   2.8468   
535386.6405     10.5583   3.0455   
535386.7405     10.6004   3.2545   
535386.9405     10.6143   3.5674   
535387.0408     10.6938   3.6979   
535387.1405     10.7474   3.8830   
535387.3405     10.6785   3.5897   
535387.4405     10.6474   3.3889   
535387.6355     11.0018   3.2151   
535387.7355     11.0865   3.2778   
535387.9355     11.1251   3.3614   
535388.0355     10.8483   3.2733   
535388.2355     11.4483   3.2539   
535388.3355     11.5246   3.1602   
535388.4355     11.1258   2.5545   
535388.6355     11.7807   2.6643   
535388.7355     11.6250   2.7235   
535388.9355     10.6309   2.4331   
535389.0355     10.5502   2.6080   
535389.2355     10.8625   2.8721   
535389.3355     10.9562   3.0212   
535389.5355     11.3667   2.9474   
535389.6355     11.2169   2.8134   
535389.7355     11.2173   2.8392   
535389.9355     11.5786   2.8023   
535390.0355     11.6976   2.9427   
535390.2355     11.8847   2.9468   
535390.3355     11.5679   2.6953   
535390.4355     11.8070   2.6888   
535390.6355     11.9140   2.7172   
535390.7355     11.9997   2.7976   
535390.8355     11.9524   2.7145   
535391.0355     11.7303   2.7092   
535391.1355     11.5329   2.7838   
535391.2355     11.4391   2.8947   
535391.3355     11.3564   2.9278   
535391.4355     11.3866   2.9951   
535391.6355     11.1367   3.4128   
535391.7355     11.4949   4.0443   
535391.8355     11.3779   3.8678   
535391.9355     11.1575   3.0635   
535392.0355     11.5371   2.7302   
535392.1355     11.3334   2.6421   
535392.2355     11.4271   2.7816   
535392.3355     11.7352   3.2454   
535392.5355     11.8993   3.0845   
535392.6355     11.7975   2.9625   
535392.7355     11.3229   2.8749   
535392.8355     11.6007   3.1064   
535392.8355     11.8568   3.1015   
535392.9355     12.0285   3.0675   
535393.1355     12.1753   2.8531   
535393.2355     12.0094   2.9742   
535393.3355     12.0237   3.0445   
535393.3355     12.0475   3.1022   
535393.4356     12.1086   3.0909   
535393.5355     12.1718   3.0610   
535393.6355     11.7353   3.0739   
535393.7355     11.8916   3.1062   
535393.8355     12.0979   3.2122   
535393.9355     12.2044   3.3141   
535394.0355     12.0103   3.2221   
535394.1355     11.8327   3.1712   
535394.2358     11.9830   3.0694   
535394.3355     12.1180   3.0991   
535394.4355     12.0040   3.1348   
535394.5355     11.9963   3.0792   
535394.6355     11.7409   2.9853   
535394.6355     11.7635   2.9948   
535394.7355     11.6323   3.2702   
535394.8355     11.7596   3.3876   
535394.9355     12.0415   3.2649   
535395.0355     11.9875   3.3192   
535395.1355     11.8155   3.1045   
535395.2355     11.8622   2.9463   
535395.3355     11.7561   3.0368   
535395.4355     11.5642   3.1340   
535395.5355     11.0348   2.8159   
535395.6355     11.0812   2.9235   
535395.7357     11.0682   2.7034   
535395.8355     10.8964   2.7562   
535395.9355     10.8248   2.4831   
535396.1356     10.8010   2.6379   
535396.2355     10.6397   2.6297   
535396.3355     10.3826   2.4811   
535396.4355     10.1172   2.3741   
535396.4355     9.9944    2.4514   
535396.5355     10.0112   2.2759   
535396.6355     9.5694    1.9467   
535396.8355     9.6509    2.0473   
535396.9355     9.6916    1.9899   
535397.0355     10.0956   2.1500   
535397.1355     10.6035   2.3854   
535397.3355     10.7299   2.6255   
535397.4355     10.3746   2.4260   
535397.5355     10.5860   2.3662   
535397.6355     11.0707   2.4825   
535397.8355     10.7072   2.4848   
535397.9355     10.1461   2.2826   
535398.0355     10.3716   2.3929   
535398.2355     10.5811   2.6974   
535398.3355     10.2588   2.6480   
535398.5355     10.5536   2.6105   
535398.6355     10.8121   2.6716   
535398.8355     10.9543   2.8257   
535399.0355     10.8832   2.5212   
535399.2366     10.9327   2.4886   
535399.3355     10.9298   2.4399   
535399.4355     10.6551   2.3777   
535399.5355     10.5307   2.2771   
535399.7355     10.6199   2.3903   
535399.8355     10.6405   2.4530   
535400.0355     10.6975   2.5394   
535400.1355     10.7261   2.5319   
535400.4355     10.8684   2.6982   
535400.6355     10.8736   2.6879   
535400.6355     10.4215   2.5486   
535400.8355     10.3789   2.4328   
535400.9355     10.3404   2.4096   
535401.1355     10.4384   2.4001   
535401.2355     10.2867   2.2979   
535401.4355     10.2658   2.4728   
535401.5355     10.3966   2.7346   
535401.6355     10.4560   2.9528   
535401.7355     10.4375   3.0959   
535401.9355     10.5019   3.2528   
535402.0355     10.5317   3.3900   
535402.1355     10.1122   3.5521   
535402.4355     10.1239   3.0251   
535402.5355     9.9873    2.6100   
535402.6355     10.1968   2.6250   
535402.7355     10.3624   2.6146   
535402.9380     10.6418   2.6700   
535403.0380     10.6266   2.7110   
535403.2380     10.1966   2.6958   
535403.4380     9.9271    2.3854   
535403.6380     9.8765    2.1963   
535403.7380     9.8848    2.0406   
535403.9380     9.3671    2.1165   
535404.0380     9.1956    2.3532   
535404.2380     9.0076    2.5296   
535404.4380     9.2196    2.4195   
535404.5380     8.9661    2.1959   
535404.7380     9.2610    2.1134   
535404.8380     9.2455    2.1797   
535405.0380     9.0091    2.3794   
535405.3380     8.6019    2.6835   
535405.5380     8.7772    2.0986   
535405.8380     8.7869    2.2226   
535405.9380     8.3985    2.1674   
535406.0380     8.4149    2.1680   
535406.2380     8.6199    2.4529   
535406.3380     8.5465    2.4156   
535406.4380     8.7363    2.3553   
535406.5380     8.4005    2.2279   
535406.6380     8.4923    2.1996   
535406.7380     8.5550    2.1958   
535406.8380     8.6383    2.1270   
535406.9380     8.7369    2.1401   
535407.1380     8.3088    1.8753   
535407.2380     8.2119    2.0298   
535407.4380     8.5669    2.1976   
535407.5380     8.3674    2.2354   
535407.6380     8.3874    2.3424   
535407.7380     8.3888    2.3457   
535407.8380     8.4793    2.3057   
535407.9380     8.6015    2.3301   
535408.1381     8.5496    2.3576   
535408.2380     8.6866    2.2338   
535408.3380     8.6696    2.3426   
535408.4380     8.4821    2.3554   
535408.5380     8.4518    2.2315   
535408.6380     7.8754    2.0729   
535408.8380     7.6793    1.9277   
535409.0380     7.4683    1.9590   
535409.0380     7.4548    1.9474   
535409.1380     7.6697    2.0133   
535409.2380     7.5909    2.1207   
535409.4380     7.4318    2.3074   
535409.5380     7.4800    2.1486   
535409.6380     7.5051    2.1361   
535409.7380     7.5029    2.1075   
535409.8380     7.5951    2.1085   
535410.0380     7.0360    2.0369   
535410.1380     6.8599    2.0629   
535410.3380     6.9334    2.1409   
535410.4380     7.2289    2.2351   
535410.5380     7.4004    2.2563   
535410.6381     7.2177    2.1168   
535410.8380     7.0222    2.0135   
535410.9380     7.0185    1.9113   
535411.1380     6.9268    1.7802   
535411.3387     6.8580    1.8459   
535411.4380     6.6826    1.7356   
535411.5380     6.6344    1.6619   
535411.7380     6.3794    1.6412   
535411.8380     6.2732    1.3799   
535412.0380     6.1580    1.4026   
535412.1380     6.1693    1.5081   
535412.3380     6.3596    1.9768   
535412.4380     6.2750    1.8885   
535412.6830     6.3044    1.5553   
535412.7830     6.5661    1.5456   
535413.0830     6.5511    1.7938   
535413.2830     6.4195    1.6413   
535413.4830     6.2431    1.6785   
535413.5830     6.4068    1.6455   
535413.6830     6.5873    1.5841   
535413.8830     6.5658    1.3873   
535413.9830     6.4385    1.3693   
535414.1830     6.0484    1.4202   
535414.2830     6.0449    1.3166   
535414.3840     6.2582    1.3493   
535414.4830     6.3700    1.3424   
535414.5830     6.4705    1.3176   
535414.7830     6.6152    1.1918   
535414.8831     6.4874    1.2787   
535414.9830     6.4678    1.4786   
535415.0830     6.3153    1.5370   
535415.1830     6.4699    1.3718   
535415.2837     6.6794    1.2852   
535415.4830     6.6376    1.2677   
535415.5830     6.3905    1.3309   
535415.6835     6.4116    1.3533   
535415.7836     6.5050    1.3757   
535415.8830     6.4617    1.5102   
535415.9830     6.2727    1.5036   
535416.0830     6.3634    1.4650   
535416.1830     6.4619    1.3997   
535416.2830     6.3320    1.2771   
535416.3830     6.2328    1.4137   
535416.5830     6.0650    1.4604   
535416.6830     6.1435    1.3611   
535416.7830     6.4312    1.3988   
535416.8830     7.0429    1.4478   
535416.8830     7.0694    1.4872   
535416.9830     7.1228    1.5745   
535417.0829     7.3432    1.5896   
535417.1830     7.6164    1.5849   
535417.2830     7.6133    1.6653   
535417.3830     7.2680    1.7397   
535417.4830     7.3906    1.5969   
535417.5830     7.6085    1.6195   
535417.5830     7.6093    1.6076   
535417.7830     7.2883    1.5469   
535417.8830     6.9181    1.5307   
535417.9830     6.6893    1.4971   
535417.9830     6.4220    1.4318   
535418.0830     6.2492    1.3680   
535418.1830     6.1962    1.3426   
535418.2833     6.3732    1.3878   
535418.4830     6.0248    1.6940   
535418.5830     6.0992    1.7160   
535418.6830     6.0654    1.6390   
535418.7830     6.0909    1.6287   
535418.8830     5.9471    1.5115   
535418.8830     5.8028    1.4905   
535418.9830     5.5879    1.3731   
535419.0830     5.7889    1.4991   
535419.1836     5.8781    1.4878   
535419.2830     5.9424    1.7156   
535419.2830     5.8546    1.6284   
535419.3830     5.7351    1.6138   
535419.4830     5.6294    1.8312   
535419.5830     5.7502    1.6822   
535419.6830     5.9832    1.5803   
535419.7830     6.1237    1.5999   
535419.7830     6.2745    1.6991   
535419.8830     6.1103    1.9197   
535420.0830     5.7344    2.1206   
535420.0830     5.5469    2.0862   
535420.1830     5.7858    2.3928   
535420.2830     6.1569    2.5274   
535420.3830     6.3566    2.4693   
535420.4830     6.5823    2.2752   
535420.6830     6.3730    2.0421   
535420.7830     6.6050    1.8794   
535420.8830     6.3988    1.8046   
535420.9830     6.4762    1.9052   
535421.0830     6.2983    1.7816   
535421.1830     5.9821    1.6240   
535421.2830     5.8536    1.4155   
535421.3830     6.5506    1.3956   
535421.4830     6.1559    1.3151   
535421.5825     5.6745    1.2825   
535421.6825     5.7000    1.3438   
535421.6825     6.1718    1.4706   
535421.7825     6.8181    1.5670   
535421.8825     5.5652    1.4210   
535421.9825     5.8611    1.2768   
535422.0825     6.3824    1.2141   
535422.1825     6.5704    1.0239   
535422.2825     6.4324    1.0377   
535422.3825     5.9869    0.8110   
535422.4775     6.1289    0.8856   
535422.5775     6.4511    1.2376   
535422.6775     6.7269    1.6499   
535422.7775     6.3980    1.5482   
535422.8775     6.1863    1.4922   
535422.8775     5.9923    1.3702   
535422.9775     6.1831    1.2979   
535423.0775     6.2626    1.5807   
535423.2225     6.3663    1.9229   
535423.3225     5.9820    1.8133   
535423.4225     5.7375    1.4221   
535423.5225     5.6809    1.1923   
535423.6225     5.8468    1.1966   
535423.7225     5.7008    1.2363   
535423.8225     5.8425    1.4438   
535423.9225     5.9770    1.5182   
535424.0225     5.5946    1.2364   
535424.1225     5.6640    0.4010   
535424.2224     5.9922    0.5906   
535424.2224     5.1158    0.8813   
535424.3225     4.8116    1.4382   
535424.4234     4.9323    1.5988   
535424.5225     5.2116    1.2606   
535424.6225     6.1207    0.9180   
535424.7225     6.9211    0.2728   
535424.8235     6.4800    0.8675   
535424.9225     6.5172    1.1738   
535425.0227     4.9495    1.5232   
535425.1225     4.9010    2.1066   
535425.2225     5.2671    0.8397   
535425.3231     5.3606    0.6624   
535425.4225     5.7224    0.6083   
535425.5225     6.4469    0.6362   
535425.6225     7.1736    0.9449   
535425.7232     6.5784    0.6734   
535425.8225     5.4579    0.7690   
535425.9226     5.1646    0.9662   
535426.0227     5.4091    0.6806   
535426.1227     5.3585    0.6195   
535426.2227     5.7059    0.8014   
535426.3227     5.8866    0.8902   
535426.5227     5.2762    0.6662   
535426.6227     5.2213    0.7208   
535426.7227     5.4212    0.7292   
535426.8227     5.4926    0.6433   
535426.9227     5.1316    0.7465   
535426.9227     4.8348    0.7867   
535427.0227     4.7386    0.7371   
535427.1226     4.8438    0.7087   
535427.2227     4.9275    0.6838   
535427.3227     5.0411    0.6787   
535427.4228     5.2146    0.4262   
535427.5227     5.0441    0.4819   
535427.5740     4.8049    0.7292   
535427.7227     4.7387    0.8661   
535427.7227     4.7819    0.5967   
535427.8227     5.0817    0.3419   
535427.9226     5.3087    0.5346   
535428.0227     4.8700    0.8797   
535428.1227     4.9051    0.8618   
535428.2227     5.0101    0.6228   
535428.3227     4.9830    0.6095   
535428.4226     4.9486    0.8831   
535428.4226     4.9383    1.0682   
535428.5227     4.8349    0.7589   
535428.6227     4.7641    0.9403   
535428.7226     4.7597    1.0405   
535428.7226     4.4786    1.0130   
535428.8227     4.4796    0.9045   
535428.9227     4.7341    0.8017   
535429.0226     4.4497    0.4476   
535429.1227     4.4163    0.7620   
535429.2227     4.5099    1.1594   
535429.3227     4.4783    1.0413   
535429.4227     5.1532    0.4580   
535429.5227     4.9978    0.8641   
535429.5227     4.6784    1.1627   
535429.6227     4.4373    1.3395   
535429.6227     5.0582    1.1001   
535429.7239     5.2812    0.9750   
535429.8227     5.0451    1.4144   
535429.9226     4.6511    1.5064   
535430.0227     4.8516    0.8526   
535430.0227     4.8342    0.6849   
535430.1240     4.8099    0.4766   
535430.2227     4.9508    0.6933   
535430.3226     4.7609    1.1665   
535430.4227     4.5504    1.3510   
535430.4227     4.8691    1.2210   
535430.5227     5.0203    0.8037   
535430.6227     5.1807    0.7988   
535430.6227     5.2726    0.8066   
535430.7226     5.2301    0.9255   
535430.8226     5.5417    0.8563   
535430.9227     5.6087    0.9027   
535431.0226     5.7778    1.0616   
535431.1227     5.8111    1.0008   
535431.2227     5.8100    0.8041   
535431.2227     5.8523    0.7525   
535431.3227     5.7348    0.6800   
535431.4227     5.7285    0.9321   
535431.4227     5.3745    1.2226   
535431.5227     5.3391    1.5592   
535431.6227     5.8224    1.7393   
535431.6227     6.3564    1.8465   
535431.7227     6.0295    1.9514   
535431.8227     6.0717    2.2690   
535431.8227     5.6648    2.2073   
535431.9226     5.5559    2.1832   
535432.0227     5.5004    2.3289   
535432.0227     6.3322    2.3406   
535432.2227     6.0548    3.0429   
535432.2227     6.7740    3.9556   
535432.3226     6.8625    4.2660   
535432.4227     6.6307    3.8461   
535432.6227     6.6528    2.5905   
535432.6227     6.6959    2.0496   
535432.7227     6.2866    1.8564   
535432.8227     5.8471    2.0347   
535432.9226     5.9165    2.5100   
535433.0227     5.9416    2.7120   
535433.0227     6.0651    2.6488   
535433.1227     6.6383    2.5384   
535433.2226     6.8399    2.4013   
535433.3227     6.6531    2.4143   
535433.4226     6.7661    2.3703   
535433.5227     6.6668    2.5217   
535433.7227     6.0626    2.1326   
535433.8227     6.0593    1.6310   
535433.9227     6.2672    1.5504   
535434.0227     6.0585    1.4350   
535434.1227     6.3294    1.3339   
535434.3226     6.7626    1.3902   
535434.4226     6.4664    1.1771   
535434.6227     6.2052    1.1654   
535434.7227     6.3052    1.1150   
535434.8226     6.1967    1.1260   
535434.9227     5.4792    1.1037   
535435.0227     5.4450    1.0285   
535435.1227     6.4935    0.7010   
535435.2227     6.9237    0.6369   
535435.3226     6.4105    1.2077   
535435.4227     6.2893    1.3100   
535435.5227     5.6780    1.2165   
535435.6227     5.0507    0.8169   
535435.7226     4.9495    0.8938   
535435.8226     4.7103    0.8926   
535435.8226     4.8177    0.9832   
535435.9227     4.9876    0.8170   
535436.0227     4.6423    0.7164   
535436.1227     4.7740    0.4918   
535436.3227     4.7544    0.3752   
535436.4227     4.1410    0.7307   
535436.5227     3.9872    0.9236   
535436.6227     4.2805    0.3347   
535436.7230     4.7068    0.4176   
535436.7230     4.9156    0.4539   
535436.9231     3.7457    0.7470   
535437.1228     4.1025    0.6383   
535437.1228     3.8386    0.6610   
535437.2227     4.3945    1.6065   
535437.4227     4.3954    2.2058   
535437.5227     3.7987    2.1316   
535437.6236     3.2911    2.4194   
535437.7227     5.2222    2.2109   
535437.7227     4.7464    2.1471   
535437.8235     6.8411    2.2656   
535437.8235     6.8931    2.2579   
535437.9227     7.1441    1.3960   
535438.0227     7.2171    1.2494   
535438.0227     6.9864    1.3406   
535438.1227     4.9705    1.7304   
535438.2227     5.0706    2.4710   
535438.3227     5.7842    2.6721   
535438.4227     5.6780    2.6216   
535438.4227     5.6686    2.7674   
535438.5226     5.7090    3.0750   
535438.5226     5.6465    3.1814   
535438.6227     5.6734    3.1741   
535438.7227     5.8498    3.0529   
535438.8227     5.9694    2.8165   
535439.0227     5.0243    2.7196   
535439.0227     5.1200    2.8197   
535439.1227     4.4567    2.6925   
535439.3227     5.1350    2.2293   
535439.5227     5.0759    2.5323   
535439.6227     4.8643    2.9624   
535439.7227     4.8355    2.8196   
535439.9226     4.7266    1.8583   
535440.0227     4.0584    1.8461   
535440.2227     3.3766    1.9734   
535440.3227     4.5965    1.3539   
535440.4226     3.9641    1.3808   
535440.5227     4.0616    1.2082   
535440.6227     4.7430    1.6094   
535440.7227     4.8925    1.6726   
535440.8226     4.6897    1.7271   
535440.9227     3.8463    1.9705   
535441.0227     3.6073    1.9830   
535441.1227     3.8453    2.0991   
535441.2227     4.5304    2.0956   
535441.3227     5.2124    1.9774   
535441.4227     4.4825    1.6600   
535441.5227     4.0751    1.2663   
535441.5227     4.2911    1.0968   
535441.7227     4.5844    1.0864   
535441.8228     4.7979    1.1263   
535441.9227     4.6138    0.8438   
535442.0226     19.3720   1.3974   
535442.1227     19.4988   1.4821   
535442.2227     19.6829   1.7725   
535442.3226     36.9485   1.7042   
535442.4227     44.9151   1.4345   
535442.5227     45.1997   1.2857   
535442.6215     51.6044   1.9439   
535442.7177     51.9188   1.8317   
535442.8177     55.0435   1.8051   
535443.0177     72.2220   2.3615   
535443.1627     72.8196   2.8843   
535443.2627     73.1721   3.0596   
535443.3627     74.8352   2.9004   
535443.3627     74.4669   2.7723   
535443.4627     71.8050   2.1968   
535443.6627     72.9413   2.5436   
535443.7627     58.4480   2.0386   
535443.8627     58.7620   1.9442   
535443.9627     59.1329   1.8916   
535444.0627     59.4326   2.0286   
535444.3627     52.1225   2.4026   
535444.5627     57.3962   2.4653   
535444.6627     57.6361   2.6275   
535445.1627     58.9086   2.3351   
535445.4632     55.0567   3.0725   
535445.5627     55.9308   2.8585   
535445.8627     57.9017   1.8064   
535445.9627     58.1718   1.6550   
535446.0627     58.5508   1.5896   
535446.1627     58.7271   1.7677   
535446.2627     57.3555   1.6697   
535446.3627     57.5389   1.7133   
535446.7629     60.3294   1.7434   
535446.8627     58.5654   1.7776   
535447.0627     59.8809   2.1012   
535447.2631     59.3494   1.9036   
535447.3627     63.3211   1.9701   
535447.4150     71.7229   2.2935   
535447.8627     73.8768   2.2378   
535447.8627     73.2746   2.1364   
535447.9627     73.5484   2.2178   
535448.0627     73.8287   2.0949   
535450.7141     61.1687   2.0970   
535450.9635     61.7920   2.6084   
535452.1635     42.0913   2.4773   
535452.7586     28.0487   2.0648   
535452.8585     28.0053   2.2275   
535453.5586     17.5795   1.1025   
535453.6585     26.3708   1.3116   
535454.2600     33.0750   4.6842   
535454.3585     33.3856   4.6197   
535454.5585     33.1782   4.8149   
535454.6585     33.3541   4.5935   
535454.7585     33.6458   4.0778   
535454.9585     32.8179   4.1981   
535455.0585     33.0513   4.4567   
535455.2585     32.5918   4.9834   
535455.4585     31.6812   4.4003   
535455.5585     32.3912   3.5792   
535455.5585     33.4408   3.4966   
535455.8585     32.0915   2.5471   
535456.2585     32.1855   1.6139   
535456.4585     32.1969   2.6435   
535456.6585     32.5033   2.2117   
535456.8585     33.8345   3.1300   
535458.7608     43.3634   12.0374  
535458.8610     43.3046   12.1650  
535459.0608     44.3040   10.3055  
535459.1608     44.2071   9.2786   
535459.1608     45.3253   9.3919   
535459.3608     45.6900   9.5276   
535459.5608     45.8471   10.9294  
535459.7609     45.8826   10.9224  
535459.9608     45.4093   11.0810  
535460.1608     45.8156   11.4279  
535460.3609     45.8860   9.1103   
535460.9609     9.0971    7.7336   
535461.3609     53.5853   7.7895   
535462.5608     65.5028   5.8562   
535465.4049     108.0601  1.8173   
535465.6049     108.4570  3.0163   
535465.9049     109.8550  4.8205   
535466.0049     109.8483  4.9683   
535466.1049     109.8698  5.2093   
535466.2549     109.7127  5.3982   
535466.3549     109.6735  5.2356   
535466.4549     109.6470  5.1259   
535467.5049     113.2557  5.6469   
535467.6049     113.1777  5.4670   
535467.8049     113.1632  5.1860   
535467.9550     113.1060  4.8929   
535468.0549     113.0710  4.6848   
535468.1549     113.0274  4.7218   
535468.2550     112.9517  4.7848   
535468.4549     112.8745  4.6721   
535468.5549     112.8104  4.5438   
535468.7049     112.7209  4.5314   
535468.9049     112.6004  4.6340   
535469.0049     112.5245  4.7206   
535469.2049     112.4427  4.8560   
535469.4049     112.3800  4.9306   
535469.5549     112.3137  5.0793   
535469.7549     112.2503  5.1926   
535469.9549     112.1922  5.6647   
535470.1549     112.1138  6.1182   
535470.3550     112.0555  6.0835   
535470.6049     111.9876  6.2114   
535476.4999     97.6261   6.4240   
535476.5999     97.5172   6.4215   
