545801.370931864 0.274000000     -0.095000000    -0.104000000    91.418771615    0.112765736     90.263888613    0.000000000     
545801.537613869 0.274000000     -0.095000000    -0.104000000    91.418771615    0.112765736     90.263888613    0.000000000     
545801.704295874 0.274000000     -0.095000000    -0.104000000    91.418771615    0.112765736     90.263888613    0.000000000     
545801.870976925 0.274000000     -0.095000000    -0.104000000    91.418771615    0.112765736     90.263888613    0.000000000     
545802.070995331 0.274000000     -0.095000000    -0.104000000    91.418771615    0.112765736     90.263888613    0.000000000     
545802.271013021 0.274000000     -0.095000000    -0.104000000    91.418771615    0.112765736     90.263888613    0.000000000     
545802.437695026 0.274000000     -0.095000000    -0.104000000    91.418771615    0.112765736     90.263888613    0.000000000     
545802.604376554 0.274000000     -0.095000000    -0.104000000    91.418771615    0.112765736     90.263888613    0.000000000     
545802.771058559 0.274000000     -0.095000000    -0.104000000    91.418771615    0.112765736     90.263888613    0.000000000     
545802.937739849 5.782942868     0.936548386     -1.918270993    87.886862323    35.365060388    89.313367247    0.006829083     
545803.111250937 1.036266079     -6.397831859    2.415741784     86.814594510    -49.446218224   94.156701994    0.013519106     
545803.284623442 9.912277211     -6.735474289    0.342348910     90.782677004    30.093953638    92.406319826    0.022287464     
545803.426737165 25.834615141    -4.295843032    -0.935915430    90.886194777    4.771927884     93.030306393    0.026575442     
545803.597706194 25.711794868    0.175708340     5.532021563     90.372955579    13.235465086    92.454317726    0.021010337     
545803.758823571 35.323777461    -4.746604307    6.058670622     90.355947092    7.542540371     92.437663149    0.024665215     
545803.895823814 -2.730338580    -0.277008776    0.911805845     89.253906718    19.538568759    90.112259582    0.027135366     
545804.031639570 -2.322180469    0.588068984     -2.472202219    89.718419278    17.916567705    89.950311825    0.028483433     
545804.199668926 -3.701003946    0.088891430     -0.944594255    88.785071340    -7.040180216    90.428575486    0.030964705     
545804.335495803 -4.093851404    2.019907972     -1.282992121    88.727399606    -6.865887939    90.075755151    0.030438786     
545804.468315249 -2.537947697    1.567765989     -0.342815623    89.201860253    -0.549179601    90.663356015    0.029725630     
545804.600947458 0.041864311     0.681249314     -2.329123296    89.620713273    9.875603589     90.406484648    0.032407839     
545804.736975272 2.240284219     1.784482365     -4.030461375    89.967837952    4.638532899     90.603609802    0.029744058     
545804.900992542 3.968654573     -1.156055162    -0.650483611    89.892268437    8.674736248     91.125214880    0.028191182     
545805.032785269 2.859620218     -0.801762107    -0.463074653    89.754709837    9.028717818     90.854303597    0.029931498     
545805.167870951 1.127381647     0.372405974     -0.616152569    88.836654368    -1.795835242    90.650338347    0.032668562     
545805.303953619 1.482435601     1.620765718     -1.967235982    88.961379669    -0.101171334    90.381694810    0.032191399     
545805.436821345 0.237648490     2.363130799     -1.862627626    88.971319282    -5.377612235    90.467706746    0.027959097     
545805.565933693 2.956218392     1.257416169     -3.428859096    89.285957044    -8.275918535    91.097198005    0.028533052     
545805.699852299 1.838160511     1.289379299     -2.470458935    89.223545784    -1.175672500    90.849523647    0.029187658     
545805.833851555 2.100494668     0.489304771     -3.432005896    89.159359707    -5.622371890    91.193191459    0.030574598     
545806.001918354 1.262745693     0.290308893     0.032986790     89.038916893    -3.785662170    90.999268050    0.031198230     
545806.169222799 2.465775049     0.357431949     0.009686437     88.779356918    1.141557892     90.783253255    0.028052543     
545806.299421762 0.832734461     0.278631013     0.038539305     88.815013527    0.691846169     90.751631897    0.029827851     
545806.467880028 0.414572074     0.284329304     -0.038492206    88.788698150    0.856358954     90.716062653    0.030884086     
545806.602282344 0.818410351     0.691254216     0.155882247     88.764468201    1.207741319     90.727657531    0.031815091     
545806.736559907 1.474366855     0.473863736     -0.693101154    88.739956991    3.315687767     90.747452072    0.031936691     
545806.870028542 1.693489345     -0.080719120    -1.088942047    88.798185108    4.241854721     90.753243308    0.034047520     
545807.038823044 4.651177634     2.694105492     -1.228983807    88.733649952    3.297924055     90.869560394    0.034668241     
545807.206126723 6.366646752     8.782454373     -0.425270983    88.253857736    2.898923600     90.721356709    0.035938693     
545807.340743972 5.759500400     7.073736345     0.339164025     88.434340541    2.600806477     90.512812133    0.037548494     
545807.475699377 4.459200387     4.943914329     -0.575965569    88.047651721    29.941248436    89.426553172    0.034832644     
545807.606328893 4.655384590     5.433794602     -1.250405700    88.688750069    16.274500357    90.707609220    0.034907548     
545807.739749638 2.831032792     4.775530571     -0.094663751    88.675060913    12.294890731    90.657917524    0.034941886     
545807.873129342 2.375207058     4.114338338     -0.193926875    88.694107793    11.844894523    90.625632315    0.034480956     
545808.006014017 2.112942847     4.221889779     -0.308620570    88.697073462    10.925126188    90.638249159    0.034788734     
545808.139667160 2.045828516     4.287916610     -0.163145474    88.559937456    11.944463382    90.538751653    0.035129750     
545808.273353541 2.073136733     4.545174097     0.247539773     88.536700714    12.356103899    90.453524324    0.036236862     
545808.441144327 2.460892156     5.121044590     0.187044287     88.555026034    9.819383900     90.556161878    0.036425804     
545808.608019804 2.531577509     5.741069307     0.773188289     88.547460892    7.361333268     90.524056042    0.037571886     
545808.775852421 0.039672776     3.354928967     1.954068393     87.938847339    29.745678407    88.716635200    0.037602802     
545808.942568918 1.738880690     5.655837298     -0.062371028    88.507918920    2.995746813     90.805687295    0.036490121     
545809.108143011 1.796083846     5.161215138     0.287520315     88.494557652    6.107754161     90.633849704    0.036678769     
545809.275017478 1.943407314     5.456788972     0.334516315     88.459416259    3.971269494     90.795821100    0.036112788     
545809.441142085 1.897042900     5.347785158     0.005990773     88.474007706    2.345889976     90.860831852    0.036846514     
545809.608569498 1.776950952     4.321923017     -0.565542200    88.478149866    1.561223669     90.878461122    0.037487792     
545809.775903749 1.710941144     4.208106734     0.079731256     88.497353503    4.125037932     90.757831526    0.038359625     
545809.943469985 1.541467560     4.399352973     0.113074826     88.458374999    2.125411781     90.810416380    0.038280038     
545810.110085277 1.717337467     4.372053538     0.134812621     88.478739626    3.197532123     90.775956032    0.038555174     
545810.277054577 1.597121337     4.449265093     0.626665867     88.473216551    2.956644186     90.753072700    0.039385789     
545810.444571727 1.874261246     4.054680269     0.375521876     88.533127169    3.334344990     90.766153571    0.039686343     
545810.611552378 1.868036773     4.237572908     0.752629433     88.515881418    3.283921732     90.772262302    0.040000240     
545810.778546850 2.083840842     3.618353883     0.742559981     88.525589979    1.800725308     90.857896580    0.040184575     
545810.945411759 2.424085354     3.381535978     0.800162299     88.516618157    1.584938806     90.869834854    0.040598479     
545811.112505522 3.519084085     4.050411467     0.852353940     88.561421821    0.667312422     90.957146102    0.041154560     
545811.313078340 3.074865009     3.368452152     -0.434052788    88.344346739    -0.412144379    91.142274667    0.040523148     
545811.479127741 2.638362764     2.149232190     -0.469546154    88.349098634    4.303659152     90.734942395    0.040700927     
545811.645987287 2.479950959     0.928390415     -0.261145203    88.366588487    5.159462071     90.664908418    0.041498633     
545811.813467237 2.561234045     1.163955909     -0.290007855    88.326488179    6.785029537     90.596155547    0.042158220     
545811.980807636 2.451781893     1.185128721     -0.341696587    88.313282740    6.279038620     90.619917558    0.041972220     
545812.147303402 2.432899914     0.861928194     -0.876063564    88.262089646    5.689233731     90.619596358    0.042676530     
545812.314688764 2.007054148     1.436655154     -0.530806347    88.238699490    3.938073795     90.679968813    0.042302649     
545812.481005709 1.904219223     1.128028522     -0.614615133    88.226292565    3.325132462     90.692772887    0.042891741     
545812.648288489 2.241672470     1.336138087     -0.746382323    88.228291628    4.542772108     90.653778387    0.043172957     
545812.815262439 2.218436772     1.175808993     -0.160751496    88.259121460    4.832830638     90.630823195    0.043099832     
545813.015222740 1.992496695     1.589244839     0.061889331     88.251610496    4.902454759     90.631321281    0.043110381     
545813.181926976 2.039183235     1.444374102     0.134046773     88.259765104    5.304583355     90.622439629    0.043346475     
545813.348858188 2.107547982     1.419255515     0.098002072     88.261852528    3.941634705     90.709607923    0.042931664     
545813.548460114 1.971734397     1.700725060     0.035501465     88.248582320    3.884107992     90.707812184    0.043322135     
545813.715532113 1.886483925     1.693315112     0.111605571     88.265140804    5.219679420     90.626074992    0.043538163     
545813.915764640 1.980701428     1.897076542     0.390788022     88.313618212    4.180911623     90.692411700    0.043897425     
545814.082805191 2.115873392     2.051753015     0.340104195     88.305391002    4.131431938     90.699950869    0.043977098     
545814.282901363 2.150758289     1.788198484     -0.242803707    88.348287890    4.732633966     90.688751052    0.044111183     
545814.483052423 2.668294290     1.917239159     -0.275411075    88.384837257    3.667282606     90.745427553    0.043853833     
545814.649474217 2.781857434     1.367947331     -0.392011860    88.360805618    3.069185050     90.754158682    0.044074190     
545814.816374672 2.570416614     1.131078344     -0.471796947    88.351195324    4.050181818     90.666670318    0.043994682     
545815.016310470 2.612917905     1.074896634     -0.452715009    88.350335755    4.152792964     90.664588907    0.043759134     
545815.182754543 2.866257116     1.269162323     -0.419394926    88.345561610    2.964006202     90.764676836    0.043511901     
545815.349185977 3.125324390     1.552259419     -0.411213042    88.358995686    2.540590496     90.810719892    0.043396999     
545815.549094965 3.228743117     1.803993272     -0.446670674    88.374562416    2.537934009     90.814605551    0.043737475     
545815.749458615 3.143553867     1.686220882     -0.464112730    88.358283836    1.757791626     90.831489528    0.044487823     
545815.950232376 3.031811502     1.732210068     -0.500389127    88.365975157    2.256784701     90.789451691    0.044504548     
545816.116936112 3.041925510     1.622227359     -0.544378441    88.360411055    2.779330513     90.773990231    0.044715944     
545816.283834759 2.998260114     1.447405593     -0.384286261    88.347578095    3.023283064     90.787976462    0.044531049     
545816.450333537 2.974086996     1.404456538     -0.401380122    88.352319203    4.467210467     90.761565704    0.044366217     
545816.616849757 2.813133988     1.321572867     -0.408036978    88.349590123    3.943727744     90.800962685    0.044498007     
545816.783662598 2.731061410     1.275377030     -0.411906465    88.356724148    3.972755605     90.792819392    0.044558018     
545816.950402468 2.921032057     1.220526828     -0.406723270    88.349009968    3.475311903     90.829817787    0.044508894     
545817.117034157 3.277426352     1.158419626     -0.410849749    88.339137363    4.382887973     90.786727416    0.045156829     
545817.284361951 2.969707562     1.191126125     -0.367531725    88.278677672    3.943853803     90.793456041    0.045276811     
545817.451161793 3.000506150     1.234736210     -0.369860841    88.269048371    3.916332657     90.789950682    0.045461287     
545817.618024697 3.061757650     1.312740047     -0.383831169    88.269149128    3.749695736     90.802969677    0.045409498     
545817.784650383 3.029673390     1.366338305     -0.378545058    88.271086624    3.879296407     90.792638112    0.045485473     
545817.951404548 3.636831998     1.720744649     -0.472688776    88.266652648    3.041724916     90.880906868    0.045541860     
545818.118139125 3.583551298     1.669105541     -0.455412401    88.250241950    2.859173166     90.895083011    0.045481839     
545818.318091788 3.038348533     1.446936356     -0.432810717    88.224732584    3.253730471     90.867195899    0.045513674     
545818.484802528 3.107047277     1.258026359     -0.409269073    88.229920160    2.593002257     90.894992837    0.045654827     
545818.651622111 3.235203682     1.385924771     -0.468603279    88.225184597    1.758854656     90.929657273    0.046102820     
545818.818749248 3.244136713     1.413826582     -0.516228266    88.257845928    1.309202848     90.942723295    0.046112665     
545818.985437283 3.174455553     1.226253901     -0.542941284    88.273276069    2.265934568     90.895558437    0.045869479     
545819.151873240 2.937252628     1.228768256     -0.455108523    88.305954333    1.690584120     90.910376756    0.046257814     
545819.318940481 3.019962946     1.217479518     -0.475163425    88.301473379    2.252959535     90.886880819    0.046355995     
545819.485716852 2.935359045     1.255638402     -0.463626045    88.324291847    2.247574846     90.889489303    0.046116078     
545819.652156079 3.119656927     1.404336500     -0.438704553    88.307813430    2.170312410     90.903798992    0.046056776     
545819.818775921 3.203423364     1.327540673     -0.415605135    88.346628073    1.528492038     90.930778579    0.046038727     
545819.985436300 3.153476327     1.397006181     -0.390102399    88.334665926    1.056564839     90.943628531    0.046211263     
545820.152287503 2.738223827     1.243943532     -0.487174394    88.342280035    2.826318869     90.856928073    0.046357031     
545820.319110985 2.505224046     1.145958717     -0.485909072    88.347091818    2.632364310     90.858912341    0.046514678     
545820.485949207 2.488220164     1.179748845     -0.529514993    88.350217421    2.806904098     90.849929685    0.046739152     
545820.619519285 2.636694972     1.273507247     -0.468703504    88.344998063    2.321838167     90.881571001    0.046785231     
545820.752910491 2.984301213     1.243723207     -0.464248268    88.335444532    1.514256969     90.936813521    0.046821386     
545820.919627220 3.101955882     1.244476122     -0.444616670    88.323730780    1.122399339     90.958406986    0.047105895     
545821.086593495 3.301416933     1.238298937     -0.391866762    88.323342240    1.156301791     90.962446984    0.047273207     
545821.220105696 3.066720812     1.259615187     -0.220302563    88.329150369    1.427023849     90.942412883    0.047295510     
545821.353473126 3.267475613     1.253409657     -0.217910231    88.326895553    1.275665920     90.959241308    0.047237094     
545821.520100769 3.147514017     1.287963580     -0.193137006    88.327320860    0.921561315     90.983289998    0.047281549     
545821.686831519 3.172201217     1.096748474     -0.373006621    88.303135611    0.970441174     90.981537785    0.047169265     
545821.853406724 3.105475766     1.063665227     -0.398805755    88.305993959    1.224737074     90.963642702    0.047022844     
545822.019946838 3.079042889     0.978448625     -0.365980018    88.311153338    1.393651055     90.954214849    0.047350411     
545822.186961894 3.162576406     1.080950787     -0.344565252    88.322218950    1.586899987     90.949228609    0.047411328     
545822.353710537 3.311092852     1.110415607     -0.328826707    88.317113472    1.270468905     90.972393445    0.047307964     
545822.520287271 3.381586620     1.129456637     -0.365564257    88.320874316    0.661717611     90.994478095    0.047560479     
545822.687218930 3.378687994     1.097815279     -0.396073907    88.308193308    0.317136131     91.004869138    0.047601861     
545822.853939217 3.434255965     1.121602053     -0.368195546    88.300612341    -0.040956620    91.017376069    0.047405597     
545823.020420667 3.383543770     1.090363324     -0.442936780    88.315249086    0.221722206     91.000077110    0.047465561     
545823.187159298 3.188651012     0.902256702     -0.319478353    88.292873090    1.316426771     90.949948822    0.047946933     
545823.354318383 3.157977638     0.894829204     -0.331511923    88.287291157    1.379491978     90.945322365    0.048151113     
545823.521201230 3.153089277     1.050573145     -0.292634369    88.306913495    1.497809915     90.944231283    0.048147337     
545823.687875883 3.163101148     1.046109848     -0.299909655    88.306066921    1.456665749     90.948609661    0.048323288     
545823.854729070 3.154382498     1.094027341     -0.313961059    88.311136126    1.757227819     90.929612917    0.048509499     
545824.021593234 3.154474060     1.151901791     -0.328591614    88.311154714    1.658420801     90.933641929    0.048600439     
545824.188362125 3.163283841     1.167772894     -0.327809108    88.290598731    1.758023414     90.934630759    0.048546285     
545824.354984731 3.224684725     1.180669460     -0.304898950    88.284231169    1.467544611     90.966246256    0.048559737     
545824.521678280 3.183816515     1.222838963     -0.258144692    88.285926357    1.393299472     90.967701796    0.049009632     
545824.688808034 3.244177776     1.264487281     -0.233337218    88.280494741    1.212118667     90.974689274    0.049267830     
545824.822410406 3.105083213     1.304486194     -0.202483273    88.282178480    1.125202446     90.970049365    0.049389914     
545824.955876902 2.869600240     1.307808510     -0.177095126    88.279733277    0.841744788     90.965811268    0.049487900     
545825.055982661 2.823402039     1.287580497     -0.179665887    88.281911175    0.707152737     90.970531513    0.049599022     
545825.156102985 1.538076019     0.836134077     0.210535199     88.279076408    1.267782863     90.884900772    0.049696758     
545825.256208732 1.487944097     0.855751401     0.136603209     88.277825189    1.315244997     90.882185333    0.049816186     
545825.423008020 1.482556061     0.876097817     0.131999230     88.287108486    1.626849171     90.851118900    0.049706223     
545825.589581253 1.472257794     0.831348976     0.163248590     88.292882304    1.704348087     90.832537007    0.049877866     
545825.723099216 1.479992345     0.758124371     0.146016656     88.290051139    1.536248406     90.834916756    0.049778878     
545825.856346785 1.495948597     0.687172211     0.164481115     88.289688238    1.529746686     90.832068448    0.050152833     
545825.990067298 1.536678228     0.681771492     0.148672086     88.284014267    1.431836099     90.841645697    0.050244019     
545826.156841205 1.277600107     0.563335986     0.153718677     88.284573953    2.144800689     90.786216556    0.050544882     
545826.290488625 1.243100201     0.618404856     0.179064380     88.277922208    2.097330435     90.791739829    0.050640286     
545826.457266034 1.184972149     0.600206706     0.028207574     88.290556521    2.354105643     90.772176729    0.050658291     
545826.623961752 1.278796691     0.632743889     0.167259506     88.288836652    2.726738292     90.755021824    0.050773283     
545826.790755172 1.332502768     0.628762409     0.166571500     88.283974309    2.794874888     90.755310579    0.050777363     
545826.957437681 1.388991543     0.653921798     0.170997829     88.284928820    2.876813927     90.752301172    0.050865271     
545827.124202826 1.339168559     0.693193821     0.138895937     88.288658944    2.778063492     90.750556348    0.050824770     
545827.290840754 1.243874387     0.719276996     -0.065655792    88.276104343    2.396466508     90.762501328    0.050671436     
545827.457366086 1.314768300     0.728800311     -0.050006626    88.266275479    2.443698394     90.762010139    0.050886539     
545827.624259857 1.331532971     0.726410998     -0.039319617    88.262754856    2.446732437     90.759327284    0.050934401     
545827.790987340 1.352510970     0.755630325     -0.017083855    88.261490119    2.340130241     90.774338954    0.050963865     
545827.957695232 1.357629462     0.751336441     -0.023071189    88.258993505    2.379637114     90.772157029    0.050947251     
545828.124358239 1.347726914     0.830301221     -0.000474624    88.249214696    2.462901815     90.768341750    0.051269005     
545828.258023213 1.340108297     0.850572461     -0.013391264    88.252220538    2.451389779     90.767899427    0.051463014     
545828.424897557 1.324423275     0.865257042     -0.014125165    88.249259932    2.399312044     90.767437053    0.051481139     
545828.624938857 1.311723134     0.862594219     -0.036205462    88.245590246    2.384366795     90.766124947    0.051671380     
545828.791815871 1.332414708     0.858795345     0.005889300     88.249775288    1.972558902     90.765324109    0.051627691     
545828.925120647 1.380478038     0.837195534     0.017471837     88.247596765    2.189218097     90.753403227    0.051763538     
545829.058606151 1.381477982     0.793985206     0.018006307     88.246814506    2.289423724     90.745709816    0.051835733     
545829.192028004 1.305035864     0.841016764     -0.033590954    88.224209685    1.742816487     90.765174351    0.051825906     
545829.325368072 1.252524347     0.853620445     -0.059279344    88.225167927    1.578599791     90.769994891    0.051856379     
545829.458745579 1.167704160     0.857369519     -0.074731009    88.224582867    1.462078346     90.772553894    0.051811037     
545829.558708010 1.176325089     0.901079625     -0.115956321    88.236075844    1.387991138     90.780441379    0.051972789     
545829.692213697 1.081726740     0.914790431     -0.064986793    88.231599273    1.238211529     90.774568302    0.051721718     
545829.791970159 1.011058608     0.894123576     -0.054999462    88.228860978    1.138408835     90.772297031    0.051873352     
545829.892129566 1.014478485     0.885681613     -0.042938229    88.226104798    1.265744544     90.762497557    0.051932657     
545830.025532568 0.950956089     0.845995660     -0.028194680    88.224803645    1.210526074     90.760621298    0.052034076     
545830.192313846 0.995633944     0.852149573     -0.088855395    88.214204790    1.096272954     90.770805499    0.051843380     
545830.358802770 1.129948432     0.752039579     -0.028738365    88.210728826    1.177933402     90.768740109    0.051782015     
545830.525421742 1.007863891     0.684076018     -0.064739730    88.207683606    1.066921354     90.765780503    0.051804627     
545830.692125643 0.983105074     0.643731638     -0.084141302    88.206036945    0.920000726     90.771949559    0.051744103     
545830.858746647 1.051187547     0.664487798     -0.088259338    88.205865804    0.677333612     90.788932342    0.051878407     
545830.992224886 1.064128116     0.683893697     -0.085813352    88.204782728    0.544217105     90.791771602    0.051917176     
545831.125608306 1.062181136     0.772056744     -0.055613865    88.216301260    0.704707444     90.791429125    0.052062901     
545831.292435559 1.070768171     0.802732859     -0.052160368    88.204265301    0.822622982     90.785463907    0.052221552     
545831.459276453 1.097863422     0.779028733     -0.045284764    88.195947544    0.624186016     90.794503799    0.052340144     
545831.626078719 1.074503077     0.727784910     -0.036966050    88.204624703    0.230638218     90.798599060    0.052414405     
545831.792837608 1.054168533     0.707035822     -0.019830305    88.197474597    0.286061732     90.796338492    0.052540422     
545831.959647298 1.071398894     0.684107746     -0.026264650    88.191990761    0.165735838     90.807024403    0.052636901     
545832.093091527 1.048381847     0.689717692     -0.023007936    88.196345877    0.276237776     90.807977169    0.052694976     
545832.226497351 1.043055335     0.629864699     -0.034398643    88.179227568    0.344897356     90.813734897    0.052407289     
545832.359557652 1.048821849     0.581532961     -0.044654796    88.179253060    0.275541703     90.816609286    0.052380717     
545832.492877162 1.061885747     0.566758788     -0.047981905    88.178385612    0.359635465     90.811058149    0.052439524     
545832.626280857 1.069941805     0.615348334     -0.066646543    88.181926705    0.330689643     90.812515071    0.052569046     
545832.759755507 1.067540772     0.611474972     -0.078061148    88.184691962    0.089597085     90.818924352    0.052596073     
545832.926463108 1.076152823     0.616460664     -0.071080535    88.179755956    0.173222051     90.817245736    0.052588140     
545833.059800302 1.038933931     0.603075470     -0.060426343    88.171491661    -0.026915268    90.818821373    0.052635229     
545833.193192279 1.026928874     0.545037838     -0.060071296    88.145943926    -0.515421831    90.834947427    0.052516792     
545833.326418970 1.006572811     0.558985918     -0.052643286    88.142990417    -0.498951784    90.835177562    0.052565827     
545833.493148579 1.014342520     0.551436389     -0.037904158    88.144823395    -0.513666076    90.835295080    0.052551926     
545833.626478614 1.042327166     0.598762601     -0.052627391    88.142542016    -0.422842224    90.832538327    0.052586021     
545833.759856644 1.017780954     0.594307650     -0.058660977    88.139025871    -0.493655824    90.835112263    0.052684676     
545833.893297803 1.007060537     0.588177568     -0.060310855    88.140725751    -0.564312089    90.840050475    0.052750606     
545834.026707430 1.030524986     0.583240859     -0.059935302    88.137166450    -0.531356245    90.838603206    0.052854184     
545834.160154466 1.031255579     0.550541533     -0.051109844    88.133097383    -0.474338674    90.842264874    0.053110345     
545834.293754085 1.047457376     0.553514206     -0.052933139    88.130856086    -0.364520119    90.837582501    0.053094379     
545834.427081815 1.065622933     0.552176390     -0.057670383    88.132085928    -0.267259663    90.832827922    0.053019761     
545834.560352324 1.059070372     0.540395503     -0.057084975    88.131216185    -0.309613768    90.833962396    0.053058799     
545834.727072414 1.065533215     0.542842273     -0.060588663    88.133670895    -0.430702597    90.842802805    0.053018053     
545834.893712004 1.091884427     0.547454198     -0.056454670    88.131313039    -0.317142420    90.833958336    0.053089036     
545835.027127637 1.095312694     0.540474560     -0.063871926    88.126184096    -0.304026504    90.834890937    0.053156982     
545835.160540233 0.961109043     0.582405153     -0.088174930    88.114193222    -0.236241274    90.838509468    0.053006275     
545835.293734415 0.951160081     0.609331682     -0.090849998    88.112605735    -0.199096701    90.836687050    0.053001627     
545835.460411295 0.998387140     0.627131850     -0.083490173    88.112026016    -0.061623622    90.829926959    0.053011754     
545835.593767265 1.033350964     0.634607450     -0.082459774    88.114663941    0.256330430     90.808087474    0.053025601     
545835.727128384 1.053362309     0.622522228     -0.090924287    88.114240816    0.335000922     90.805264966    0.053085443     
545835.893872377 1.070322654     0.637832194     -0.092405025    88.114000042    0.390609774     90.802303836    0.053117912     
545836.027251642 1.059956395     0.648169619     -0.096565246    88.112371777    0.266708845     90.806231638    0.053120395     
545836.193938275 0.943230718     0.584260885     -0.075115812    88.117317439    0.204642459     90.793876026    0.053223307     
545836.394061501 0.905733371     0.595090268     -0.056949857    88.112559631    -0.071985362    90.797148310    0.053226836     
545836.560747274 0.905964747     0.604845290     -0.051178185    88.109613260    -0.215532028    90.801261467    0.053248555     
545836.727452189 0.890280853     0.619871946     -0.058558253    88.106674571    -0.238393149    90.802921944    0.053293544     
545836.894180376 0.871571221     0.633135486     -0.064012393    88.104345642    -0.259354166    90.803361899    0.053301052     
545837.060869889 0.895944185     0.601656487     -0.055826901    88.102810569    -0.226070369    90.804866056    0.053355691     
545837.194270846 0.752447372     0.632787172     -0.024526764    88.093341247    -0.583497472    90.808791339    0.053312104     
545837.327573578 0.779264450     0.615701285     -0.045078761    88.090032872    -0.562025561    90.809157699    0.053324361     
545837.460933347 0.727561343     0.632480129     -0.039268171    88.087884083    -0.696733384    90.811416198    0.053343239     
545837.627639475 0.698007153     0.637495634     -0.050971774    88.086350166    -0.734292450    90.812636458    0.053360602     
545837.794343611 0.693375325     0.633401406     -0.059873430    88.082241188    -0.827029848    90.813675939    0.053416014     
545837.927749157 0.692215982     0.619681850     -0.052635599    88.078636555    -0.962063346    90.827271859    0.053430658     
545838.061114173 0.672190819     0.579020488     -0.058428704    88.076664628    -0.959613707    90.827132268    0.053420635     
545838.194454761 0.508353765     0.608139558     -0.096027050    88.077928073    -1.170054735    90.820514984    0.053478526     
545838.361201333 0.495992817     0.595223087     -0.090007648    88.079798898    -1.089850818    90.816501442    0.053521193     
545838.527928150 0.497346582     0.611386472     -0.074856725    88.079707564    -1.027411139    90.812890163    0.053519429     
545838.694608630 0.504900022     0.574954925     -0.113719504    88.078613761    -1.233277440    90.823669258    0.053570883     
545838.861342089 0.489093176     0.535544513     -0.132012736    88.080236982    -1.237527316    90.820682093    0.053629434     
545839.028082168 0.502780085     0.533185356     -0.162473585    88.079998215    -1.316667425    90.825568433    0.053628758     
545839.194763497 0.429827409     0.601566573     -0.195755449    88.077631341    -1.332207082    90.828784510    0.053733674     
545839.361549703 0.436033075     0.598658641     -0.197027059    88.073871077    -1.348618575    90.830499655    0.053755570     
545839.494916964 0.460772631     0.620035896     -0.181226201    88.079327891    -1.343030619    90.829810186    0.053761365     
545839.628267886 0.458468468     0.630977477     -0.163804247    88.083581371    -1.240920959    90.822064237    0.053811011     
545839.794999537 0.452491817     0.557790577     -0.170435485    88.076328185    -1.224754990    90.821450110    0.053831447     
545839.961700786 0.462408809     0.520429673     -0.147060331    88.076112641    -1.341910918    90.825842130    0.053837987     
545840.095052930 0.457636550     0.503153673     -0.116767459    88.077346292    -1.300776764    90.822717973    0.053838922     
545840.261735632 0.451882035     0.442565167     -0.112883627    88.077412806    -1.187762017    90.818984720    0.053793304     
545840.428372018 0.464054200     0.399658166     -0.114130047    88.074772928    -1.157105029    90.819031880    0.053812766     
545840.595073247 0.472252724     0.407147605     -0.135925666    88.073539170    -1.123755533    90.817986302    0.053855282     
545840.761798960 0.487200747     0.403949603     -0.143047236    88.072559272    -1.034891204    90.816874901    0.053907076     
545840.928532521 0.495524664     0.423307791     -0.157098736    88.072660053    -0.949941475    90.810787866    0.053917121     
545841.128562640 0.510188636     0.418371060     -0.155698657    88.072023543    -1.009592920    90.815076604    0.053919065     
545841.295246351 0.514551354     0.402043051     -0.149803066    88.062158236    -1.123950071    90.833910229    0.053867013     
545841.461877496 0.527697821     0.404322670     -0.152620156    88.061519750    -1.197439722    90.840565356    0.053923688     
545841.628616415 0.532123608     0.393264079     -0.152971714    88.058754832    -1.221933555    90.843667842    0.053932838     
545841.795306616 0.540802357     0.385846725     -0.153950068    88.066322161    -1.236754624    90.843828635    0.053964016     
545841.995356676 0.543560025     0.368294697     -0.124809151    88.056279964    -1.224238121    90.845294967    0.053952830     
545842.162026542 0.519208947     0.362541985     -0.105220875    88.047302694    -1.297591901    90.864196930    0.054006190     
545842.328762145 0.527939841     0.364417428     -0.103597820    88.050859481    -1.309847540    90.863671535    0.054059630     
545842.495497352 0.516996162     0.400296242     -0.100435661    88.063849561    -0.971508399    90.867982193    0.054078006     
545842.662195825 0.529488786     0.404071059     -0.066515396    88.051575245    -0.951650012    90.871141562    0.054101493     
545842.795564439 0.534771004     0.418904142     -0.089507765    88.048674209    -1.023414256    90.874849516    0.054112805     
545842.928920401 0.553242039     0.439068589     -0.077129127    88.053938985    -1.129025935    90.884645819    0.054085527     
545843.062237774 0.568810665     0.460690866     -0.080639889    88.048968183    -1.157642563    90.889268142    0.054216443     
545843.195713579 0.581221134     0.466272954     -0.088025095    88.044826552    -1.252069348    90.894373995    0.054201405     
545843.329043191 0.570908042     0.441313787     -0.090529280    88.046995807    -1.120070593    90.883894755    0.054278757     
545843.462465669 0.569467117     0.437304495     -0.092427228    88.045737764    -1.175051176    90.885435690    0.054315149     
545843.595847666 0.571065367     0.440075383     -0.093357682    88.043425312    -1.201786089    90.888072301    0.054304541     
545843.762520254 0.584696658     0.438737034     -0.092352630    88.040776590    -1.143766705    90.885100304    0.054314349     
545843.929213498 0.588305748     0.449148887     -0.096871577    88.039353591    -1.088550178    90.882883452    0.054329669     
545844.095911299 0.580293663     0.447050496     -0.094711044    88.039002223    -1.064955116    90.881909393    0.054327511     
545844.262592577 0.582586144     0.454050023     -0.083097672    88.028838080    -1.323434677    90.904807200    0.054299027     
545844.395910651 0.568503759     0.358657798     -0.101732527    88.024685051    -1.401144179    90.904607130    0.054344216     
545844.562637606 0.571513254     0.352553473     -0.108462333    88.021641229    -1.465588882    90.907523265    0.054340409     
545844.695979880 0.560182582     0.349619128     -0.113943632    88.020151698    -1.494511436    90.907040933    0.054374684     
545844.862696636 0.550705329     0.335205135     -0.111910608    88.019540424    -1.489771638    90.904939448    0.054398034     
545845.029402945 0.566230288     0.384121566     -0.126313012    88.022829280    -1.677814077    90.911701568    0.054388370     
545845.162739124 0.605007269     0.312380119     -0.138637482    88.021555619    -1.665720795    90.917665667    0.054534690     
545845.329567449 0.622012319     0.282991809     -0.139631327    88.015254865    -1.714005283    90.923576067    0.054582756     
545845.496300142 0.623815794     0.290069012     -0.151122105    88.016083237    -1.611000542    90.913595087    0.054639197     
545845.629706002 0.627309985     0.305506703     -0.140785191    88.019413769    -1.703499627    90.920857310    0.054647555     
545845.796400895 0.635322078     0.317370677     -0.131340671    88.011662436    -1.793474446    90.925916545    0.054595783     
545845.963036611 0.659084950     0.344210949     -0.132380485    88.005251609    -1.829557470    90.930441744    0.054639217     
545846.129767772 0.643853456     0.356244112     -0.142001891    88.008793937    -1.814315534    90.928754446    0.054664248     
545846.296479815 0.667519094     0.397439287     -0.131765826    88.000291215    -2.126591565    90.951973202    0.054666018     
545846.429831719 0.658678726     0.426719726     -0.135472462    87.999063839    -2.106821706    90.951905286    0.054660663     
545846.563269481 0.655131794     0.431842064     -0.128511275    87.997689528    -2.152021906    90.953121382    0.054669542     
545846.730086012 0.659541565     0.449162459     -0.127005828    88.000481031    -2.305310564    90.961222366    0.054680133     
545846.896907115 0.667262042     0.425682558     -0.110064795    87.994303166    -2.373601442    90.965907555    0.054741258     
545847.063783759 0.678450676     0.424194131     -0.106738481    87.988492580    -2.489499888    90.972516721    0.054732407     
545847.230593050 0.680841748     0.427218402     -0.118210953    87.992632157    -2.679528053    90.974510671    0.054770286     
545847.397454078 0.682176897     0.435195675     -0.105351657    87.984242150    -2.781307127    90.984889642    0.054795002     
545847.564180111 0.669415064     0.462236251     -0.114667169    87.982532681    -2.679665770    90.982353058    0.054796981     
545847.730850982 0.663073457     0.428766066     -0.113602338    87.981439287    -2.665344015    90.982288856    0.054809662     
545847.897533031 0.662867756     0.424446263     -0.122227742    87.978089158    -2.666801879    90.983546978    0.054825948     
545848.064218210 0.661537979     0.398446159     -0.134265561    87.979517364    -2.578181052    90.977182526    0.054829774     
545848.230889497 0.661363888     0.384565574     -0.132080382    87.981260762    -2.961199669    90.983804570    0.054804375     
545848.364198257 0.686277670     0.385188843     -0.119187624    87.973451146    -3.113029034    91.003590416    0.054866114     
545848.497596302 0.683471222     0.370409183     -0.112376413    87.968849044    -3.237640689    91.018401650    0.054960014     
545848.631029130 0.699248469     0.363586820     -0.158500278    87.977939528    -3.009701819    91.020600191    0.054940009     
545848.797682309 0.693585589     0.389725652     -0.163552300    87.972630107    -2.979032467    91.023990402    0.054939276     
545848.964353329 0.694157935     0.388209547     -0.157210066    87.968740568    -3.047423510    91.024810355    0.054982148     
545849.131068670 0.697957165     0.390351946     -0.149353779    87.964848339    -3.110864058    91.028967454    0.055048062     
545849.297805382 0.684842827     0.362135304     -0.119688819    87.965558482    -2.764894791    91.016621252    0.055034164     
545849.431128744 0.686782212     0.356637419     -0.118242311    87.959291273    -2.849180386    91.021985887    0.055075498     
545849.564508290 0.692064376     0.369685551     -0.120531488    87.960992198    -2.832045754    91.022598128    0.055084938     
545849.697855943 0.695515296     0.354554867     -0.124494834    87.957365671    -2.787560881    91.024610247    0.055104804     
545849.831213784 0.699529682     0.345550036     -0.117050149    87.953162112    -2.782515408    91.024787194    0.055098565     
545849.964545043 0.700067397     0.354835666     -0.129172692    87.957776179    -2.699860248    91.021099324    0.055112393     
545850.097896130 0.693356006     0.362457319     -0.117137847    87.958369261    -2.476857265    91.006452243    0.055165027     
545850.264619086 0.685319434     0.350171600     -0.077787313    87.960385017    -2.460130817    90.995843295    0.055219607     
545850.398010210 0.678833521     0.345419975     -0.087480088    87.957415178    -2.448972467    90.996037969    0.055274632     
545850.531400349 0.684391572     0.368807791     -0.156806290    87.958266479    -2.501470745    91.004046838    0.055299784     
545850.664759422 0.649501116     0.309796553     -0.148799803    87.963811319    -2.490670317    90.999403622    0.055312722     
545850.831439822 0.636966195     0.350261593     -0.135991592    87.946369733    -2.942704539    90.997449239    0.055331822     
545850.998124715 0.646989105     0.338083791     -0.148533420    87.953484189    -2.859627612    90.997271180    0.055312630     
545851.164771791 0.644714244     0.355092089     -0.145655580    87.953621313    -2.815509182    90.977138107    0.055295115     
545851.298086529 0.657139188     0.321058466     -0.168391474    87.951025907    -2.753068605    90.976288785    0.055312730     
545851.431436158 0.656411415     0.327196857     -0.175769111    87.948476789    -2.748445373    90.977827248    0.055312416     
545851.564771674 0.655865932     0.325255833     -0.180919282    87.947567142    -2.737310157    90.978799160    0.055311693     
545851.731439365 0.662433225     0.321566217     -0.179138826    87.944619280    -2.727299742    90.979985690    0.055345017     
545851.898141581 0.662769371     0.324190152     -0.184221279    87.941297548    -2.785667869    90.985191869    0.055364106     
545852.064828847 0.657124551     0.332586980     -0.184080303    87.942499174    -2.973587660    90.994050242    0.055400245     
545852.231531971 0.636373624     0.321052933     -0.148081269    87.941075278    -2.973964494    90.977114946    0.055422181     
545852.398221368 0.652256311     0.337626373     -0.164589041    87.937630806    -3.086171092    90.989283376    0.055430363     
545852.564900826 0.649037086     0.347644388     -0.179722582    87.933323045    -3.105125206    90.993113117    0.055453047     
545852.698258147 0.652194605     0.344551547     -0.193016328    87.930728727    -3.181308648    91.000426619    0.055464506     
545852.831604242 0.669382529     0.359741768     -0.190297021    87.928669960    -3.262905955    91.010170042    0.055473385     
545852.964947042 0.672442135     0.385564635     -0.189303106    87.929471624    -3.281840266    91.012496837    0.055503007     
545853.098310348 0.674631739     0.381077321     -0.188095131    87.924701227    -3.367895295    91.019507022    0.055504527     
545853.231645074 0.682429473     0.399812208     -0.190316130    87.920065004    -3.777205261    91.027022503    0.055511781     
545853.398318836 0.665669777     0.382401937     -0.179430196    87.918124902    -3.774731928    91.027922411    0.055504178     
545853.564978694 0.652392304     0.357887991     -0.172104915    87.916927543    -3.799439542    91.028717993    0.055511801     
545853.731656639 0.644204143     0.374633882     -0.149094478    87.911099549    -3.913973420    91.039689195    0.055518999     
545853.864998951 0.615218360     0.388761387     -0.162416182    87.916701378    -3.710051621    91.017781189    0.055552117     
545853.998367421 0.614000589     0.375087764     -0.169028626    87.913517004    -3.736382422    91.020476304    0.055605217     
545854.131755157 0.612281599     0.373224123     -0.135793382    87.912763826    -4.059788490    91.009306920    0.055612339     
545854.298429264 0.594267660     0.380777692     -0.118483849    87.909752503    -4.021086648    91.010938725    0.055616061     
545854.431766908 0.571525371     0.381317592     -0.110295446    87.910770951    -3.942714258    91.005806418    0.055618900     
545854.598447221 0.571284494     0.369907101     -0.125881699    87.913119421    -3.846830873    90.999514464    0.055660203     
545854.731832221 0.548339844     0.365568917     -0.132204387    87.907474501    -3.860585565    91.001762134    0.055674882     
545854.898525567 0.544932521     0.352328820     -0.134356305    87.908375797    -3.761758376    90.998631281    0.055696861     
545855.031890766 0.538264362     0.351830728     -0.127449314    87.905715500    -3.770925179    90.999907349    0.055744562     
545855.198617611 0.522189966     0.346021552     -0.094621412    87.911496235    -4.329043040    90.989128972    0.055768646     
545855.331984437 0.516480830     0.331761406     -0.106142316    87.911618130    -4.284941845    90.987488649    0.055829586     
545855.465388121 0.526404227     0.335672477     -0.108004013    87.908410831    -4.302698747    90.990466103    0.055816847     
545855.598707634 0.551186005     0.324093143     -0.124018890    87.901949679    -4.231226164    91.004550328    0.055842082     
545855.732065598 0.563637958     0.286820586     -0.140534689    87.902769844    -4.108624211    90.997832509    0.055823741     
545855.865379749 0.557312883     0.284897806     -0.146475960    87.901624800    -4.092163049    91.000436060    0.055809059     
545855.998696842 0.583128397     0.251734819     -0.167456033    87.898530496    -4.174412777    90.996473721    0.055847954     
545856.132067275 0.574088344     0.228365246     -0.137978619    87.901563321    -4.765879668    90.952631081    0.055875653     
545856.265426033 0.585796029     0.225264503     -0.142572879    87.906663913    -4.720834940    90.937893850    0.055909259     
545856.398790223 0.615421681     0.265661239     -0.120253683    87.899475932    -4.831659107    90.952641809    0.055950397     
545856.565495962 0.626143713     0.253406565     -0.135396524    87.907343219    -4.766393740    90.938345745    0.056003413     
545856.765549979 0.630811220     0.249682851     -0.134129654    87.900920543    -4.802567218    90.944198888    0.056070819     
545856.898950591 0.629851778     0.256239870     -0.126659307    87.897446852    -4.915721077    90.953811279    0.056125880     
545857.032338620 0.618537623     0.270053539     -0.126055717    87.893282391    -4.947137423    90.955784059    0.056114835     
545857.165659828 0.595759057     0.329064663     -0.131764655    87.890666118    -5.465827329    90.942235376    0.056085164     
545857.298960979 0.604638596     0.350858237     -0.131924432    87.890813550    -5.486089426    90.941240337    0.056080306     
545857.432287658 0.616942503     0.366011113     -0.128276725    87.887414042    -5.632460559    90.943934057    0.056099001     
545857.565640512 0.617660424     0.363332388     -0.119296256    87.881941834    -5.291449023    90.958148691    0.056138034     
545857.699014420 0.618900421     0.372065188     -0.119474039    87.881746213    -5.269751434    90.955880771    0.056172004     
545857.832383027 0.616207629     0.381951943     -0.113792526    87.881461306    -5.236565582    90.953577437    0.056193831     
545857.999072792 0.600809121     0.380737850     -0.115346341    87.878401090    -5.261168431    90.955358776    0.056185386     
545858.132397792 0.612465133     0.390091015     -0.100612690    87.886143100    -6.227400636    90.917190292    0.056231012     
545858.299109211 0.614346423     0.397416803     -0.092720438    87.885387763    -6.178900253    90.912269905    0.056245688     
545858.432456854 0.613627209     0.406517096     -0.093004033    87.883439970    -6.204698400    90.917061389    0.056238821     
545858.565783432 0.636597454     0.417242604     -0.103836605    87.885792083    -6.010375812    90.913225946    0.056302175     
545858.699180707 0.660479587     0.441740573     -0.087995548    87.892631905    -5.918787744    90.907510218    0.056341022     
545858.832552760 0.669781694     0.465949080     -0.087402294    87.891649057    -5.834796577    90.898623160    0.056350282     
545858.965894750 0.677528396     0.477294711     -0.088920567    87.887136059    -5.838586859    90.903053407    0.056378556     
545859.099255276 0.691136704     0.464483773     -0.090447301    87.886630221    -5.795870764    90.900944896    0.056405406     
545859.232613187 0.674529416     0.501295816     -0.047598292    87.874481044    -6.835857174    90.902095215    0.056336034     
545859.365875352 0.666692348     0.509976952     -0.058333113    87.870714404    -6.833176546    90.905755844    0.056359022     
545859.499231070 0.659723105     0.505215508     -0.076152228    87.861637856    -6.451716722    90.943186532    0.056394026     
545859.632602618 0.658083426     0.492153236     -0.083856719    87.860214184    -6.405521071    90.941631778    0.056435039     
545859.765979697 0.662675528     0.503717667     -0.081402496    87.856134754    -6.475382325    90.943801808    0.056472059     
545859.899352785 0.659884596     0.501728583     -0.083582968    87.854544163    -6.471705109    90.942783568    0.056526487     
545860.032742565 0.672344058     0.485961714     -0.083022242    87.851122853    -6.497674901    90.947668414    0.056533677     
545860.166084868 0.643649258     0.519615129     -0.065465772    87.844061559    -7.858760139    91.000993423    0.056540289     
545860.299426593 0.652541598     0.541098166     -0.069049362    87.838238024    -7.997087189    91.025770202    0.056559456     
545860.432780160 0.655546412     0.535769119     -0.068151730    87.835164291    -8.053063993    91.033312627    0.056585169     
545860.566141224 0.664836372     0.536904971     -0.067373395    87.835159934    -8.021766932    91.030592121    0.056605910     
545860.699498747 0.685156924     0.526298841     -0.081238054    87.833579535    -7.877652717    91.035963286    0.056612047     
545860.832841190 0.673791788     0.521286140     -0.091003600    87.835444578    -7.688922304    91.017616719    0.056617460     
545860.966182909 0.655470086     0.532789744     -0.093654026    87.846259614    -7.447051857    90.971007603    0.056632947     
545861.099533986 0.653528823     0.547963430     -0.093937936    87.861330062    -7.123322452    90.915308454    0.056626813     
545861.232863443 0.591984907     0.544304426     -0.163965802    87.855023095    -7.789263383    90.957465070    0.056690948     
545861.366262691 0.614287425     0.570899512     -0.168978081    87.855258450    -7.568337978    90.959411679    0.056661462     
545861.499568796 0.630513022     0.588727695     -0.155623709    87.846058595    -7.555370824    90.978612078    0.056667916     
545861.632911793 0.646574262     0.552164005     -0.133643745    87.842195692    -7.521168386    90.987483690    0.056689180     
545861.766269363 0.659042568     0.541909918     -0.135622693    87.842957918    -7.498407329    90.988626565    0.056686056     
545861.899601353 0.652775174     0.555815692     -0.150070339    87.841920412    -7.500875961    90.989605425    0.056719202     
545862.032970328 0.647035094     0.571696993     -0.150177221    87.839278429    -7.566368943    90.991683112    0.056745303     
545862.166332018 0.594636995     0.594858540     -0.141622396    87.846593444    -9.201882656    90.941631909    0.056798229     
545862.299720059 0.595777286     0.582193401     -0.151344575    87.838198085    -9.310861867    90.981878787    0.056829651     
545862.433086594 0.586235654     0.570075580     -0.142582783    87.837885467    -9.317564935    90.975032441    0.056849279     
545862.566481389 0.590397834     0.570971300     -0.143291584    87.835870172    -9.362759392    90.977197223    0.056837022     
545862.699860036 0.579405275     0.586143981     -0.136736866    87.839383654    -9.277702822    90.965728636    0.056793355     
545862.833209657 0.579357014     0.566759239     -0.127976300    87.841597469    -9.211615618    90.961146583    0.056833441     
545862.966645415 0.595422294     0.553747515     -0.127426772    87.840123478    -9.267458536    90.962391314    0.056897811     
545863.100108079 0.616462356     0.536529288     -0.140998331    87.836623176    -9.331365398    90.969835561    0.056884982     
545863.233494737 0.624031262     0.505921257     -0.139036346    87.832781344    -9.649912364    90.989389857    0.056857996     
545863.366871052 0.617587168     0.494192329     -0.143308256    87.832850202    -9.654100191    90.988015790    0.056866681     
545863.533605611 0.597162829     0.497120758     -0.150399353    87.836970656    -9.574713628    90.980735806    0.056897734     
545863.666980837 0.608535701     0.493523838     -0.138847037    87.833146494    -9.699617943    90.991889023    0.056892719     
545863.800319518 0.642651390     0.491492068     -0.214256459    87.860770015    -9.490805053    90.950908365    0.056872774     
545863.933643509 0.663206293     0.521292065     -0.168525028    87.843961459    -9.746611603    90.981703442    0.056907460     
545864.067021891 0.657576626     0.535611919     -0.182936689    87.838949631    -9.848235435    90.993524395    0.056904027     
545864.200362394 0.625808850     0.541860355     -0.112247304    87.834772890    -10.215536237   91.000097099    0.056999200     
545864.333800309 0.614700745     0.552116024     -0.097098624    87.827616660    -10.363517271   91.019467772    0.057001585     
545864.467146152 0.613978206     0.550009935     -0.096983769    87.828349506    -10.375860579   91.018816671    0.057040225     
545864.600530873 0.583589871     0.553528858     -0.098449333    87.830398454    -10.268471687   91.008613467    0.057030089     
545864.733866818 0.579064298     0.539050435     -0.103021342    87.832374778    -10.220974098   91.002974174    0.057040959     
545864.867223769 0.592694328     0.542219534     -0.104682296    87.832052775    -10.258137977   91.006093125    0.057032247     
545865.000561376 0.592255561     0.551925131     -0.108153367    87.835202229    -10.226390215   90.999237679    0.057047042     
545865.133922252 0.496845674     0.536407061     -0.054265180    87.838575404    -9.669155417    90.978077724    0.057044072     
545865.233928485 0.499936033     0.534479614     -0.059041996    87.839589033    -9.672408846    90.975064616    0.057038733     
545865.333932825 0.500531024     0.540996773     -0.065000656    87.841681651    -9.643246782    90.969126038    0.057042902     
545865.433946436 0.507733545     0.532346231     -0.059269121    87.842742005    -9.697675253    90.964958493    0.057083754     
545865.567333607 0.513390371     0.524850715     -0.059909967    87.843938211    -9.711779747    90.962727366    0.057094536     
545865.667353831 0.514136702     0.529285819     -0.061768399    87.843963958    -9.729427518    90.963882237    0.057105088     
545865.800710702 0.513058339     0.537393526     -0.061694801    87.844944742    -9.721151839    90.961286056    0.057116147     
545865.934068080 0.511242421     0.533057004     -0.064434285    87.847422898    -9.654179164    90.954378313    0.057107258     
545866.067405748 0.508689933     0.524566161     -0.070328840    87.851448873    -9.579341358    90.944046854    0.057119726     
545866.200764774 0.420841256     0.507418846     -0.085236552    87.883933805    -8.256027898    90.818496456    0.057165460     
545866.334156827 0.443487428     0.522961432     -0.095997403    87.872173570    -8.545183530    90.867268789    0.057186503     
545866.467524666 0.413945851     0.466994781     -0.104706852    87.883611902    -8.418868051    90.841609016    0.057224991     
545866.600907805 0.412396767     0.444997657     -0.085810095    87.877795331    -8.513309022    90.853883452    0.057223742     
545866.734251444 0.410143059     0.469549649     -0.076925179    87.875566005    -8.550968542    90.856994273    0.057229696     
545866.867602049 0.392008039     0.460544489     -0.071250018    87.875569569    -8.542366894    90.856305312    0.057244631     
545867.000960680 0.379267995     0.439257740     -0.072998071    87.877898702    -8.491055038    90.849520677    0.057260621     
545867.100985635 0.375004572     0.444948707     -0.072959335    87.878227916    -8.487196127    90.849151657    0.057258751     
545867.234327461 0.335598062     0.427346323     -0.076386553    87.903191407    -7.375506961    90.764933352    0.057214395     
545867.334292308 0.353666086     0.424097212     -0.061094777    87.897152820    -7.511223745    90.785118985    0.057223803     
545867.467646128 0.365501818     0.430546951     -0.064097393    87.891657416    -7.595933172    90.799120726    0.057249818     
545867.601018462 0.377202370     0.423428056     -0.067595041    87.887731979    -7.662168059    90.812416695    0.057255401     
545867.734371318 0.380823719     0.421002383     -0.071344007    87.890969174    -7.636779756    90.804732237    0.057256252     
545867.867719442 0.377726876     0.417523215     -0.062704142    87.896156636    -7.547870171    90.791637805    0.057280856     
545867.967754203 0.379174855     0.431816175     -0.056058983    87.897999185    -7.482757347    90.785941416    0.057297816     
545868.101118674 0.384775780     0.417818295     -0.059928721    87.899655103    -7.456518294    90.781202256    0.057307021     
545868.234475152 0.410560734     0.418250616     -0.077791941    87.898707171    -6.865458413    90.757673056    0.057280760     
545868.367796402 0.412474881     0.424343981     -0.079392992    87.899671977    -6.832046316    90.754547301    0.057284712     
545868.501146912 0.400925651     0.417808432     -0.079518247    87.903402985    -6.766825901    90.743971656    0.057289579     
545868.634496906 0.397229221     0.400329741     -0.077951323    87.905212439    -6.744128608    90.740847819    0.057294811     
545868.767846788 0.404926307     0.407657526     -0.077685688    87.908841426    -6.696960380    90.730950228    0.057319803     
545868.901216430 0.406917370     0.407177862     -0.074452457    87.910979087    -6.678502090    90.725712611    0.057331628     
545869.034572906 0.414276337     0.400664730     -0.064248011    87.916375900    -6.603343840    90.705677669    0.057341411     
545869.134590938 0.391940471     0.388862014     -0.067211546    87.929686882    -5.872521897    90.596176424    0.057357650     
545869.267951589 0.385778366     0.384462163     -0.075400459    87.933206693    -5.793466693    90.576618389    0.057372733     
545869.401311560 0.391123891     0.379290702     -0.083541154    87.930677796    -5.798297836    90.581363302    0.057396831     
545869.534680309 0.382586767     0.375897791     -0.088157273    87.932077587    -5.770420760    90.576109855    0.057371166     
545869.667999056 0.384178808     0.371934299     -0.087927663    87.931900005    -5.782612380    90.577686879    0.057364263     
545869.801337518 0.379991015     0.367117362     -0.085595410    87.931135975    -5.778202948    90.576316798    0.057373602     
545869.934691985 0.375758188     0.365837582     -0.088886166    87.934241663    -5.735417142    90.568516713    0.057409703     
545870.068073213 0.376960576     0.371889395     -0.090941440    87.936148177    -5.719302302    90.563023131    0.057401879     
545870.201410754 0.383196857     0.344393464     -0.114983840    87.943089128    -5.008577240    90.527092036    0.057370994     
545870.334724996 0.395612976     0.327699971     -0.117435693    87.944072240    -5.018761425    90.524751513    0.057360693     
545870.468059822 0.416852971     0.325829383     -0.137735471    87.941401371    -5.251163479    90.554585421    0.057387630     
545870.601435700 0.420954578     0.339041371     -0.133334964    87.940744810    -5.287513780    90.562623586    0.057390655     
545870.701450313 0.421042062     0.331652791     -0.148356646    87.943282493    -5.271313788    90.554057964    0.057383594     
545870.834792432 0.419665390     0.322678905     -0.154475131    87.949090637    -5.250135939    90.538850578    0.057393768     
545870.934814432 0.427434191     0.310305894     -0.158447561    87.953292797    -5.238401281    90.528706927    0.057393503     
545871.034826231 0.421833630     0.336141929     -0.155564281    87.951811434    -5.307552808    90.536581520    0.057407575     
545871.134852366 0.417612975     0.341810105     -0.146388833    87.949690675    -5.384341969    90.544000005    0.057404732     
545871.268199420 0.434585285     0.295261317     -0.198449729    87.957189978    -4.546394631    90.441672654    0.057441909     
545871.368248899 0.435662209     0.302172595     -0.198357330    87.956161617    -4.636248871    90.453074848    0.057444969     
545871.468265215 0.449365566     0.300763927     -0.204307025    87.953062157    -4.815331374    90.484359269    0.057453687     
545871.568281705 0.440409882     0.320525493     -0.208453032    87.952758050    -4.873808241    90.492037986    0.057472525     
545871.668308554 0.437406555     0.307818551     -0.212915539    87.952306804    -4.864028223    90.490945648    0.057478226     
545871.768321789 0.442199675     0.315198762     -0.215989800    87.951661434    -4.869113831    90.492360749    0.057476247     
545871.868327344 0.442917699     0.317225652     -0.216519203    87.953028741    -4.853960540    90.488383380    0.057473119     
545872.001668151 0.435586080     0.317113124     -0.220873889    87.954055223    -4.839815721    90.485655020    0.057497560     
545872.135036289 0.442449774     0.311785063     -0.232235345    87.964269802    -4.440249483    90.434833390    0.057524289     
545872.268406715 0.431303273     0.339162114     -0.202846258    87.959633269    -4.902290665    90.478714113    0.057509200     
545872.468406455 0.431065677     0.343645041     -0.199863579    87.957987219    -4.951897859    90.484064625    0.057536015     
545872.635114798 0.434969543     0.346804482     -0.195447764    87.958920662    -4.941377283    90.481994439    0.057541749     
545872.801802060 0.438784075     0.337401434     -0.190657719    87.959603285    -4.925635627    90.479631369    0.057543825     
545872.935148071 0.441424641     0.336982859     -0.189251517    87.960325182    -4.912062999    90.477163351    0.057544611     
545873.068493507 0.438533613     0.342768522     -0.190544927    87.961472074    -4.899411153    90.474578419    0.057551518     
545873.201845303 0.453080521     0.300141836     -0.220173403    87.974386040    -4.206521428    90.408570708    0.057568687     
545873.335207122 0.456686579     0.309777337     -0.205554365    87.970998236    -4.528168522    90.449381433    0.057572139     
545873.468555224 0.459599643     0.311459248     -0.204132104    87.972395516    -4.542756108    90.448895525    0.057573145     
545873.635237998 0.451297059     0.322854350     -0.188247244    87.968709369    -4.818813536    90.473995491    0.057566850     
545873.801912038 0.452027585     0.320213926     -0.189003384    87.968548794    -4.823680475    90.475071035    0.057563673     
545873.968590627 0.451327771     0.326538149     -0.187972476    87.969586264    -4.807409845    90.472969141    0.057564737     
545874.135272982 0.442692575     0.287812433     -0.234552163    87.982334445    -4.209544374    90.414373362    0.057602255     
545874.268654672 0.447450744     0.303501043     -0.224900902    87.983074080    -4.413348129    90.428508545    0.057587655     
545874.401985200 0.449028038     0.314023230     -0.220848494    87.981639402    -4.476603878    90.432701344    0.057600962     
545874.535343157 0.452416469     0.312826669     -0.221702249    87.980113215    -4.504887603    90.439880732    0.057606482     
545874.668692612 0.451912061     0.310756928     -0.221337957    87.980273129    -4.497011026    90.438184166    0.057607141     
545874.802037206 0.450613517     0.308013415     -0.222861429    87.981496773    -4.474266318    90.434076765    0.057612933     
545874.935387171 0.445668217     0.316887051     -0.219130584    87.989395079    -4.341164977    90.406174998    0.057616988     
545875.068735161 0.455344785     0.310895209     -0.208704715    87.987526084    -4.377998257    90.414067943    0.057640000     
545875.202101871 0.447780413     0.244660697     -0.255393506    87.994417971    -3.109922586    90.237949752    0.057669971     
545875.335475538 0.446073590     0.237274518     -0.254930319    87.994245603    -3.133507282    90.236961002    0.057680707     
545875.468830208 0.444557410     0.247164989     -0.250693725    87.994504357    -3.377773026    90.258668883    0.057682746     
545875.602177137 0.445873718     0.260885833     -0.239985708    87.995416734    -3.644975352    90.287865800    0.057680823     
545875.735521771 0.450092007     0.271149400     -0.227872830    87.994671123    -3.852932556    90.316645655    0.057682262     
545875.868870006 0.456133779     0.268158258     -0.222615845    87.993674275    -3.954263614    90.329944725    0.057689118     
545876.002223658 0.455809217     0.274952873     -0.222745033    87.994967155    -3.977537563    90.330773496    0.057694695     
545876.135575793 0.419579377     0.196825753     -0.286266212    87.996051803    -2.761467189    90.169345717    0.057699714     
545876.268927846 0.421738307     0.193846209     -0.275929963    88.000561862    -2.808142720    90.173598198    0.057687605     
545876.402262295 0.423123043     0.188109274     -0.278050121    87.999742421    -2.881921182    90.182659886    0.057691343     
545876.535613067 0.419645904     0.173901749     -0.265501120    88.003966854    -2.831389258    90.168817508    0.057703293     
545876.702307737 0.423634959     0.184269539     -0.264771000    88.000486378    -2.860960036    90.176290528    0.057712140     
545876.835663619 0.419612713     0.180933532     -0.269916177    88.000431404    -2.863203990    90.175565158    0.057722455     
545876.969020730 0.412601265     0.157633747     -0.264314866    88.007029681    -2.797680689    90.159887696    0.057732416     
545877.102377964 0.409829284     0.142272766     -0.262167197    88.004227042    -2.836278820    90.168848540    0.057743686     
545877.235736268 0.405549067     0.090929376     -0.292109443    88.000229026    -2.173837023    90.082459637    0.057752573     
545877.369092428 0.403727031     0.081850999     -0.298512324    88.003676960    -2.167164579    90.077905040    0.057743905     
545877.502431033 0.395329405     0.102990935     -0.281348835    88.003126821    -2.253356391    90.089821950    0.057738807     
545877.635770347 0.393838473     0.098583484     -0.279814333    88.001741552    -2.256544092    90.092317106    0.057752117     
545877.802463516 0.392054396     0.098688994     -0.275707907    88.002990690    -2.238935851    90.088314187    0.057756682     
545877.969148656 0.383200376     0.095208929     -0.272403682    88.003604021    -2.231597367    90.086351662    0.057756355     
545878.135829141 0.391852851     0.086758460     -0.276035118    88.001850454    -1.955574109    90.036503129    0.057759614     
545878.335848183 0.402700890     0.094164846     -0.285203171    88.000547591    -1.977299090    90.041113672    0.057772463     
545878.502541846 0.406384883     0.085398792     -0.292970042    88.000477438    -1.983138118    90.041907577    0.057777489     
545878.635891760 0.377616755     0.085689682     -0.249105100    88.002581500    -2.045052335    90.047125087    0.057788312     
545878.802585304 0.372884167     0.090952149     -0.247193666    88.003623873    -2.033957004    90.043606358    0.057801746     
545878.935944341 0.376868581     0.085401668     -0.243691880    88.003330537    -2.031192710    90.043183563    0.057810580     
545879.069299018 0.378755261     0.073098740     -0.244659685    88.004660359    -2.029516868    90.041665664    0.057836401     
545879.236006605 0.378925999     0.051096488     -0.249022667    88.001284664    -1.732922480    90.000289784    0.057810665     
545879.402663351 0.380388266     0.043838623     -0.249855746    88.004327885    -1.714335428    89.995324136    0.057806887     
545879.569342055 0.379171635     0.036980278     -0.246442028    88.006782233    -1.696771386    89.989327110    0.057819877     
545879.736036334 0.380287642     0.054013958     -0.248526827    88.005110681    -1.708839168    89.991652516    0.057847840     
545879.902746780 0.382110822     0.049270664     -0.247691404    88.004045732    -1.715279187    89.993825175    0.057850484     
545880.069431666 0.383962244     0.044727806     -0.246838614    88.003789799    -1.715535428    89.994299499    0.057855413     
545880.202782438 0.384719810     0.039124008     -0.253567580    88.001889982    -1.473295133    89.950317644    0.057882328     
545880.336153765 0.384076297     0.034581134     -0.253457656    88.003218397    -1.466375033    89.948798377    0.057888705     
545880.502842623 0.386502767     0.032100455     -0.252082340    88.004473467    -1.453456012    89.945862666    0.057902970     
545880.669538655 0.378945040     0.041816562     -0.253323639    88.005626156    -1.441365225    89.941989554    0.057897277     
545880.836213774 0.372947520     0.043739022     -0.260537851    88.006354121    -1.428222566    89.938871954    0.057903368     
545880.969564992 0.370760352     0.042167677     -0.255581120    88.010506278    -1.408329694    89.931836611    0.057900444     
545881.102907196 0.373066397     0.049826841     -0.256447992    88.008323964    -1.416444047    89.934776949    0.057903113     
545881.269591870 0.377930788     0.015146487     -0.275522344    88.001776446    -1.248407170    89.905827494    0.057893824     
545881.436263155 0.376465522     0.019999254     -0.272508731    88.001365627    -1.248606716    89.906136953    0.057906313     
545881.602957411 0.371229432     0.020425633     -0.265598442    88.004287521    -1.239862284    89.903261012    0.057910206     
545881.769643070 0.368103345     0.035468926     -0.253687574    88.009402144    -1.221274723    89.895926751    0.057918257     
545881.936331934 0.368191437     0.029201288     -0.251390456    88.007676258    -1.222979176    89.897333768    0.057937452     
545882.103032657 0.365780099     0.033047016     -0.249047530    88.005861364    -1.229542530    89.899901989    0.057945499     
545882.236385831 0.344683600     0.036884100     -0.257661638    88.004987835    -1.109092989    89.862305621    0.057968011     
545882.369753709 0.339620663     0.039647954     -0.254652204    88.004747843    -1.108446087    89.862499138    0.057960754     
545882.503091341 0.331052358     0.035207369     -0.254914761    88.004585694    -1.114281876    89.862913466    0.057969725     
545882.636445201 0.328117210     0.039611079     -0.259427370    88.003050375    -1.125423515    89.865447982    0.057962728     
545882.769784523 0.336492498     0.037839165     -0.269482178    88.006527704    -1.114470618    89.858810029    0.057949659     
545882.903117296 0.342651901     0.021395003     -0.261642480    88.005810523    -1.112490549    89.858346595    0.057963181     
545883.036476899 0.337616871     0.024610675     -0.265405310    88.005588596    -1.114196097    89.858094829    0.057962667     
545883.169822465 0.332451996     0.017999214     -0.273921429    88.000368624    -0.949487593    89.814608593    0.057966687     
545883.303172566 0.331011741     0.020305273     -0.275540047    87.999882796    -0.948456545    89.814686533    0.057964431     
545883.469853030 0.329311873     0.020296016     -0.267690546    88.001945634    -0.970260709    89.817961644    0.057963710     
545883.603198151 0.322073000     0.032683053     -0.260983916    88.001080367    -0.974774980    89.819299279    0.057961056     
545883.736542055 0.323696865     0.035479315     -0.262975429    88.000502591    -0.974438575    89.819299235    0.057970190     
545883.869898223 0.315522865     0.057403534     -0.267601293    88.000585749    -0.970485711    89.818049839    0.057982523     
545884.003257353 0.316039083     0.061776864     -0.268958947    88.001217926    -0.966003270    89.817122912    0.057999827     
545884.136621930 0.320527172     0.060304724     -0.261450455    87.999778770    -0.793924589    89.755666417    0.058007390     
545884.269976289 0.324626766     0.062543727     -0.258848740    87.999357199    -0.795044306    89.752274767    0.058024371     
545884.403340543 0.322264830     0.057724671     -0.255872123    88.000550544    -0.796036129    89.754629227    0.058003405     
545884.536666849 0.318326539     0.057227352     -0.256476304    88.002043396    -0.796210693    89.753921834    0.058008751     
545884.670019230 0.307674813     0.051962757     -0.254306805    88.002420830    -0.799595936    89.754897854    0.058022442     
545884.803380194 0.306609540     0.052392892     -0.255213577    88.002608831    -0.800241562    89.754545086    0.058037887     
545884.936741719 0.299262622     0.055206119     -0.257295284    88.001870950    -0.807133007    89.756253248    0.058053777     
545885.070105121 0.305053545     0.085544636     -0.276495992    88.005513352    -0.784508641    89.751803648    0.058058478     
545885.170120932 0.305137406     0.116839203     -0.269364060    88.002645127    -0.543047753    89.680829344    0.058079625     
545885.303488398 0.305107238     0.105987851     -0.266626580    88.001743369    -0.550997468    89.683087440    0.058081351     
545885.403501473 0.304940237     0.108596178     -0.264382078    88.001574629    -0.596939223    89.695897341    0.058100514     
545885.536868148 0.307910517     0.115209349     -0.265840992    88.001247526    -0.592956959    89.694766875    0.058110825     
545885.636889092 0.308525245     0.117144269     -0.269397862    88.001239137    -0.594912828    89.695096711    0.058104779     
545885.736893917 0.308860884     0.117616434     -0.268975848    88.001982471    -0.593224897    89.694953647    0.058113693     
545885.836913465 0.317131275     0.120894048     -0.271749346    88.001141901    -0.592156009    89.695605396    0.058122732     
545885.970270730 0.315642011     0.125024016     -0.266646507    88.000419871    -0.597688228    89.696944369    0.058131824     
545886.103627811 0.315965223     0.115298896     -0.265934627    88.001800699    -0.594345373    89.696425950    0.058133025     
545886.236977238 0.309328639     0.133800177     -0.279173066    87.996355272    -0.373941240    89.625435707    0.058129866     
545886.370322544 0.307265688     0.134224357     -0.278855146    87.995675379    -0.379051384    89.626225462    0.058139971     
545886.503680638 0.305627695     0.137485394     -0.274801035    87.995267069    -0.378312763    89.626150398    0.058143358     
545886.637028913 0.301077626     0.158044908     -0.271579092    87.995464744    -0.380052622    89.628020613    0.058151684     
545886.770383081 0.298789192     0.158929424     -0.277506744    87.994329157    -0.383746997    89.629163321    0.058161517     
545886.903738757 0.314891617     0.147095278     -0.281199711    87.994867926    -0.381688075    89.628278933    0.058171582     
545887.037094426 0.308103678     0.189703503     -0.281470985    88.004002039    -0.352403368    89.625616639    0.058162770     
545887.170431218 0.299916760     0.214534014     -0.267382425    87.996508491    -0.244368659    89.586469543    0.058165800     
545887.370452416 0.307133857     0.154505625     -0.272881762    87.997617335    -0.276449489    89.595276450    0.058160876     
545887.503793095 0.295675839     0.059101366     -0.267310504    87.997376795    -0.300758300    89.596569246    0.058164438     
545887.670479139 0.301415733     0.055728627     -0.275109984    88.001861635    -0.285909250    89.592252201    0.058157353     
545887.837154298 0.311347857     0.089012990     -0.246544490    87.996448391    -0.302755877    89.592504223    0.058172376     
545887.970513971 0.309488239     0.097487275     -0.241334235    87.993585955    -0.311177872    89.592585929    0.058174091     
545888.103861051 0.309261553     0.102859015     -0.243464642    87.992548104    -0.313237542    89.592159952    0.058168692     
545888.237201256 0.313330666     0.068864280     -0.231040394    87.995325018    -0.179677831    89.551296712    0.058214631     
545888.403929439 0.308552283     0.058208766     -0.226791825    88.000181037    -0.171852054    89.549889164    0.058226195     
545888.537286845 0.333676072     0.025413090     -0.222496193    87.999841582    -0.169905598    89.548222488    0.058234867     
545888.670642074 0.326893532     0.023411078     -0.234950556    87.995990937    -0.212722604    89.559841101    0.058233973     
545888.837323901 0.290867021     0.059424943     -0.226201628    87.999321483    -0.206080555    89.560535381    0.058233104     
545888.970669589 0.278969068     0.082437663     -0.222448396    87.997995534    -0.214121350    89.561071044    0.058251692     
545889.137371852 0.283559281     0.082157294     -0.196421623    87.990311831    -0.144297915    89.536310226    0.058229702     
545889.337369698 0.281022052     0.084103541     -0.196924261    87.991734023    -0.135582212    89.534731884    0.058231333     
545889.537393072 0.269974309     0.075938046     -0.193445886    87.995372904    -0.124000353    89.534644793    0.058239186     
545889.737426722 0.294251511     0.064867354     -0.219663408    87.995117399    -0.220995443    89.562907069    0.058254734     
545889.904130236 0.295233592     0.067183869     -0.213456344    87.992981428    -0.228694719    89.564162608    0.058261959     
545890.137502997 0.318474208     0.086342152     -0.228007072    87.991675639    -0.106482055    89.526000417    0.058283901     
545890.304213619 0.327061595     0.089117653     -0.229363905    87.990849436    -0.108197470    89.526749303    0.058288911     
545890.470908264 0.326920012     0.091644222     -0.235673569    87.991029978    -0.107330878    89.526948916    0.058290212     
545890.604256122 0.333754117     0.096381252     -0.235004923    87.991020643    -0.107485122    89.527020259    0.058298378     
545890.770944147 0.338241570     0.105840221     -0.237409535    87.991081160    -0.105744039    89.526296043    0.058304517     
545890.937631099 0.353376062     0.110489444     -0.238609016    87.992059412    -0.176148695    89.549071509    0.058293694     
545891.104301327 0.342293167     0.113060997     -0.227886125    87.990335040    -0.181615129    89.550250924    0.058300238     
