545801.537613869 0.166682005     16.982509629    0.252259987     0.027797918     75.000000000    17.463546000    
545801.704295874 0.166682005     16.779046318    0.267866014     0.017756221     75.000000000    18.106624000    
545801.870976925 0.166681051     15.829633896    0.275768574     0.028414273     72.000000000    15.851309000    
545802.070995331 0.200018406     16.838365614    0.341702439     0.015631300     71.000000000    17.726461000    
545802.271013021 0.200017691     18.416437884    0.351815974     0.036482265     81.000000000    19.026473000    
545802.437695026 0.166682005     16.633459567    0.324797323     0.019525963     81.000000000    19.331884000    
545802.604376554 0.166681528     15.964544785    0.335360413     0.039926994     75.000000000    19.877552000    
545802.771058559 0.166682005     17.758572609    0.346798920     0.037402719     77.000000000    21.711361000    
545802.937739849 0.166681290     17.497237948    0.354578579     0.043539483     78.000000000    18.230146000    
545803.111250937 0.173511088     16.191101734    0.373361274     0.009547226     31.000000000    23.136621000    
545803.284623442 0.173372505     17.430234149    0.398216271     0.060354454     45.000000000    17.112888000    
545803.426737165 0.142113723     17.222803158    0.309445836     0.011245427     64.000000000    16.103086000    
545803.597706194 0.170969030     19.512310713    0.383924124     0.036896949     59.000000000    17.866782000    
545803.758823571 0.161117377     16.865696848    0.363609776     0.048640374     52.000000000    18.762115000    
545803.895823814 0.137000243     15.611354767    0.311336448     0.006173517     58.000000000    16.001836000    
545804.031639570 0.135815755     16.179818124    0.311993520     0.026634657     51.000000000    17.219158000    
545804.199668926 0.168029357     16.579562515    0.385353931     0.011038335     61.000000000    17.702714000    
545804.335495803 0.135826877     16.278020022    0.324313843     0.003665383     49.000000000    15.629992000    
545804.468315249 0.132819446     15.538434562    0.318333220     0.003926732     63.000000000    17.044980000    
545804.600947458 0.132632210     17.430627819    0.307622766     0.017307057     64.000000000    18.035805000    
545804.736975272 0.136027813     18.399906440    0.320945104     0.007832862     62.000000000    17.882108000    
545804.900992542 0.164017270     17.434297968    0.371601259     0.009538784     61.000000000    17.219350000    
545805.032785269 0.131792728     15.045419096    0.296052271     0.000022386     60.000000000    17.299094000    
545805.167870951 0.135085682     17.483679621    0.297287061     0.007155161     55.000000000    21.589404000    
545805.303953619 0.136082668     15.053824786    0.331419715     0.006838976     48.000000000    16.303598000    
545805.436821345 0.132867726     15.087997093    0.316765916     0.001187594     67.000000000    16.363758000    
545805.565933693 0.129112349     16.790517936    0.307374419     0.016462713     64.000000000    16.292014000    
545805.699852299 0.133918606     16.170456785    0.315089763     0.008340915     58.000000000    15.367430000    
545805.833851555 0.133999256     16.611474233    0.306538299     0.006336418     71.000000000    17.204214000    
545806.001918354 0.168066799     18.051500772    0.375186214     0.002713655     57.000000000    17.374265000    
545806.169222799 0.167304445     17.664761058    0.394184148     0.004129924     58.000000000    17.481210000    
545806.299421762 0.130198963     16.216069881    0.294549446     0.012022367     63.000000000    16.543058000    
545806.467880028 0.168458266     18.286557224    0.378604601     0.000015800     73.000000000    23.459215000    
545806.602282344 0.134402315     15.095226343    0.300508919     0.001276243     77.000000000    16.260271000    
545806.736559907 0.134277563     15.629220618    0.288646866     0.007443865     78.000000000    17.046198000    
545806.870028542 0.133468635     15.242975003    0.300551867     0.012458915     78.000000000    17.921886000    
545807.038823044 0.168794503     17.135410794    0.361841542     0.029286838     68.000000000    16.587890000    
545807.206126723 0.167303679     18.177632358    0.378121755     0.004580906     53.000000000    18.425346000    
545807.340743972 0.134617249     15.541736585    0.299717998     0.014794206     49.000000000    17.029398000    
545807.475699377 0.134955404     15.349866145    0.292813905     0.006306128     67.000000000    18.256640000    
545807.606328893 0.130629516     17.465284302    0.287744109     0.000788961     70.000000000    21.871233000    
545807.739749638 0.133420746     16.182352904    0.280811639     0.001806724     65.000000000    19.175337000    
545807.873129342 0.133379704     17.516418231    0.275143680     0.023029777     66.000000000    16.213454000    
545808.006014017 0.132884674     15.919153726    0.273641288     0.015833909     67.000000000    15.846828000    
545808.139667160 0.133653144     15.861429643    0.274018650     0.016981118     72.000000000    16.887861000    
545808.273353541 0.133686381     15.260947628    0.266171049     0.014764997     68.000000000    15.781548000    
545808.441144327 0.167790786     17.168627029    0.331292934     0.033557929     53.000000000    18.974152000    
545808.608019804 0.166875477     16.499206472    0.330792063     0.039362377     57.000000000    21.038811000    
545808.775852421 0.167832617     17.115671078    0.336786450     0.027398331     59.000000000    16.154064000    
545808.942568918 0.166716497     15.786893656    0.335730069     0.081732024     49.000000000    17.360698000    
545809.108143011 0.165574092     15.771418778    0.335424040     0.023427146     72.000000000    16.625075000    
545809.275017478 0.166874467     17.911534625    0.334963682     0.071599282     77.000000000    18.109792000    
545809.441142085 0.166124607     15.054918265    0.301289384     0.050595257     66.000000000    16.936182000    
545809.608569498 0.167427413     16.520337028    0.312851903     0.031227111     60.000000000    18.092992000    
545809.775903749 0.167334251     16.200064519    0.327706928     0.035713622     66.000000000    17.221977000    
545809.943469985 0.167566236     16.544568978    0.329300412     0.056979052     69.000000000    17.023927000    
545810.110085277 0.166615293     17.424110086    0.314408987     0.043982402     65.000000000    17.416473000    
545810.277054577 0.166969299     16.610843006    0.319865231     0.064131931     57.000000000    19.144328000    
545810.444571727 0.167517150     17.311975516    0.299311826     0.036381346     71.000000000    16.719186000    
545810.611552378 0.166980651     16.230949027    0.335166040     0.039529229     71.000000000    17.505018000    
545810.778546850 0.166994472     17.781935035    0.316980819     0.034459037     66.000000000    18.157119000    
545810.945411759 0.166864909     15.092427767    0.326267122     0.041214777     63.000000000    18.007870000    
545811.112505522 0.167093763     17.994040402    0.309693662     0.052984467     67.000000000    18.718372000    
545811.313078340 0.200572818     17.722536529    0.390430863     0.048490943     55.000000000    17.373529000    
545811.479127741 0.166049401     15.287089569    0.318519776     0.027291493     57.000000000    18.029247000    
545811.645987287 0.166859546     18.544303006    0.312857677     0.049724488     69.000000000    18.049759000    
545811.813467237 0.167479949     17.210229400    0.314843292     0.055371111     70.000000000    17.630587000    
545811.980807636 0.167340400     16.981353494    0.303304275     0.023311652     65.000000000    17.067190000    
545812.147303402 0.166495766     17.614678109    0.300426677     0.072459840     58.000000000    17.289752000    
545812.314688764 0.167385361     16.053805366    0.321635151     0.022100591     59.000000000    18.119776000    
545812.481005709 0.166316945     16.116439635    0.308282572     0.103056527     61.000000000    18.835975000    
545812.648288489 0.167282780     15.617749299    0.307264811     0.048151921     62.000000000    17.484058000    
545812.815262439 0.166973950     16.114108036    0.311590359     0.061039621     59.000000000    16.647379000    
545813.015222740 0.199960301     17.766287229    0.381709067     0.013354204     55.000000000    21.007257000    
545813.181926976 0.166704236     19.178628131    0.315044257     0.072603169     58.000000000    18.404995000    
545813.348858188 0.166931212     18.693211919    0.312259571     0.001131938     62.000000000    16.689012000    
545813.548460114 0.199601926     16.830323799    0.388769827     0.070934940     62.000000000    16.062958000    
545813.715532113 0.167071999     15.858022593    0.311525875     0.019499917     69.000000000    17.427098000    
545813.915764640 0.200232527     18.191331421    0.391015214     0.021083115     67.000000000    16.154318000    
545814.082805191 0.167040551     16.110211281    0.312744708     0.024223513     59.000000000    18.376803000    
545814.282901363 0.200096172     15.751289464    0.378398399     0.051731731     60.000000000    17.003606000    
545814.483052423 0.200151061     17.517396310    0.359434192     0.021576204     60.000000000    17.709948000    
545814.649474217 0.166421794     15.325598726    0.323429130     0.045782189     67.000000000    16.592690000    
545814.816374672 0.166900454     15.329413464    0.313247265     0.010218889     59.000000000    16.610611000    
545815.016310470 0.199935799     16.952035999    0.378043581     0.034024007     59.000000000    16.754612000    
545815.182754543 0.166444072     16.186665130    0.314300646     0.037131747     69.000000000    21.907617000    
545815.349185977 0.166431434     15.653882708    0.304569058     0.009824087     74.000000000    18.108063000    
545815.549094965 0.199908988     15.554616810    0.369030914     0.047022278     70.000000000    18.209088000    
545815.749458615 0.200363650     16.117852141    0.384182714     0.026837518     61.000000000    17.049110000    
545815.950232376 0.200773761     17.000963829    0.369642333     0.028119151     72.000000000    18.938695000    
545816.116936112 0.166703736     16.718839961    0.312735708     0.039869302     65.000000000    20.711319000    
545816.283834759 0.166898647     15.988102630    0.312503480     0.021215520     66.000000000    21.539742000    
545816.450333537 0.166498779     15.021914723    0.309241281     0.027197596     73.000000000    17.185240000    
545816.616849757 0.166516219     15.879176012    0.307250819     0.029723969     66.000000000    17.210360000    
545816.783662598 0.166812842     15.469594758    0.303052537     0.017427301     63.000000000    20.038609000    
545816.950402468 0.166739870     15.386645091    0.314497086     0.026418879     65.000000000    18.382402000    
545817.117034157 0.166631689     17.746986377    0.309784471     0.035138049     67.000000000    16.554066000    
545817.284361951 0.167327794     17.255101187    0.324186671     0.025755973     68.000000000    16.777908000    
545817.451161793 0.166799841     15.748801676    0.315948280     0.022458630     71.000000000    16.767412000    
545817.618024697 0.166862905     17.516566882    0.313956902     0.007526743     75.000000000    17.816669000    
545817.784650383 0.166625686     15.940444493    0.316050181     0.001650726     71.000000000    18.984487000    
545817.951404548 0.166754165     18.474058648    0.316306756     0.010764383     59.000000000    18.405538000    
545818.118139125 0.166734577     16.294091253    0.331734663     0.009681806     60.000000000    18.124064000    
545818.318091788 0.199952663     16.966734189    0.385593601     0.016599354     62.000000000    17.898782000    
545818.484802528 0.166710741     17.623584446    0.327047337     0.012258186     54.000000000    18.989512000    
545818.651622111 0.166819582     18.171992512    0.333081419     0.011452958     51.000000000    20.069617000    
545818.818749248 0.167127137     15.487322118    0.334605779     0.002321353     60.000000000    15.953069000    
545818.985437283 0.166688035     18.359565194    0.334043500     0.014176209     49.000000000    16.446961000    
545819.151873240 0.166435957     17.429959241    0.332690443     0.001035701     59.000000000    17.728573000    
545819.318940481 0.167067241     15.410159817    0.334061904     0.015619944     63.000000000    16.228431000    
545819.485716852 0.166776371     15.504046600    0.317793133     0.021902897     59.000000000    15.680042000    
545819.652156079 0.166439227     17.050772186    0.319887575     0.000277710     66.000000000    16.767636000    
545819.818775921 0.166619842     16.256375432    0.330409221     0.004071758     68.000000000    16.033806000    
545819.985436300 0.166660379     16.873188106    0.343300164     0.003647715     74.000000000    21.408540000    
545820.152287503 0.166851203     16.911976499    0.327902860     0.010547918     69.000000000    16.699763000    
545820.319110985 0.166823482     17.659710186    0.334779554     0.015295593     70.000000000    20.756983000    
545820.485949207 0.166838221     16.196952927    0.336709642     0.002080688     62.000000000    19.202410000    
545820.619519285 0.133570078     15.145883347    0.274170648     0.031873717     65.000000000    18.292356000    
545820.752910491 0.133391206     16.594434988    0.265639030     0.003525015     65.000000000    20.341078000    
545820.919627220 0.166716729     17.565508199    0.337203462     0.021019452     51.000000000    17.382748000    
545821.086593495 0.166966276     16.782501285    0.331277232     0.016169405     52.000000000    17.992961000    
545821.220105696 0.133512201     15.311408125    0.270020947     0.014868407     59.000000000    18.175875000    
545821.353473126 0.133367430     15.335009910    0.275621990     0.023343261     66.000000000    17.919937000    
545821.520100769 0.166627642     16.921524999    0.336749510     0.004403564     64.000000000    16.263217000    
545821.686831519 0.166730751     15.198361890    0.346520534     0.021634535     59.000000000    23.257648000    
545821.853406724 0.166575205     17.259876947    0.336168920     0.009423222     65.000000000    20.085556000    
545822.019946838 0.166540114     15.182019908    0.329293171     0.017438333     63.000000000    17.048505000    
545822.186961894 0.167015056     17.894292978    0.331325817     0.011862530     61.000000000    17.716927000    
545822.353710537 0.166748643     15.150443931    0.349800071     0.017679012     53.000000000    19.426254000    
545822.520287271 0.166576734     16.309419874    0.332376605     0.009175204     57.000000000    19.376046000    
545822.687218930 0.166931659     16.079734179    0.354146673     0.001633375     63.000000000    18.721253000    
545822.853939217 0.166720287     15.691161597    0.350124390     0.018013394     65.000000000    16.601043000    
545823.020420667 0.166481450     18.152285722    0.335322269     0.045220225     70.000000000    15.650058000    
545823.187159298 0.166738631     15.326043723    0.355244037     0.016966079     75.000000000    19.367691000    
545823.354318383 0.167159086     18.787467563    0.353587834     0.036137523     70.000000000    17.430937000    
545823.521201230 0.166882847     15.611493391    0.352251061     0.017905958     68.000000000    16.525554000    
545823.687875883 0.166674652     16.411540628    0.354052690     0.021931446     72.000000000    17.373081000    
545823.854729070 0.166853187     16.981289303    0.356092240     0.025037598     67.000000000    17.207704000    
545824.021593234 0.166864163     16.859329394    0.360989015     0.029604751     59.000000000    18.093280000    
545824.188362125 0.166768891     17.254001828    0.362519134     0.032837944     64.000000000    17.029271000    
545824.354984731 0.166622606     17.812689506    0.360386407     0.025816288     67.000000000    17.587131000    
545824.521678280 0.166693549     17.137243701    0.363693093     0.041279062     70.000000000    19.313322000    
545824.688808034 0.167129754     17.212253159    0.369655259     0.032098092     70.000000000    17.200312000    
545824.822410406 0.133602372     15.325548809    0.297366440     0.034791555     66.000000000    17.291065000    
545824.955876902 0.133466495     17.723141942    0.305231713     0.018665947     67.000000000    17.865374000    
545825.055982661 0.100105759     18.955853967    0.223527505     0.035719593     61.000000000    16.982871000    
545825.156102985 0.100120324     22.177374794    0.220533388     0.029116295     60.000000000    16.962935000    
545825.256208732 0.100105747     17.398442888    0.220283009     0.011881272     54.000000000    20.057650000    
545825.423008020 0.166799288     16.314848926    0.366750555     0.043142058     45.000000000    17.116920000    
545825.589581253 0.166573233     17.228855914    0.368906127     0.010209084     49.000000000    15.954766000    
545825.723099216 0.133517962     15.120306621    0.299174941     0.003758446     65.000000000    15.757068000    
545825.856346785 0.133247570     16.185801576    0.298779813     0.036748104     70.000000000    17.311098000    
545825.990067298 0.133720512     15.025453181    0.301240206     0.022071194     64.000000000    17.048888000    
545826.156841205 0.166773907     18.285196213    0.364570988     0.010890714     61.000000000    18.186369000    
545826.290488625 0.133647420     15.587463558    0.304114598     0.053001182     59.000000000    25.388513000    
545826.457266034 0.166777409     18.073824277    0.373134948     0.006079140     68.000000000    18.512772000    
545826.623961752 0.166695718     17.207331989    0.382724666     0.036201506     69.000000000    17.293210000    
545826.790755172 0.166793420     15.053505020    0.374806219     0.027062432     65.000000000    16.727989000    
545826.957437681 0.166682509     15.092559010    0.367886621     0.021906817     70.000000000    16.117200000    
545827.124202826 0.166765145     17.138270405    0.364110997     0.019572683     56.000000000    16.188048000    
545827.290840754 0.166637927     18.367819068    0.370344944     0.042645017     63.000000000    17.638558000    
545827.457366086 0.166525333     16.710853335    0.376189398     0.029961128     59.000000000    17.334010000    
545827.624259857 0.166893771     16.714172613    0.368069997     0.027337070     64.000000000    17.175225000    
545827.790987340 0.166727483     15.315880422    0.366190435     0.046732128     60.000000000    17.148761000    
545827.957695232 0.166707892     16.820273097    0.365535061     0.020066122     62.000000000    16.273330000    
545828.124358239 0.166663007     18.284413888    0.363637026     0.041292411     66.000000000    15.586411000    
545828.258023213 0.133664974     15.047945179    0.289437094     0.030751866     71.000000000    16.107759000    
545828.424897557 0.166874344     16.688505775    0.366712568     0.020551018     70.000000000    16.522323000    
545828.624938857 0.200041299     17.138214766    0.445302009     0.041971484     59.000000000    16.809366000    
545828.791815871 0.166877015     17.211421147    0.362052241     0.012221110     73.000000000    17.019960000    
545828.925120647 0.133304776     15.296191946    0.297396890     0.027592522     62.000000000    15.927310000    
545829.058606151 0.133485504     17.004091752    0.296073103     0.030765244     64.000000000    18.454118000    
545829.192028004 0.133421852     16.246864955    0.296361508     0.017559272     72.000000000    19.731856000    
545829.325368072 0.133340069     16.429606307    0.295371761     0.023215427     71.000000000    17.489117000    
545829.458745579 0.133377507     17.011830869    0.295638372     0.012176037     61.000000000    16.625589000    
545829.558708010 0.099962430     15.439653356    0.220812089     0.005947792     60.000000000    17.642238000    
545829.692213697 0.133505687     17.017174452    0.298571418     0.007227598     52.000000000    18.061954000    
545829.791970159 0.099756462     16.747302588    0.220687695     0.001513166     62.000000000    17.748831000    
545829.892129566 0.100159407     15.620706496    0.221073971     0.002604130     65.000000000    19.343053000    
545830.025532568 0.133403002     16.656695247    0.291068604     0.028515628     62.000000000    17.130170000    
545830.192313846 0.166781278     16.420668818    0.355301209     0.020412689     67.000000000    16.730262000    
545830.358802770 0.166488925     17.447878435    0.370574590     0.034172034     60.000000000    18.542246000    
545830.525421742 0.166618971     18.344777086    0.357592915     0.012532031     64.000000000    17.942368000    
545830.692125643 0.166703901     17.563507047    0.355208272     0.009556729     61.000000000    23.131920000    
545830.858746647 0.166621004     18.784995168    0.356489114     0.016691526     71.000000000    17.251931000    
545830.992224886 0.133478239     15.876494791    0.285668069     0.021412107     64.000000000    17.456380000    
545831.125608306 0.133383419     16.951074195    0.275143573     0.012307661     66.000000000    18.152066000    
545831.292435559 0.166827253     18.163334409    0.373387444     0.028515220     71.000000000    17.597342000    
545831.459276453 0.166840895     17.993823358    0.364074030     0.013157842     67.000000000    18.422533000    
545831.626078719 0.166802266     17.764869567    0.348050443     0.010971968     67.000000000    17.544317000    
545831.792837608 0.166758889     17.480393042    0.375296166     0.016115806     69.000000000    17.485533000    
545831.959647298 0.166809690     17.669560853    0.367809003     0.020371345     68.000000000    21.397056000    
545832.093091527 0.133444229     15.676842336    0.289844743     0.013317656     71.000000000    16.906199000    
545832.226497351 0.133405824     15.028627672    0.294407024     0.000801814     66.000000000    17.392572000    
545832.359557652 0.133060301     15.349658648    0.286622020     0.020375662     63.000000000    15.865934000    
545832.492877162 0.133319509     15.822330670    0.288248174     0.005445143     66.000000000    19.902418000    
545832.626280857 0.133403695     15.250292535    0.287485357     0.010346136     63.000000000    17.180506000    
545832.759755507 0.133474649     15.462841450    0.280934251     0.005434300     61.000000000    16.019632000    
545832.926463108 0.166707602     17.549242127    0.371716262     0.006219032     62.000000000    17.691326000    
545833.059800302 0.133337194     16.653427934    0.294302211     0.027383081     64.000000000    17.487869000    
545833.193192279 0.133391977     15.306241134    0.291056811     0.020420833     68.000000000    20.554903000    
545833.326418970 0.133226691     15.397509378    0.288741576     0.010400289     69.000000000    16.137583000    
545833.493148579 0.166729609     16.025848647    0.351521077     0.021257752     55.000000000    16.683444000    
545833.626478614 0.133330034     15.445208574    0.288766189     0.001252582     69.000000000    16.926870000    
545833.759856644 0.133378030     15.035399585    0.285282095     0.025664530     61.000000000    17.924224000    
545833.893297803 0.133441159     15.576790571    0.279392488     0.000636934     68.000000000    16.556916000    
545834.026707430 0.133409627     15.465392431    0.287374920     0.013824441     70.000000000    16.427730000    
545834.160154466 0.133447036     15.447667742    0.284121093     0.013545097     70.000000000    17.023416000    
545834.293754085 0.133599619     15.354241924    0.289335087     0.009323811     67.000000000    15.922797000    
545834.427081815 0.133327731     15.353098218    0.285940517     0.003560780     60.000000000    17.582204000    
545834.560352324 0.133270509     15.692086409    0.286057443     0.029582091     61.000000000    18.114913000    
545834.727072414 0.166720090     17.005401319    0.355205099     0.035770855     58.000000000    17.608508000    
545834.893712004 0.166639590     16.014837975    0.367027211     0.030324239     66.000000000    18.135266000    
545835.027127637 0.133415633     15.376093561    0.292097322     0.021413788     65.000000000    17.955264000    
545835.160540233 0.133412596     16.407408737    0.288368163     0.015551743     69.000000000    17.976128000    
545835.293734415 0.133194181     15.028718106    0.285468420     0.043646026     55.000000000    16.973339000    
545835.460411295 0.166676880     15.665342597    0.355897278     0.030606790     58.000000000    17.744673000    
545835.593767265 0.133355970     15.142237401    0.283343057     0.051940825     60.000000000    15.594445000    
545835.727128384 0.133361120     15.291986238    0.280626934     0.055464381     59.000000000    16.758936000    
545835.893872377 0.166743992     17.785834169    0.349142460     0.068504563     59.000000000    18.453960000    
545836.027251642 0.133379266     15.153529212    0.279604941     0.061551841     64.000000000    22.897872000    
545836.193938275 0.166686633     17.138349024    0.350000304     0.058806570     61.000000000    18.210405000    
545836.394061501 0.200123226     17.358155092    0.429635386     0.097390385     58.000000000    16.456854000    
545836.560747274 0.166685773     15.087058642    0.357239088     0.074074652     64.000000000    17.475743000    
545836.727452189 0.166704915     18.194433959    0.357490619     0.095067077     71.000000000    17.848098000    
545836.894180376 0.166728186     16.817826697    0.354423863     0.074697855     65.000000000    17.438847000    
545837.060869889 0.166689513     16.216917525    0.352834807     0.082412590     57.000000000    19.073389000    
545837.194270846 0.133400958     15.639774211    0.281739577     0.052482217     73.000000000    16.400181000    
545837.327573578 0.133302732     15.105829484    0.278382780     0.057648715     64.000000000    17.199804000    
545837.460933347 0.133359769     16.417237576    0.275012048     0.044595870     75.000000000    17.082778000    
545837.627639475 0.166706127     18.158929386    0.344522452     0.073230756     74.000000000    18.572680000    
545837.794343611 0.166704137     17.515742782    0.344971003     0.080444987     68.000000000    18.129316000    
545837.927749157 0.133405546     15.321146341    0.274202544     0.054818551     62.000000000    18.343717000    
545838.061114173 0.133365016     16.602059629    0.273871184     0.067936384     58.000000000    25.881129000    
545838.194454761 0.133340588     16.088303822    0.272759301     0.058074024     72.000000000    16.992057000    
545838.361201333 0.166746572     17.994253679    0.341193541     0.074418212     67.000000000    17.961986000    
545838.527928150 0.166726817     15.515095954    0.343369521     0.068155462     57.000000000    17.553918000    
545838.694608630 0.166680480     16.418048562    0.342365815     0.028525057     58.000000000    16.992890000    
545838.861342089 0.166733459     17.304996538    0.341706578     0.035190217     64.000000000    16.478133000    
545839.028082168 0.166740079     16.420685629    0.344881470     0.006085060     68.000000000    20.023893000    
545839.194763497 0.166681329     16.165893914    0.346582964     0.017800844     63.000000000    22.017159000    
545839.361549703 0.166786206     15.031334163    0.345748684     0.011299305     58.000000000    18.153188000    
545839.494916964 0.133367261     15.188342855    0.267082128     0.013864914     60.000000000    19.329901000    
545839.628267886 0.133350922     16.128177410    0.272883812     0.013724088     69.000000000    16.185970000    
545839.794999537 0.166731651     16.812858679    0.351539326     0.005449288     66.000000000    16.917368000    
545839.961700786 0.166701249     15.689311799    0.342931900     0.007854504     68.000000000    17.469245000    
545840.095052930 0.133352144     16.541116663    0.276252648     0.002041903     75.000000000    17.091802000    
545840.261735632 0.166682702     15.524579143    0.344847740     0.031985251     62.000000000    18.253060000    
545840.428372018 0.166636387     17.442589161    0.343110256     0.015976055     63.000000000    17.860288000    
545840.595073247 0.166701229     16.614261895    0.342140109     0.010911941     69.000000000    16.702038000    
545840.761798960 0.166725713     18.806890895    0.342337131     0.012294233     75.000000000    18.128003000    
545840.928532521 0.166733561     16.428844311    0.340488240     0.008124710     70.000000000    17.634334000    
545841.128562640 0.200030120     17.908715437    0.409517070     0.017127547     68.000000000    15.924719000    
545841.295246351 0.166683711     15.186199316    0.340811552     0.004512525     67.000000000    16.738870000    
545841.461877496 0.166631145     15.255611889    0.336398728     0.006128814     73.000000000    17.061465000    
545841.628616415 0.166738919     16.265816613    0.338531831     0.007827346     74.000000000    15.914575000    
545841.795306616 0.166690201     15.747974240    0.325190905     0.011725315     75.000000000    16.994457000    
545841.995356676 0.200050060     17.236289577    0.417627386     0.016833158     60.000000000    17.136346000    
545842.162026542 0.166669866     16.951757965    0.337964464     0.006493729     65.000000000    17.856225000    
545842.328762145 0.166735603     17.352517906    0.331345251     0.019303866     65.000000000    17.126651000    
545842.495497352 0.166735207     16.613710740    0.329102750     0.005181190     70.000000000    17.547454000    
545842.662195825 0.166698473     18.186575239    0.361743686     0.005058502     72.000000000    16.602101000    
545842.795564439 0.133368615     15.139055723    0.277134200     0.004851880     66.000000000    17.229595000    
545842.928920401 0.133355962     15.224635146    0.264577041     0.010275797     65.000000000    18.078147000    
545843.062237774 0.133317373     16.553927185    0.284100235     0.004901161     57.000000000    15.833774000    
545843.195713579 0.133475805     15.806676438    0.281046073     0.008176503     66.000000000    16.619381000    
545843.329043191 0.133329612     15.216909571    0.279130632     0.017829149     64.000000000    17.460829000    
545843.462465669 0.133422479     15.167602304    0.282166670     0.006637158     71.000000000    18.302117000    
545843.595847666 0.133381996     15.542312863    0.283704732     0.003376984     67.000000000    18.491751000    
545843.762520254 0.166672589     16.156360473    0.355549551     0.011069507     66.000000000    16.170518000    
545843.929213498 0.166693244     15.709927627    0.355029253     0.001047561     68.000000000    17.211967000    
545844.095911299 0.166697801     17.933753537    0.357434288     0.028793856     71.000000000    16.349047000    
545844.262592577 0.166681277     17.356220797    0.360007535     0.002180297     67.000000000    15.934259000    
545844.395910651 0.133318074     15.284902434    0.287734146     0.015347147     62.000000000    15.780977000    
545844.562637606 0.166726955     17.680534615    0.358377469     0.003338534     68.000000000    16.365623000    
545844.695979880 0.133342274     15.311865115    0.286436373     0.005263557     66.000000000    16.298358000    
545844.862696636 0.166716756     17.416798154    0.361917986     0.005208048     49.000000000    17.261695000    
545845.029402945 0.166706309     17.167298669    0.352535166     0.018839340     49.000000000    16.797083000    
545845.162739124 0.133336179     15.132013653    0.299520203     0.005690962     69.000000000    17.266752000    
545845.329567449 0.166828325     16.930898283    0.381659986     0.035654307     65.000000000    16.833659000    
545845.496300142 0.166732693     17.626358544    0.379266412     0.006416272     65.000000000    19.039440000    
545845.629706002 0.133405860     15.067917671    0.298774452     0.015414439     79.000000000    16.958172000    
545845.796400895 0.166694892     17.723827333    0.392600426     0.000343848     71.000000000    17.055612000    
545845.963036611 0.166635717     18.045884223    0.387445545     0.014339210     64.000000000    16.746201000    
545846.129767772 0.166731161     18.678359013    0.377026636     0.015561611     58.000000000    22.435853000    
545846.296479815 0.166712043     16.236997406    0.391740162     0.025106905     49.000000000    19.937463000    
545846.429831719 0.133351904     16.345516919    0.310531906     0.006978379     58.000000000    17.981636000    
545846.563269481 0.133437762     16.918887765    0.310697330     0.011852376     58.000000000    17.392640000    
545846.730086012 0.166816531     18.462626158    0.382207507     0.017156069     65.000000000    18.108133000    
545846.896907115 0.166821103     17.084913865    0.405199606     0.024607703     60.000000000    19.720309000    
545847.063783759 0.166876645     17.003290574    0.403024436     0.013991931     67.000000000    17.323262000    
545847.230593050 0.166809291     17.493244441    0.387088514     0.017007886     67.000000000    18.715916000    
545847.397454078 0.166861028     15.044091932    0.414181072     0.001571680     61.000000000    19.732788000    
545847.564180111 0.166726033     16.409492723    0.409669643     0.021610812     70.000000000    16.985660000    
545847.730850982 0.166670871     17.501357904    0.410603251     0.000518159     75.000000000    18.154150000    
545847.897533031 0.166682050     17.968175512    0.413662924     0.018601025     71.000000000    18.036548000    
545848.064218210 0.166685179     16.931266552    0.410936938     0.023129582     58.000000000    18.212231000    
545848.230889497 0.166671287     17.348456435    0.398483333     0.027467882     66.000000000    18.712235000    
545848.364198257 0.133308761     15.527797480    0.337122175     0.018082144     58.000000000    21.029024000    
545848.497596302 0.133398045     16.371784507    0.333494665     0.019193757     64.000000000    19.106958000    
545848.631029130 0.133432828     16.268926271    0.318088299     0.024707256     68.000000000    20.147352000    
545848.797682309 0.166653179     18.611239807    0.427780303     0.047425819     63.000000000    21.493380000    
545848.964353329 0.166671019     17.478254578    0.425276396     0.041272753     67.000000000    27.537532000    
545849.131068670 0.166715341     16.594339936    0.423761751     0.010290062     69.000000000    17.589057000    
545849.297805382 0.166736713     18.480363899    0.423621205     0.025709531     66.000000000    17.143581000    
545849.431128744 0.133323362     16.217484529    0.335833180     0.003123805     65.000000000    19.061870000    
545849.564508290 0.133379546     15.370524784    0.332449286     0.002005565     64.000000000    17.085116000    
545849.697855943 0.133347653     16.592266832    0.335792843     0.016526064     61.000000000    16.852474000    
545849.831213784 0.133357841     16.479429402    0.333869429     0.014407737     59.000000000    17.110172000    
545849.964545043 0.133331259     15.046721827    0.318134276     0.009423260     62.000000000    19.180848000    
545850.097896130 0.133351087     15.625629650    0.338275643     0.001274716     77.000000000    17.328030000    
545850.264619086 0.166722956     17.425740890    0.424616153     0.005914474     78.000000000    16.336917000    
545850.398010210 0.133391124     15.336072706    0.342576377     0.013552778     78.000000000    16.293205000    
545850.531400349 0.133390139     15.273910143    0.330156864     0.009057190     71.000000000    15.895729000    
545850.664759422 0.133359073     15.624292248    0.330297335     0.021100526     77.000000000    18.613994000    
545850.831439822 0.166680400     16.608476849    0.447441421     0.026388473     76.000000000    22.117546000    
545850.998124715 0.166684892     16.275155797    0.415882623     0.030384765     65.000000000    17.061659000    
545851.164771791 0.166647077     18.370428817    0.445610356     0.011359338     69.000000000    17.496543000    
545851.298086529 0.133314738     16.574932936    0.351952571     0.021057736     64.000000000    17.428255000    
545851.431436158 0.133349629     16.291587523    0.351572348     0.041251163     65.000000000    17.664577000    
545851.564771674 0.133335516     15.620012256    0.352447943     0.008833605     67.000000000    16.592471000    
545851.731439365 0.166667691     18.739613947    0.444228627     0.018267115     69.000000000    18.436744000    
545851.898141581 0.166702216     15.547867980    0.443947454     0.002643687     72.000000000    18.834316000    
545852.064828847 0.166687266     18.130831831    0.435928791     0.022297919     77.000000000    17.948868000    
545852.231531971 0.166703123     17.509301955    0.452381959     0.024412582     84.000000000    17.682276000    
545852.398221368 0.166689397     17.336253616    0.446002082     0.001994542     81.000000000    19.714199000    
545852.564900826 0.166679459     17.223676113    0.445795330     0.029503393     80.000000000    20.699009000    
545852.698258147 0.133357320     16.551797208    0.352157931     0.004835423     81.000000000    16.864860000    
545852.831604242 0.133346095     15.231258057    0.354195892     0.010736230     71.000000000    18.647630000    
545852.964947042 0.133342801     15.667889836    0.354743728     0.020376121     66.000000000    20.436318000    
545853.098310348 0.133363305     18.628419222    0.357667100     0.023338489     72.000000000    17.129503000    
545853.231645074 0.133334726     17.752525527    0.357577640     0.014849719     72.000000000    20.835297000    
545853.398318836 0.166673762     17.207431456    0.443839804     0.030300648     68.000000000    18.809999000    
545853.564978694 0.166659859     18.621319793    0.446022517     0.004907866     72.000000000    17.545635000    
545853.731656639 0.166677945     16.774422111    0.448365781     0.019328724     69.000000000    17.479490000    
545853.864998951 0.133342312     16.446267017    0.343552853     0.012014803     68.000000000    20.686688000    
545853.998367421 0.133368469     17.848281025    0.356579093     0.003984727     69.000000000    19.199667000    
545854.131755157 0.133387737     17.666653643    0.356802952     0.026839696     66.000000000    16.481241000    
545854.298429264 0.166674107     17.396724377    0.442372252     0.026454552     76.000000000    17.209054000    
545854.431766908 0.133337643     15.055234451    0.350593554     0.006013810     71.000000000    16.229942000    
545854.598447221 0.166680314     18.785648909    0.441157230     0.007746637     66.000000000    22.459183000    
545854.731832221 0.133385000     15.747440707    0.356514455     0.011547910     64.000000000    16.815098000    
545854.898525567 0.166693346     17.559036399    0.443034448     0.015097955     76.000000000    17.726084000    
545855.031890766 0.133365198     15.427614604    0.359522884     0.026151285     73.000000000    18.472202000    
545855.198617611 0.166726845     17.595871535    0.448147336     0.008721613     78.000000000    24.700196000    
545855.331984437 0.133366827     16.028003411    0.358498587     0.004022210     80.000000000    18.766957000    
545855.465388121 0.133403683     15.074348005    0.359375130     0.009148504     69.000000000    17.507554000    
545855.598707634 0.133319514     15.835720617    0.357536473     0.012093367     73.000000000    16.197525000    
545855.732065598 0.133357964     17.302671404    0.359108549     0.000659203     75.000000000    19.319058000    
545855.865379749 0.133314150     17.770186218    0.359859335     0.019274987     75.000000000    16.474359000    
545855.998696842 0.133317094     16.173765335    0.358203280     0.016156311     71.000000000    18.577964000    
545856.132067275 0.133370432     15.410021364    0.357831999     0.023947513     70.000000000    16.154293000    
545856.265426033 0.133358759     15.568426763    0.347089855     0.082164279     71.000000000    16.052020000    
545856.398790223 0.133364190     16.188438914    0.366382667     0.064981532     75.000000000    16.300694000    
545856.565495962 0.166705739     18.000616232    0.438693009     0.070264558     70.000000000    16.929468000    
545856.765549979 0.200054017     17.132291965    0.563917804     0.079912347     76.000000000    17.438049000    
545856.898950591 0.133400612     15.293589145    0.365649801     0.036427674     75.000000000    17.134846000    
545857.032338620 0.133388028     15.855440440    0.373928267     0.036350540     84.000000000    16.796474000    
545857.165659828 0.133321208     17.225952652    0.369308034     0.057267271     76.000000000    17.204030000    
545857.298960979 0.133301151     16.101245172    0.363119939     0.050494757     80.000000000    17.083325000    
545857.432287658 0.133326679     17.347067451    0.365589400     0.032047920     77.000000000    23.706970000    
545857.565640512 0.133352854     15.379049032    0.366155510     0.050486765     69.000000000    17.645794000    
545857.699014420 0.133373908     16.133378082    0.367903769     0.029548356     74.000000000    20.923105000    
545857.832383027 0.133368607     15.982921617    0.368586200     0.048113644     76.000000000    17.709763000    
545857.999072792 0.166689765     19.137232009    0.463029600     0.066873347     78.000000000    18.242792000    
545858.132397792 0.133325000     15.287640173    0.370123121     0.046966400     80.000000000    17.475360000    
545858.299109211 0.166711419     16.401823967    0.465353044     0.043049564     76.000000000    27.257722000    
545858.432456854 0.133347643     15.933197939    0.370334954     0.045958549     74.000000000    29.690511000    
545858.565783432 0.133326578     15.927035588    0.370261800     0.042400473     82.000000000    17.622593000    
545858.699180707 0.133397275     16.863887380    0.358059985     0.063794992     85.000000000    15.776177000    
545858.832552760 0.133372053     15.439779371    0.381532139     0.064358761     79.000000000    16.568375000    
545858.965894750 0.133341990     16.471479369    0.379792600     0.050950915     82.000000000    16.752601000    
545859.099255276 0.133360527     17.525300415    0.378280771     0.058434109     79.000000000    16.592248000    
545859.232613187 0.133357910     16.325553444    0.380365408     0.035472838     76.000000000    16.874106000    
545859.365875352 0.133262165     17.463073126    0.366467485     0.041213144     73.000000000    17.735074000    
545859.499231070 0.133355718     17.223856253    0.364185097     0.069573371     75.000000000    25.014917000    
545859.632602618 0.133371548     16.127310239    0.364344672     0.070193572     72.000000000    17.978532000    
545859.765979697 0.133377080     15.243432237    0.366099512     0.067494489     75.000000000    16.733017000    
545859.899352785 0.133373087     18.696878178    0.363360142     0.076172411     80.000000000    16.294037000    
545860.032742565 0.133389780     17.700210989    0.363083009     0.072094992     85.000000000    17.186909000    
545860.166084868 0.133342304     15.497436266    0.361719758     0.093347670     73.000000000    19.445681000    
545860.299426593 0.133341725     16.027740348    0.365385954     0.117297938     77.000000000    25.436937000    
545860.432780160 0.133353566     16.652927848    0.365149862     0.125433329     80.000000000    18.363624000    
545860.566141224 0.133361064     15.821638545    0.363061322     0.100069219     81.000000000    21.359911000    
545860.699498747 0.133357524     16.299364858    0.360760518     0.149587065     82.000000000    26.606808000    
545860.832841190 0.133342443     16.240864540    0.360171053     0.140529689     77.000000000    16.463066000    
545860.966182909 0.133341719     16.434952891    0.358737845     0.134448711     69.000000000    17.597381000    
545861.099533986 0.133351077     19.133115855    0.348408611     0.174974953     75.000000000    17.503108000    
545861.232863443 0.133329456     17.779025215    0.374373665     0.131984276     72.000000000    21.380616000    
545861.366262691 0.133399248     18.389268980    0.367276716     0.137441144     65.000000000    20.275229000    
545861.499568796 0.133306104     17.090258130    0.377807457     0.140364624     72.000000000    21.824300000    
545861.632911793 0.133342998     16.473651115    0.372204942     0.109293110     74.000000000    18.967249000    
545861.766269363 0.133357570     16.407785537    0.362096586     0.124980156     81.000000000    27.503169000    
545861.899601353 0.133331990     15.349855696    0.364632239     0.145174560     76.000000000    16.910590000    
545862.032970328 0.133368975     15.102744047    0.363244121     0.137053063     83.000000000    23.615677000    
545862.166332018 0.133361691     15.821078712    0.365533315     0.122855459     82.000000000    17.504259000    
545862.299720059 0.133388040     16.778801024    0.363601251     0.144984960     80.000000000    16.636155000    
545862.433086594 0.133366535     16.909031909    0.359415275     0.131505578     81.000000000    22.418353000    
545862.566481389 0.133394796     17.371660851    0.358255793     0.112414371     71.000000000    16.571707000    
545862.699860036 0.133378647     17.621728922    0.353792019     0.149497994     75.000000000    23.426138000    
545862.833209657 0.133349620     18.430873031    0.355195953     0.135510129     72.000000000    19.339507000    
545862.966645415 0.133435758     18.450182367    0.356449068     0.102460219     81.000000000    16.273943000    
545863.100108079 0.133462665     15.634971459    0.351599646     0.113869502     80.000000000    22.314575000    
545863.233494737 0.133386658     15.735157877    0.350566029     0.110954656     72.000000000    16.450777000    
545863.366871052 0.133376315     17.128436428    0.354592002     0.093908296     79.000000000    19.738999000    
545863.533605611 0.166734559     18.561084963    0.431499005     0.123436155     73.000000000    26.932090000    
545863.666980837 0.133375227     15.965658983    0.357584152     0.089944592     80.000000000    17.284128000    
545863.800319518 0.133338681     15.739579525    0.305563897     0.096878547     68.000000000    21.786602000    
545863.933643509 0.133323990     18.155815684    0.383909155     0.090898132     67.000000000    23.476282000    
545864.067021891 0.133378382     17.130701104    0.356826748     0.068903947     67.000000000    18.880656000    
545864.200362394 0.133340502     17.483700478    0.365790529     0.095620701     73.000000000    16.736891000    
545864.333800309 0.133437916     16.484283172    0.361525970     0.123921983     78.000000000    17.309857000    
545864.467146152 0.133345843     17.536723872    0.358941006     0.119231467     81.000000000    19.942041000    
545864.600530873 0.133384721     17.530104655    0.361400473     0.074600708     78.000000000    23.622428000    
545864.733866818 0.133335945     16.547490794    0.358923504     0.130890095     70.000000000    16.715835000    
545864.867223769 0.133356951     18.582825155    0.358785594     0.120616423     69.000000000    17.875205000    
545865.000561376 0.133337607     18.530407781    0.361099079     0.095584917     63.000000000    20.024953000    
545865.133922252 0.133360876     18.832869243    0.365029965     0.134633015     64.000000000    21.238917000    
545865.233928485 0.100006233     15.252757202    0.271438799     0.077060626     67.000000000    20.172218000    
545865.333932825 0.100004341     15.696232577    0.272561316     0.048860315     72.000000000    18.197608000    
545865.433946436 0.100013611     15.362742829    0.273429161     0.090257304     69.000000000    16.058996000    
545865.567333607 0.133387171     19.052078838    0.366073806     0.119283415     68.000000000    18.294154000    
545865.667353831 0.100020224     15.076047494    0.275795498     0.058658823     78.000000000    24.846277000    
545865.800710702 0.133356871     17.674775245    0.368281894     0.126508029     78.000000000    17.836389000    
545865.934068080 0.133357378     16.817569177    0.368269995     0.118696188     74.000000000    16.532505000    
545866.067405748 0.133337668     16.561655763    0.369138210     0.121948894     75.000000000    15.831378000    
545866.200764774 0.133359026     20.219413922    0.354268145     0.118018780     75.000000000    17.914566000    
545866.334156827 0.133392053     17.465738631    0.384337492     0.144120455     65.000000000    16.613594000    
545866.467524666 0.133367839     17.198422533    0.352372430     0.164613184     63.000000000    15.879667000    
545866.600907805 0.133383139     18.892445368    0.384932059     0.132577793     73.000000000    18.757645000    
545866.734251444 0.133343639     17.892602617    0.379568800     0.139256402     64.000000000    17.572706000    
545866.867602049 0.133350605     19.768759352    0.378138840     0.141282670     67.000000000    17.753604000    
545867.000960680 0.133358632     15.212424221    0.375257019     0.111580999     62.000000000    16.173077000    
545867.100985635 0.100024954     15.705345898    0.282431719     0.083057718     68.000000000    17.233759000    
545867.234327461 0.133341827     18.650748727    0.353890073     0.121499104     74.000000000    17.993190000    
545867.334292308 0.099964847     15.012383357    0.291111045     0.079272533     69.000000000    17.197247000    
545867.467646128 0.133353820     17.751811923    0.382060099     0.128172484     70.000000000    16.346007000    
545867.601018462 0.133372334     17.517651405    0.374574610     0.134372831     70.000000000    16.559384000    
545867.734371318 0.133352856     18.983618272    0.368613372     0.130873781     72.000000000    18.104519000    
545867.867719442 0.133348124     17.770072693    0.369997996     0.138262361     73.000000000    18.227336000    
545867.967754203 0.100034761     16.274270665    0.279676937     0.101721516     66.000000000    16.595001000    
545868.101118674 0.133364471     19.303548357    0.373802880     0.141616193     59.000000000    15.853202000    
545868.234475152 0.133356477     19.628623603    0.376128414     0.134277418     61.000000000    17.533826000    
545868.367796402 0.133321251     18.681726626    0.372045371     0.125044235     60.000000000    16.163797000    
545868.501146912 0.133350509     17.805069388    0.374576389     0.115630070     63.000000000    16.703706000    
545868.634496906 0.133349995     18.341815518    0.375030690     0.064496083     55.000000000    17.140702000    
545868.767846788 0.133349882     19.654227261    0.375112247     0.086961385     64.000000000    16.282678000    
545868.901216430 0.133369642     20.195038096    0.377482669     0.078729712     64.000000000    23.502272000    
545869.034572906 0.133356476     18.037044710    0.367572497     0.091541426     61.000000000    16.936257000    
545869.134590938 0.100018032     15.322099133    0.283414324     0.079981537     66.000000000    16.287835000    
545869.267951589 0.133360651     19.147668767    0.368937067     0.112820502     67.000000000    16.875297000    
545869.401311560 0.133359972     18.828939704    0.379148949     0.136099957     61.000000000    15.990648000    
545869.534680309 0.133368749     18.841940627    0.372495054     0.091243539     66.000000000    16.567582000    
545869.667999056 0.133318747     16.390140044    0.374391338     0.120642770     63.000000000    16.368252000    
545869.801337518 0.133338462     17.899358087    0.371960115     0.110793520     64.000000000    16.559038000    
545869.934691985 0.133354467     16.837701865    0.370804004     0.099907412     65.000000000    18.820627000    
545870.068073213 0.133381228     19.698382813    0.374375174     0.093835533     61.000000000    17.779529000    
545870.201410754 0.133337541     18.770706430    0.375570842     0.087143061     56.000000000    18.480048000    
545870.334724996 0.133314242     20.515825894    0.370247760     0.071128975     53.000000000    17.263141000    
545870.468059822 0.133334826     18.012364419    0.371735574     0.093894574     58.000000000    17.836746000    
545870.601435700 0.133375878     19.040929433    0.369181901     0.093088197     59.000000000    16.475101000    
545870.701450313 0.100014612     15.682916757    0.276129553     0.058862167     55.000000000    16.970786000    
545870.834792432 0.133342119     18.924091311    0.360447306     0.083895974     58.000000000    20.845159000    
545870.934814432 0.100022000     16.290276586    0.272318577     0.050782812     56.000000000    16.351964000    
545871.034826231 0.100011799     15.237545467    0.281680228     0.036040900     58.000000000    17.213761000    
545871.134852366 0.100026135     15.142250678    0.280054551     0.038626748     53.000000000    21.520937000    
545871.268199420 0.133347053     18.520432714    0.370213542     0.057520119     53.000000000    18.143338000    
545871.368248899 0.100049479     16.039312020    0.272628850     0.050613423     49.000000000    16.358201000    
545871.468265215 0.100016316     17.396303961    0.272330176     0.062836139     51.000000000    17.159521000    
545871.568281705 0.100016491     19.384608388    0.270972510     0.059146317     52.000000000    25.843377000    
545871.668308554 0.100026848     17.960500391    0.270931654     0.045061462     48.000000000    16.774109000    
545871.768321789 0.100013235     18.411132110    0.269835533     0.047983121     48.000000000    17.944072000    
545871.868327344 0.100005555     15.424929984    0.268041670     0.065000665     43.000000000    20.173052000    
545872.001668151 0.133340807     19.081885441    0.359091014     0.065837032     41.000000000    16.708796000    
545872.135036289 0.133368138     16.461993568    0.358642307     0.089448693     49.000000000    20.864995000    
545872.268406715 0.133370426     16.229165789    0.363487171     0.091887471     55.000000000    22.702996000    
545872.468406455 0.199999740     16.971506557    0.544617837     0.116899012     41.000000000    17.376290000    
545872.635114798 0.166708343     17.188282915    0.449037090     0.103324913     49.000000000    17.728773000    
545872.801802060 0.166687262     17.706528005    0.440489470     0.105388245     48.000000000    19.684119000    
545872.935148071 0.133346011     16.630982806    0.360692155     0.094163292     54.000000000    17.561668000    
545873.068493507 0.133345436     16.163515420    0.361052596     0.092904575     55.000000000    29.176560000    
545873.201845303 0.133351796     17.099305674    0.361723976     0.098621970     64.000000000    15.682640000    
545873.335207122 0.133361820     16.391271656    0.362401872     0.096415007     57.000000000    21.528582000    
545873.468555224 0.133348102     17.225163303    0.363112183     0.110780305     58.000000000    19.437876000    
545873.635237998 0.166682773     17.821741914    0.458421345     0.127207418     56.000000000    26.488596000    
545873.801912038 0.166674041     17.569472168    0.458947732     0.140143117     58.000000000    19.789270000    
545873.968590627 0.166678589     18.141110600    0.458880673     0.142744801     55.000000000    18.080262000    
545874.135272982 0.166682354     16.470861575    0.457807900     0.139749991     63.000000000    16.875835000    
545874.268654672 0.133381691     15.108127416    0.359743101     0.124368395     53.000000000    17.218494000    
545874.401985200 0.133330528     17.832115228    0.375918246     0.104307523     59.000000000    15.602351000    
545874.535343157 0.133357957     16.657284634    0.372387241     0.123336514     56.000000000    15.807249000    
545874.668692612 0.133349455     15.069254428    0.369499054     0.131406287     52.000000000    19.987064000    
545874.802037206 0.133344593     19.050828449    0.368248337     0.102296538     63.000000000    16.752922000    
545874.935387171 0.133349965     17.470562139    0.351618190     0.133589213     56.000000000    20.816319000    
545875.068735161 0.133347990     16.678775654    0.381391819     0.121898755     55.000000000    17.251231000    
545875.202101871 0.133366709     15.371625052    0.378860108     0.118622602     59.000000000    18.898899000    
545875.335475538 0.133373668     15.055478097    0.377597073     0.130696244     67.000000000    21.614701000    
545875.468830208 0.133354670     15.049783697    0.375758193     0.126721405     66.000000000    15.494803000    
545875.602177137 0.133346928     15.348458648    0.374224933     0.133380567     59.000000000    16.977058000    
545875.735521771 0.133344634     15.729687084    0.374951201     0.133984632     61.000000000    18.427983000    
545875.868870006 0.133348235     16.793675701    0.374348735     0.129112183     51.000000000    16.763711000    
545876.002223658 0.133353652     17.513177882    0.374398540     0.152733483     56.000000000    16.297755000    
545876.135575793 0.133352135     17.483271282    0.376437532     0.142826564     56.000000000    16.102169000    
545876.268927846 0.133352054     16.158474546    0.368521505     0.124350057     64.000000000    18.060203000    
545876.402262295 0.133334448     17.154028479    0.381270468     0.159406044     57.000000000    17.150307000    
545876.535613067 0.133350772     16.074021939    0.364920764     0.147354553     57.000000000    24.822635000    
545876.702307737 0.166694671     17.443600953    0.480773371     0.189041650     59.000000000    19.571961000    
545876.835663619 0.133355881     15.009854810    0.376669189     0.159694517     63.000000000    16.839808000    
545876.969020730 0.133357111     15.247010730    0.353633585     0.187311066     52.000000000    17.830378000    
545877.102377964 0.133357234     16.180744822    0.380963486     0.185146599     52.000000000    19.857724000    
545877.235736268 0.133358305     15.433585170    0.378395021     0.146201643     56.000000000    20.241184000    
545877.369092428 0.133356160     17.066048865    0.369283888     0.147075345     50.000000000    17.107362000    
545877.502431033 0.133338605     15.475513872    0.385271645     0.163505075     59.000000000    20.233983000    
545877.635770347 0.133339314     15.740929952    0.381375199     0.159639675     61.000000000    16.529851000    
545877.802463516 0.166693170     16.701809290    0.469241672     0.189133075     62.000000000    21.901230000    
545877.969148656 0.166685139     15.909144676    0.472285815     0.172491502     63.000000000    17.838600000    
545878.135829141 0.166680485     16.599604082    0.459506905     0.173450050     59.000000000    17.842696000    
545878.335848183 0.200019042     16.847161480    0.568286919     0.214911495     65.000000000    17.533190000    
545878.502541846 0.166693662     15.407770814    0.470467758     0.170179919     72.000000000    19.017844000    
545878.635891760 0.133349915     15.073259398    0.377093175     0.139586589     63.000000000    16.782782000    
545878.802585304 0.166693543     18.421533938    0.469879033     0.141812503     54.000000000    17.286307000    
545878.935944341 0.133359037     15.556852491    0.375935470     0.134810897     66.000000000    18.549582000    
545879.069299018 0.133354677     15.285054488    0.373265791     0.134521640     68.000000000    20.188286000    
545879.236006605 0.166707588     17.025768056    0.459591951     0.171440081     68.000000000    18.729969000    
545879.402663351 0.166656746     18.495489030    0.460723119     0.149900248     67.000000000    20.172415000    
545879.569342055 0.166678704     19.177700821    0.461020869     0.166878208     71.000000000    16.288570000    
545879.736036334 0.166694279     18.607308180    0.475335835     0.123640887     62.000000000    18.866099000    
545879.902746780 0.166710445     16.771228413    0.469705087     0.145486828     68.000000000    17.876393000    
545880.069431666 0.166684886     15.515935730    0.466021816     0.144187076     65.000000000    15.455603000    
545880.202782438 0.133350772     15.019789298    0.371405013     0.109121775     72.000000000    26.707388000    
545880.336153765 0.133371327     16.950007858    0.373215595     0.108476366     72.000000000    15.826870000    
545880.502842623 0.166688858     16.566256096    0.467602550     0.103003185     67.000000000    20.253663000    
545880.669538655 0.166696032     18.264746775    0.469104820     0.125218707     64.000000000    20.466946000    
545880.836213774 0.166675119     17.915196028    0.471851418     0.100998197     58.000000000    15.993144000    
545880.969564992 0.133351218     16.039332188    0.364483467     0.075017647     67.000000000    16.089593000    
545881.102907196 0.133342203     18.497477872    0.384960752     0.064951354     65.000000000    21.411466000    
545881.269591870 0.166684674     17.263493518    0.475132813     0.084012880     62.000000000    17.350052000    
545881.436263155 0.166671285     18.451361812    0.467525634     0.099243651     68.000000000    15.876343000    
545881.602957411 0.166694256     18.311160186    0.455838703     0.114133435     67.000000000    17.376129000    
545881.769643070 0.166685659     15.851658610    0.452062708     0.112575461     67.000000000    15.739186000    
545881.936331934 0.166688864     17.239303279    0.476039371     0.144331396     73.000000000    17.479618000    
545882.103032657 0.166700723     17.024412024    0.469999004     0.138481605     64.000000000    16.853532000    
545882.236385831 0.133353174     15.496278423    0.373200188     0.111274332     57.000000000    17.036510000    
545882.369753709 0.133367878     15.374671386    0.375296688     0.105640619     64.000000000    17.178239000    
545882.503091341 0.133337632     16.130457622    0.374584140     0.081632484     62.000000000    16.630619000    
545882.636445201 0.133353860     16.013782271    0.375363862     0.121899329     58.000000000    16.958653000    
545882.769784523 0.133339322     15.159997253    0.360218683     0.068689420     54.000000000    18.031368000    
545882.903117296 0.133332773     17.145120108    0.379779384     0.095453865     59.000000000    17.360481000    
545883.036476899 0.133359603     17.080353513    0.378408993     0.109733155     63.000000000    16.547482000    
545883.169822465 0.133345567     15.401514549    0.375338087     0.078117637     60.000000000    15.939188000    
545883.303172566 0.133350101     15.436484805    0.368664895     0.093383694     60.000000000    17.059006000    
545883.469853030 0.166680464     17.773360209    0.458318066     0.111746370     64.000000000    17.646948000    
545883.603198151 0.133345121     16.115354431    0.370505338     0.080783881     63.000000000    15.750006000    
545883.736542055 0.133343904     15.426172618    0.368588988     0.086541304     62.000000000    16.563677000    
545883.869898223 0.133356168     16.016171821    0.366848182     0.088060904     61.000000000    17.178339000    
545884.003257353 0.133359129     16.688788914    0.366334153     0.097800532     67.000000000    16.652958000    
545884.136621930 0.133364577     16.730308672    0.367464329     0.075301594     62.000000000    15.253521000    
545884.269976289 0.133354358     18.337514131    0.368402041     0.066633817     66.000000000    17.267076000    
545884.403340543 0.133364254     15.177087267    0.367221142     0.072829282     63.000000000    16.098841000    
545884.536666849 0.133326307     17.763455156    0.364014365     0.090358239     65.000000000    17.418310000    
545884.670019230 0.133352381     17.836504847    0.364401913     0.077071481     62.000000000    16.221018000    
545884.803380194 0.133360964     16.903487350    0.366192827     0.066576340     58.000000000    18.695025000    
545884.936741719 0.133361525     17.341323273    0.364790786     0.087353843     63.000000000    16.608638000    
545885.070105121 0.133363401     19.681787355    0.350228206     0.092259584     58.000000000    15.729205000    
545885.170120932 0.100015811     15.441886214    0.275104436     0.050537327     62.000000000    15.581556000    
545885.303488398 0.133367466     19.780087857    0.367751193     0.089602892     63.000000000    17.320421000    
545885.403501473 0.100013075     15.849740399    0.274478800     0.081888824     66.000000000    16.955745000    
545885.536868148 0.133366675     19.046286500    0.364902722     0.069432470     59.000000000    16.141562000    
545885.636889092 0.100020945     15.492964514    0.270606767     0.041379938     61.000000000    16.702911000    
545885.736893917 0.100004825     15.795284539    0.269666086     0.065666949     59.000000000    15.717557000    
545885.836913465 0.100019548     16.651318067    0.271513662     0.082383903     60.000000000    16.615134000    
545885.970270730 0.133357265     19.036440676    0.360940476     0.100645650     50.000000000    17.372996000    
545886.103627811 0.133357081     19.639416287    0.357768173     0.078192751     44.000000000    17.278532000    
545886.236977238 0.133349427     18.354367766    0.361410032     0.086122211     47.000000000    18.632913000    
545886.370322544 0.133345306     16.477108800    0.360293986     0.090500182     46.000000000    17.181187000    
545886.503680638 0.133358093     16.132639001    0.357441279     0.100840074     46.000000000    17.480134000    
545886.637028913 0.133348276     20.474251480    0.360225100     0.083913566     52.000000000    17.289700000    
545886.770383081 0.133354168     16.169379397    0.356455759     0.085203864     49.000000000    16.899712000    
545886.903738757 0.133355675     16.839500515    0.351667606     0.084576133     54.000000000    16.948481000    
545887.037094426 0.133355669     17.312904434    0.330285434     0.140154610     49.000000000    18.188973000    
545887.170431218 0.133336792     15.173543358    0.369970935     0.113471855     44.000000000    18.306158000    
545887.370452416 0.200021198     15.442751068    0.524204193     0.157586077     36.000000000    17.750568000    
545887.503793095 0.133340679     16.673611329    0.353510142     0.088726208     40.000000000    18.505328000    
545887.670479139 0.166686044     16.974415860    0.428867853     0.125495650     49.000000000    16.751903000    
545887.837154298 0.166675159     16.938641226    0.470260595     0.148172136     50.000000000    18.125547000    
545887.970513971 0.133359673     16.288842066    0.367240710     0.092837474     55.000000000    16.795871000    
545888.103861051 0.133347080     15.346789982    0.360513959     0.133584010     55.000000000    18.428462000    
545888.237201256 0.133340206     16.634560446    0.353235213     0.089142471     56.000000000    20.378464000    
545888.403929439 0.166728182     19.108004397    0.435050385     0.157117052     54.000000000    33.518908000    
545888.537286845 0.133357406     15.565731314    0.364291565     0.105409563     52.000000000    21.381482000    
545888.670642074 0.133355229     17.123402201    0.372037323     0.100018594     55.000000000    20.364320000    
545888.837323901 0.166681826     17.960373421    0.438661560     0.176382062     52.000000000    27.971335000    
545888.970669589 0.133345689     15.429033846    0.364121468     0.101305645     55.000000000    17.505605000    
545889.137371852 0.166702262     18.864382841    0.456376346     0.091595992     43.000000000    18.987987000    
545889.337369698 0.199997846     17.187384120    0.524465726     0.133665709     46.000000000    24.727433000    
545889.537393072 0.200023374     15.415202067    0.506951702     0.096411604     42.000000000    17.830248000    
545889.737426722 0.200033650     17.444864098    0.538195886     0.076008175     47.000000000    17.518566000    
545889.904130236 0.166703514     15.538133478    0.448955991     0.011796403     52.000000000    18.576781000    
545890.137502997 0.233372761     17.828845891    0.596097586     0.024673720     53.000000000    15.735667000    
545890.304213619 0.166710622     16.424452881    0.435779950     0.016260241     60.000000000    17.490563000    
545890.470908264 0.166694644     17.408985181    0.433345698     0.018573675     65.000000000    16.520505000    
545890.604256122 0.133347859     15.155296236    0.346067146     0.001281931     72.000000000    16.608667000    
545890.770944147 0.166688025     15.447351821    0.429545870     0.020798343     64.000000000    16.929950000    
545890.937631099 0.166686952     15.292777853    0.425648541     0.061036748     60.000000000    23.251640000    
545891.104301327 0.166670228     17.097312841    0.427404093     0.069098437     54.000000000    16.986334000    
