545801.537613869 0.166682005     17.312588613    0.278515346     0.027985159     70.000000000    23.628721000    
545801.704295874 0.166682005     16.153938261    0.289598929     0.017938114     70.000000000    31.569985000    
545801.870976925 0.166681051     16.110333034    0.298011303     0.028596172     68.000000000    24.493177000    
545802.070995331 0.200018406     17.381220284    0.367264091     0.015849394     71.000000000    25.170432000    
545802.271013021 0.200017691     16.539571132    0.379835590     0.036700236     75.000000000    22.588006000    
545802.437695026 0.166682005     17.175084391    0.324160844     0.019705029     80.000000000    23.785170000    
545802.604376554 0.166681528     17.021475687    0.333339533     0.040105630     77.000000000    26.296908000    
545802.771058559 0.166682005     17.562961337    0.340995274     0.037582782     74.000000000    31.868388000    
545802.937739849 0.166681290     17.857705385    0.349276044     0.043719537     74.000000000    26.055561000    
545803.076266580 0.138526731     15.592779221    0.302996272     0.006424309     31.000000000    20.595602000    
545803.264565098 0.188298518     16.098471195    0.415613878     0.113671329     50.000000000    23.393583000    
545803.401724743 0.137159645     15.719796188    0.308350201     0.022034137     45.000000000    30.822554000    
545803.523329139 0.121604395     16.453985380    0.276042170     0.040465390     58.000000000    30.771514000    
545803.658667331 0.135338192     15.868683371    0.313100436     0.008597460     67.000000000    27.053747000    
545803.828533320 0.169865989     18.703775685    0.387564341     0.005176471     62.000000000    21.113273000    
545803.957875386 0.129342066     15.801508282    0.300739500     0.009722668     59.000000000    20.772598000    
545804.113146806 0.155271420     18.153145589    0.358007413     0.008877962     34.000000000    21.973378000    
545804.293262734 0.180115928     18.218570724    0.425317931     0.019135323     53.000000000    25.279172000    
545804.422565057 0.129302323     16.134806900    0.298934687     0.056999953     62.000000000    18.278940000    
545804.550989916 0.128424858     17.760280384    0.299424741     0.028896837     67.000000000    20.449683000    
545804.693061443 0.142071528     17.560382008    0.320488655     0.039879175     72.000000000    26.668978000    
545804.819303522 0.126242079     15.755006992    0.297218745     0.045923207     61.000000000    20.703797000    
545804.989485334 0.170181812     16.873339800    0.391223534     0.038544456     39.000000000    20.617876000    
545805.124574154 0.135088820     15.845322586    0.298618306     0.062342229     38.000000000    25.357349000    
545805.256241895 0.131667741     16.056401822    0.274144413     0.045437131     38.000000000    19.332871000    
545805.388427570 0.132185675     15.686774586    0.293619034     0.052435202     39.000000000    17.960345000    
545805.519699637 0.131272067     16.515357204    0.281828905     0.036903610     49.000000000    19.379047000    
545805.659019715 0.139320078     15.388925061    0.296568718     0.044341998     49.000000000    19.354567000    
545805.792362894 0.133343179     16.185675015    0.283136984     0.050006762     52.000000000    21.279707000    
545805.927014768 0.134651875     15.344845224    0.282210740     0.041932613     49.000000000    19.770667000    
545806.058702623 0.131687855     16.188560269    0.266049121     0.030431188     59.000000000    19.014018000    
545806.221294010 0.162591386     18.610402191    0.338406679     0.042658620     45.000000000    19.996364000    
545806.391135322 0.169841312     17.051578239    0.359012958     0.038452117     55.000000000    18.550942000    
545806.523382960 0.132247638     16.294010809    0.278250885     0.028994905     72.000000000    21.135448000    
545806.692603398 0.169220438     17.262042999    0.350660934     0.034322547     48.000000000    21.245561000    
545806.858943534 0.166340136     17.344362138    0.327221198     0.051121805     65.000000000    20.073870000    
545807.024736712 0.165793178     18.391658753    0.319180705     0.065324337     60.000000000    20.359984000    
545807.188824956 0.164088244     18.171619842    0.332168564     0.017398679     32.000000000    27.894014000    
545807.369125696 0.180300741     19.393844051    0.382334234     0.009705602     38.000000000    20.494834000    
545807.530647979 0.161522283     18.282745326    0.341169373     0.030416329     37.000000000    17.774678000    
545807.691717332 0.161069354     15.167967319    0.329550972     0.020903774     41.000000000    18.259291000    
545807.819073833 0.127356500     18.574384482    0.217310663     0.043803993     17.000000000    18.977922000    
545807.952010356 0.132936523     16.303646737    0.204683489     0.068921268     50.000000000    21.741470000    
545808.087530538 0.135520182     16.976777597    0.215303345     0.026246347     47.000000000    22.114658000    
545808.220532634 0.133002096     15.149343993    0.196777342     0.041883077     48.000000000    23.806868000    
545808.386918246 0.166385612     17.261979571    0.256859370     0.055499885     26.000000000    24.565083000    
545808.556737821 0.169819575     17.688250791    0.257639712     0.084215980     30.000000000    19.807627000    
545808.727522217 0.170784396     17.895609628    0.272183858     0.054892549     41.000000000    23.337999000    
545808.893334539 0.165812322     18.635157211    0.262518816     0.094418061     23.000000000    22.456901000    
545809.070886555 0.177552016     15.988530940    0.256993115     0.084869230     30.000000000    23.152269000    
545809.232550979 0.161664425     16.719262000    0.236263656     0.080796325     36.000000000    34.354207000    
545809.402092076 0.169541097     15.846186972    0.262541403     0.090320728     39.000000000    25.895657000    
545809.532455147 0.130363071     16.363413426    0.207805617     0.020452639     45.000000000    34.063453000    
545809.702103511 0.169648363     15.398506587    0.253771326     0.069860731     34.000000000    24.637884000    
545809.864351662 0.162248151     16.802752223    0.246935428     0.053450354     42.000000000    22.367908000    
545810.000155402 0.135803740     15.021347571    0.204206990     0.069396434     50.000000000    29.623791000    
545810.163930980 0.163775578     17.648298272    0.246125352     0.049956044     37.000000000    25.005375000    
545810.339083598 0.175152618     15.596228146    0.280758137     0.073494352     47.000000000    29.706511000    
545810.468726071 0.129642473     15.463102843    0.207426371     0.017670453     57.000000000    23.349071000    
545810.637153410 0.168427339     16.054694710    0.272387215     0.047950095     47.000000000    24.474522000    
545810.800600851 0.163447442     16.551623092    0.268264285     0.036338946     54.000000000    23.535280000    
545810.968570866 0.167970015     17.337298313    0.267926979     0.057594722     39.000000000    22.432228000    
545811.111155891 0.142585025     17.406538055    0.210375259     0.052873804     33.000000000    22.567910000    
545811.276569747 0.165413856     16.983580417    0.244324909     0.035366041     42.000000000    22.858633000    
545811.442231583 0.165661836     17.174055987    0.271236858     0.042078958     46.000000000    23.297774000    
545811.613495388 0.171263805     17.212935105    0.275873796     0.059550989     47.000000000    19.420230000    
545811.738590611 0.125095224     16.173460041    0.200720994     0.065068229     39.000000000    18.981281000    
545811.873739811 0.135149200     15.211976513    0.216184881     0.033075857     29.000000000    27.324310000    
545812.042590134 0.168850323     19.143465792    0.263492460     0.062940920     30.000000000    20.837300000    
545812.176527969 0.133937835     17.507227503    0.204411172     0.068300152     33.000000000    19.963308000    
545812.347177033 0.170649064     15.761837779    0.292621171     0.048838199     37.000000000    20.843702000    
545812.509392577 0.162215543     18.649507632    0.272749190     0.131188379     27.000000000    20.614387000    
545812.674118908 0.164726331     17.047204440    0.279731711     0.058974683     18.000000000    24.706557000    
545812.808105090 0.133986182     17.040916193    0.224003534     0.055310575     17.000000000    19.960013000    
545812.941368619 0.133263529     15.095621418    0.225941637     0.006097915     18.000000000    23.375727000    
545813.076176837 0.134808219     15.510086095    0.226369697     0.043559021     22.000000000    31.222688000    
545813.208892237 0.132715400     15.422403972    0.225083140     0.065353489     23.000000000    21.397787000    
545813.341054996 0.132162759     15.459300836    0.230440866     0.011195947     27.000000000    23.081133000    
545813.508972685 0.167917689     18.936999271    0.296179533     0.075701383     21.000000000    20.582131000    
545813.675489077 0.166516392     17.795904044    0.290249883     0.056631100     26.000000000    27.664380000    
545813.807857123 0.132368046     15.419393932    0.223232589     0.003412277     24.000000000    20.485041000    
545813.974437368 0.166580244     17.502731958    0.285821250     0.061167555     28.000000000    26.783314000    
545814.105786211 0.131348843     15.020646541    0.224671445     0.023132035     26.000000000    24.437018000    
545814.272389800 0.166603589     15.812668918    0.286291967     0.053032611     27.000000000    20.100655000    
545814.439751197 0.167361397     16.724304503    0.285011092     0.020484923     52.000000000    20.263920000    
545814.641967511 0.202216314     18.087494643    0.357136441     0.071642345     58.000000000    18.997763000    
545814.844616879 0.202649367     15.401891792    0.356155950     0.027828597     36.000000000    21.362939000    
545815.007880177 0.163263298     15.416114865    0.284244129     0.043204598     45.000000000    18.708704000    
545815.174633879 0.166753702     15.612287414    0.287538840     0.044912541     44.000000000    18.962018000    
545815.340361403 0.165727525     15.740843105    0.285759978     0.024655668     59.000000000    19.229318000    
545815.508230948 0.167869545     15.840490611    0.284994531     0.049907151     69.000000000    23.375312000    
545815.676771047 0.168540099     15.410399113    0.302164606     0.044172067     50.000000000    19.445223000    
545815.879004972 0.202233925     17.098528766    0.344345718     0.039190075     26.000000000    19.067460000    
545816.042994016 0.163989044     15.787418713    0.271307673     0.047869240     31.000000000    23.518354000    
545816.209856382 0.166862366     16.268579606    0.274622557     0.049237438     39.000000000    22.131427000    
545816.377478263 0.167621881     15.339508223    0.287824736     0.033095580     31.000000000    21.627005000    
545816.545075012 0.167596749     16.971867537    0.288200103     0.038856249     34.000000000    19.250789000    
545816.711885636 0.166810624     17.303002539    0.292403591     0.038630917     34.000000000    21.245017000    
545816.846069252 0.134183616     15.436166511    0.232751773     0.022345440     55.000000000    20.899990000    
545817.014809869 0.168740617     17.153865737    0.299805344     0.051190056     48.000000000    21.701374000    
545817.182575597 0.167765728     16.286581799    0.293106604     0.033778875     49.000000000    23.566897000    
545817.348229305 0.165653708     15.760250573    0.301478226     0.039230230     57.000000000    22.218915000    
545817.483564740 0.135335435     15.877708139    0.246248762     0.017299518     50.000000000    19.494632000    
545817.648096094 0.164531353     17.233965639    0.302412974     0.017324704     48.000000000    20.441073000    
545817.813085471 0.164989377     15.838582177    0.304687482     0.004750282     51.000000000    20.441393000    
545817.983498464 0.170412993     17.926383467    0.310057467     0.020551609     44.000000000    19.467527000    
545818.152101468 0.168603004     17.495102335    0.322275329     0.015152539     31.000000000    18.171897000    
545818.318224716 0.166123248     15.786625615    0.325804765     0.027125685     49.000000000    17.830871000    
545818.515885664 0.197660948     17.910333018    0.381619413     0.033143291     41.000000000    24.986847000    
545818.614828077 0.098942413     19.587234037    0.188245840     0.015102209     30.000000000    21.339194000    
545818.747013289 0.132185212     15.526557622    0.238621683     0.006640608     21.000000000    21.370042000    
545818.851953818 0.104940529     15.511843662    0.199470500     0.007360338     36.000000000    23.296527000    
545818.984787187 0.132833369     19.944885305    0.250422558     0.018450641     52.000000000    20.882965000    
545819.115349196 0.130562009     15.496381128    0.233244735     0.006244166     52.000000000    21.430620000    
545819.280640747 0.165291551     15.361260799    0.300444820     0.018392717     46.000000000    20.414929000    
545819.449585356 0.168944610     15.191153129    0.302501979     0.035664000     45.000000000    23.857396000    
545819.616468678 0.166883322     17.409302322    0.298853286     0.005415692     48.000000000    20.542770000    
545819.781892652 0.165423974     16.892402469    0.300007227     0.015196309     47.000000000    19.101444000    
545819.951979293 0.170086641     18.363866036    0.318585064     0.006501847     52.000000000    19.095875000    
545820.117917000 0.165937707     16.930081819    0.307721567     0.000496399     42.000000000    24.710045000    
545820.252634441 0.134717441     16.753918547    0.244767296     0.000975488     47.000000000    19.426918000    
545820.386044082 0.133409641     17.123649581    0.255146099     0.000905708     50.000000000    18.879777000    
545820.519551904 0.133507821     16.263699711    0.254991819     0.001423652     46.000000000    20.950102000    
545820.653552940 0.134001036     16.991921346    0.257841660     0.022618000     42.000000000    22.376581000    
545820.790508003 0.136955063     16.205412448    0.257652719     0.009226833     39.000000000    22.643496000    
545820.923573071 0.133065068     16.205365045    0.258097557     0.014712581     37.000000000    19.825963000    
545821.057440602 0.133867531     16.477969250    0.260232806     0.005663791     38.000000000    20.203823000    
545821.193187613 0.135747011     15.581147180    0.263408817     0.003210354     29.000000000    22.227364000    
545821.323656640 0.130469027     15.171119597    0.260579765     0.015722106     34.000000000    27.800573000    
545821.454954625 0.131297985     15.528985882    0.264006000     0.002630599     22.000000000    24.782973000    
545821.586776346 0.131821721     16.267941855    0.259963349     0.003903416     21.000000000    19.128196000    
545821.720652827 0.133876480     16.459317488    0.270289748     0.002445346     21.000000000    18.888833000    
545821.886235390 0.165582564     18.504863893    0.338090295     0.026663481     25.000000000    21.734654000    
545822.020347924 0.134112534     15.858135422    0.268645693     0.009166452     24.000000000    19.095683000    
545822.154512122 0.134164197     15.749912635    0.264663457     0.001122522     49.000000000    18.557086000    
545822.320681473 0.166169352     16.590661365    0.341809351     0.009203376     43.000000000    19.327846000    
545822.455415293 0.134733819     16.638340570    0.267231926     0.001319279     41.000000000    19.109572000    
545822.620795721 0.165380428     15.998207681    0.335591980     0.007821549     42.000000000    28.934856000    
545822.789083875 0.168288154     16.529225928    0.343342681     0.001581223     41.000000000    26.002378000    
545822.955405879 0.166322004     16.256118430    0.329616726     0.024142360     42.000000000    22.149187000    
545823.089214824 0.133808945     15.587656275    0.276542603     0.015750934     43.000000000    21.994209000    
545823.221932375 0.132717551     15.260378970    0.273977232     0.000934947     43.000000000    20.551186000    
545823.356854958 0.134922583     15.248836013    0.281522836     0.026737766     56.000000000    23.421360000    
545823.524166110 0.167311151     16.539843470    0.349785066     0.008957223     68.000000000    19.273637000    
545823.724347724 0.200181614     17.623852054    0.419322546     0.018756503     75.000000000    20.059085000    
545823.890814437 0.166466713     16.444070752    0.350755082     0.020283738     73.000000000    21.230617000    
545824.057029597 0.166215160     17.148482728    0.354100530     0.024340739     71.000000000    19.880460000    
545824.224121876 0.167092279     16.033187819    0.361009670     0.026066335     66.000000000    21.319610000    
545824.390571412 0.166449536     16.347821612    0.367873555     0.032141230     62.000000000    20.656819000    
545824.523734689 0.133163277     15.128050901    0.298352526     0.031332009     68.000000000    21.618493000    
545824.690095176 0.166360487     18.489073093    0.375914858     0.033700966     63.000000000    19.855563000    
545824.855756359 0.165661183     16.279922291    0.375980230     0.050917082     54.000000000    22.032576000    
545824.989938088 0.134181729     18.262610719    0.315498009     0.057467785     58.000000000    21.095799000    
545825.089662528 0.099724440     17.479795039    0.226749155     0.029177235     48.000000000    20.775315000    
545825.191966676 0.102304148     19.129128626    0.233154287     0.002337464     46.000000000    24.422745000    
545825.358503415 0.166536739     17.927207177    0.382435001     0.019924983     53.000000000    20.147469000    
545825.523275815 0.164772400     17.261757040    0.380977163     0.013827114     57.000000000    20.721715000    
545825.689994439 0.166718624     16.221245330    0.387255387     0.018995939     55.000000000    23.532336000    
545825.855875497 0.165881058     17.784303100    0.389735252     0.023629049     60.000000000    20.880053000    
545826.022670954 0.166795457     18.775327221    0.392141383     0.006201394     61.000000000    19.306949000    
545826.189363830 0.166692876     17.014983802    0.384266836     0.036638161     58.000000000    20.196493000    
545826.355765547 0.166401717     18.022156444    0.390390880     0.084608816     58.000000000    17.995223000    
545826.486702604 0.130937057     15.142964412    0.316802995     0.011348034     65.000000000    20.064524000    
545826.653495127 0.166792523     17.795420769    0.399259514     0.053186814     60.000000000    21.753150000    
545826.820936366 0.167441239     17.266209463    0.392252797     0.025384978     68.000000000    19.886826000    
545826.988275658 0.167339293     17.424704712    0.378629712     0.015830911     75.000000000    17.694678000    
545827.154960304 0.166684646     16.056046847    0.381543213     0.025553308     71.000000000    25.155171000    
545827.321546298 0.166585993     16.740105904    0.381985705     0.053499125     64.000000000    33.003125000    
545827.488461611 0.166915313     16.354798342    0.382362502     0.032950288     60.000000000    25.832331000    
545827.655435353 0.166973742     16.443808145    0.380566745     0.036311775     71.000000000    19.507337000    
545827.822407775 0.166972422     18.514095153    0.379397500     0.043834379     69.000000000    39.977693000    
545827.989432120 0.167024345     17.724210692    0.378642691     0.023216435     76.000000000    19.518537000    
545828.156093354 0.166661234     16.210192086    0.374301127     0.047736179     62.000000000    23.752373000    
545828.322761793 0.166668440     17.796884124    0.368463408     0.032095593     63.000000000    19.218182000    
545828.489329722 0.166567929     16.621922016    0.372713473     0.025656807     67.000000000    21.961923000    
545828.622861724 0.133532002     15.291365994    0.298110629     0.026872734     63.000000000    21.544063000    
545828.756250804 0.133389080     16.020794518    0.289921152     0.009075643     62.000000000    19.978382000    
545828.889809747 0.133558943     15.451019501    0.298071086     0.020801055     56.000000000    19.546186000    
545829.023279949 0.133470202     15.181347432    0.299060038     0.032221517     71.000000000    21.527835000    
545829.156940480 0.133660531     16.908215519    0.300835984     0.022776912     73.000000000    20.828532000    
545829.290524953 0.133584472     15.471591113    0.298289158     0.024275293     65.000000000    21.420730000    
545829.423814830 0.133289878     18.303504477    0.296461519     0.020025121     61.000000000    20.155085000    
545829.557141936 0.133327106     20.168023088    0.294432962     0.006841944     58.000000000    18.343802000    
545829.690545159 0.133403223     19.500122416    0.295966999     0.007650566     58.000000000    18.860544000    
545829.824104475 0.133559316     18.755503520    0.298116863     0.003669964     52.000000000    22.312707000    
545829.924403210 0.100298735     16.761557332    0.225772273     0.005937003     58.000000000    22.831560000    
545830.091267228 0.166864018     15.983811305    0.377084555     0.040787840     57.000000000    21.624092000    
545830.224839850 0.133572622     17.134554260    0.293218737     0.018900984     68.000000000    21.900991000    
545830.391759061 0.166919211     17.489994043    0.379942019     0.040605428     57.000000000    24.135062000    
545830.558607776 0.166848715     16.492231652    0.382109094     0.009022627     51.000000000    27.033011000    
545830.725134786 0.166527010     18.329876338    0.384091765     0.013771264     47.000000000    22.169986000    
545830.858700309 0.133565523     15.666253401    0.310390690     0.018905827     52.000000000    26.295051000    
545830.992232413 0.133532104     16.457255287    0.312112564     0.025206298     50.000000000    26.156074000    
545831.158833988 0.166601575     17.010450557    0.379034987     0.019607695     55.000000000    21.076537000    
545831.291856549 0.133022561     15.332912956    0.307992734     0.028199151     55.000000000    25.398725000    
545831.458562816 0.166706267     16.958465832    0.386601989     0.015637602     64.000000000    19.907116000    
545831.625138088 0.166575272     17.264914765    0.371023224     0.015050190     67.000000000    20.146319000    
545831.758134979 0.132996890     15.014727672    0.308754204     0.016982239     78.000000000    21.299099000    
545831.924843254 0.166708275     18.667214030    0.385873184     0.018305904     69.000000000    20.658772000    
545832.058673468 0.133830214     16.099319500    0.308073575     0.020964720     81.000000000    19.677194000    
545832.225509776 0.166836308     18.390952931    0.383980945     0.003039036     73.000000000    22.864235000    
545832.391963026 0.166453250     17.619785987    0.374401603     0.027135416     66.000000000    19.596841000    
545832.525307756 0.133344729     15.434658748    0.300436575     0.006654839     66.000000000    25.293380000    
545832.658712694 0.133404938     15.900569723    0.300760243     0.012875942     66.000000000    20.301457000    
545832.825361124 0.166648430     17.756554443    0.368739957     0.004480404     64.000000000    25.392581000    
545832.991941783 0.166580660     16.716424933    0.380363936     0.021879722     53.000000000    21.827681000    
545833.158830846 0.166889063     17.823868898    0.382647945     0.039402095     56.000000000    24.067223000    
545833.325363969 0.166533123     18.666016518    0.371671100     0.016252208     60.000000000    23.318894000    
545833.492163059 0.166799090     16.915736101    0.364341634     0.023572326     65.000000000    19.365062000    
545833.625626898 0.133463839     15.256005872    0.297102454     0.002137911     68.000000000    20.853525000    
545833.792338201 0.166711303     18.549921984    0.363102569     0.031129288     66.000000000    20.764885000    
545833.958999638 0.166661437     17.288378936    0.370002976     0.002596825     64.000000000    21.420251000    
545834.125591780 0.166592142     16.956784121    0.367100016     0.026328546     60.000000000    25.184642000    
545834.292208520 0.166616741     16.427923494    0.362011962     0.004586429     64.000000000    21.005495000    
545834.459012994 0.166804473     18.861092005    0.361702137     0.005337399     68.000000000    20.747957000    
545834.592371300 0.133358306     15.802266489    0.288816383     0.030164467     71.000000000    19.700810000    
545834.759153687 0.166782387     18.251036600    0.355511382     0.027531452     60.000000000    25.957705000    
545834.925924042 0.166770355     17.738489503    0.364655940     0.030119712     58.000000000    22.964651000    
545835.092597037 0.166672995     16.573723741    0.364315637     0.011385204     57.000000000    20.562515000    
545835.259303917 0.166706881     17.662002043    0.363498795     0.042790239     59.000000000    21.734783000    
545835.425839379 0.166535462     16.512922341    0.356403832     0.025368348     64.000000000    21.228314000    
545835.592597376 0.166757997     17.307493068    0.354999349     0.056894073     65.000000000    18.136250000    
545835.759378745 0.166781369     16.209919788    0.353140220     0.062416837     65.000000000    21.188281000    
545835.926157017 0.166778271     16.586476389    0.353893543     0.071768598     67.000000000    21.440796000    
545836.092842356 0.166685339     18.216342736    0.352833298     0.059469555     70.000000000    19.446919000    
545836.259586192 0.166743836     15.341796640    0.353113109     0.072667829     60.000000000    18.530526000    
545836.426296081 0.166709889     15.576294362    0.354631501     0.066565732     57.000000000    18.624382000    
545836.592969337 0.166673256     17.405480212    0.355371686     0.078422054     60.000000000    17.805431000    
545836.759543125 0.166573788     17.609250235    0.355745301     0.085208916     63.000000000    20.662388000    
545836.892926849 0.133383724     15.248303491    0.284089526     0.055741773     70.000000000    22.068962000    
545837.059637136 0.166710287     16.250139386    0.354465172     0.079809265     71.000000000    20.349840000    
545837.226246951 0.166609815     17.348511835    0.354165548     0.063148246     64.000000000    29.771761000    
545837.392795746 0.166548795     17.923012890    0.348257788     0.059139275     64.000000000    27.466937000    
545837.559530937 0.166735192     18.404481024    0.348465165     0.058305136     70.000000000    23.637874000    
545837.726303368 0.166772430     17.059316354    0.348575322     0.079410946     64.000000000    20.301072000    
545837.893006585 0.166703217     16.940989436    0.348693629     0.058760117     60.000000000    23.861556000    
545838.059694560 0.166687975     16.011745943    0.347865459     0.076842520     55.000000000    17.656405000    
545838.226489741 0.166795181     16.908443345    0.348571286     0.065385449     61.000000000    19.928364000    
545838.393104860 0.166615119     18.471529122    0.344249093     0.075240293     65.000000000    18.190875000    
545838.559855653 0.166750793     16.562641242    0.344864856     0.052595809     63.000000000    21.928032000    
545838.726576224 0.166720570     17.705827960    0.344619224     0.027675123     65.000000000    22.048129000    
545838.893261450 0.166685227     16.227959612    0.343269955     0.018548371     63.000000000    20.202319000    
545839.059902898 0.166641448     17.910460641    0.345264030     0.006767111     66.000000000    19.442375000    
545839.193306293 0.133403395     15.210151142    0.276115822     0.007044565     71.000000000    18.638271000    
545839.360055677 0.166749384     17.162756210    0.344303939     0.015532523     69.000000000    19.378310000    
545839.526819682 0.166764005     16.083220357    0.337321953     0.005866063     66.000000000    22.721192000    
545839.693536576 0.166716894     16.445814543    0.338371263     0.023176415     68.000000000    25.941129000    
545839.860221783 0.166685207     15.349998528    0.341875614     0.013433285     72.000000000    24.961439000    
545840.026902057 0.166680275     15.115918400    0.341703339     0.014495037     64.000000000    19.423846000    
545840.193602627 0.166700570     16.057184052    0.340294306     0.019035790     61.000000000    20.069165000    
545840.360391984 0.166789357     16.802624029    0.337442764     0.007382021     69.000000000    19.170020000    
545840.527157390 0.166765406     15.997528990    0.338284376     0.027021279     65.000000000    19.132259000    
545840.693847198 0.166689808     16.305550787    0.339149230     0.002847398     71.000000000    25.561989000    
545840.860535629 0.166688431     16.353582748    0.338552605     0.006116441     69.000000000    22.306724000    
545841.027272417 0.166736787     16.536653269    0.338703262     0.001519608     78.000000000    25.016607000    
545841.193923444 0.166651028     15.966852837    0.338224940     0.015077688     73.000000000    19.509287000    
545841.360660581 0.166737137     15.984134703    0.335675924     0.006868797     72.000000000    22.323171000    
545841.527383286 0.166722705     16.216405446    0.336905747     0.008106318     74.000000000    18.852096000    
545841.694074697 0.166691412     16.603436830    0.331022523     0.019658194     74.000000000    21.682911000    
545841.860839600 0.166764903     15.881427825    0.330878863     0.022146742     76.000000000    18.088602000    
545842.027515709 0.166676109     17.810851866    0.338532150     0.004283938     61.000000000    18.329692000    
545842.194238716 0.166723007     18.091755722    0.338686509     0.003873066     62.000000000    18.149146000    
545842.360819930 0.166581214     17.950743685    0.326138544     0.012829352     60.000000000    19.421352000    
545842.527511687 0.166691757     15.440318145    0.331984111     0.011757486     63.000000000    22.520200000    
545842.660853750 0.133342064     15.046273971    0.275150940     0.005800006     76.000000000    20.142831000    
545842.827549941 0.166696190     17.762921959    0.332367134     0.001632855     65.000000000    19.222085000    
545842.994140672 0.166590731     18.245614689    0.344460799     0.005156776     64.000000000    24.153528000    
545843.160979405 0.166838733     18.421070538    0.345319619     0.001339411     65.000000000    27.429978000    
545843.294384358 0.133404954     15.486790548    0.277310479     0.012173508     72.000000000    22.063843000    
545843.427732308 0.133347949     15.334813176    0.278396675     0.004183609     71.000000000    24.019542000    
545843.561082244 0.133349937     15.227973735    0.280165661     0.012477724     64.000000000    22.924364000    
545843.694466811 0.133384567     15.009929432    0.281511338     0.012428616     64.000000000    19.883691000    
545843.827809067 0.133342256     16.126312076    0.284506163     0.013928406     67.000000000    19.044035000    
545843.961120507 0.133311440     17.092136169    0.285261934     0.008726295     74.000000000    23.277710000    
545844.127889710 0.166769203     15.978468418    0.360685909     0.014006248     69.000000000    21.160088000    
545844.261248195 0.133358485     15.036800792    0.289807658     0.003555627     60.000000000    24.835198000    
545844.394615393 0.133367198     15.312123107    0.289813460     0.010572407     62.000000000    31.460738000    
545844.561330411 0.166715018     18.057384577    0.364406417     0.004504371     65.000000000    24.544859000    
545844.728060507 0.166730096     16.624874796    0.366084472     0.003262564     64.000000000    22.183779000    
545844.861412279 0.133351772     15.614063190    0.296148395     0.001435561     66.000000000    21.398107000    
545845.028180428 0.166768149     16.790548670    0.360255640     0.010478707     58.000000000    20.389904000    
545845.194834796 0.166654368     17.683359758    0.376503877     0.010481295     59.000000000    24.014005000    
545845.328231947 0.133397151     15.021701493    0.304482498     0.030728759     66.000000000    17.967992000    
545845.461699913 0.133467966     15.476312149    0.307135029     0.004089899     65.000000000    20.946934000    
545845.595108410 0.133408497     17.987802314    0.300617843     0.002898758     69.000000000    20.316912000    
545845.761785300 0.166676890     17.333476699    0.387176243     0.007008016     58.000000000    20.225231000    
545845.895155767 0.133370467     17.136268445    0.312425739     0.011301328     75.000000000    22.848330000    
545846.028601598 0.133445831     15.987371889    0.312950524     0.027584295     68.000000000    18.593599000    
545846.162021693 0.133420095     15.593505093    0.307622090     0.007237937     66.000000000    21.062744000    
545846.328640317 0.166618624     17.615850784    0.392063081     0.017345238     61.000000000    22.297445000    
545846.462117513 0.133477196     17.346229155    0.314010826     0.001470903     66.000000000    23.090508000    
545846.628769078 0.166651565     18.999609909    0.394461057     0.007853459     60.000000000    20.300400000    
545846.762254038 0.133484960     16.813006963    0.307514643     0.004422104     60.000000000    23.727315000    
545846.929085227 0.166831189     18.336991154    0.401663105     0.025855563     65.000000000    23.709010000    
545847.095936536 0.166851309     16.017283598    0.404968617     0.005787077     65.000000000    20.259472000    
545847.262761542 0.166825006     17.473790628    0.392720528     0.009197379     64.000000000    20.129486000    
545847.429576525 0.166814983     15.781225755    0.407837512     0.005372642     61.000000000    22.300837000    
545847.596350001 0.166773476     17.622965747    0.411476467     0.012631611     69.000000000    17.329297000    
545847.729694808 0.133344807     15.053109753    0.330413604     0.004330826     69.000000000    24.532027000    
545847.896436014 0.166741206     16.072727823    0.414382282     0.011860046     70.000000000    19.036515000    
545848.029758854 0.133322840     15.891939263    0.331199661     0.009147170     70.000000000    23.665267000    
545848.163114041 0.133355187     16.473352744    0.316726283     0.015578756     66.000000000    20.788949000    
545848.329828265 0.166714224     17.381064764    0.413911202     0.011057126     66.000000000    22.737577000    
545848.463239707 0.133411442     15.862554712    0.332593581     0.010591576     67.000000000    17.854231000    
545848.596615756 0.133376049     15.154727502    0.318117268     0.014539156     64.000000000    19.546056000    
545848.729936549 0.133320793     16.340106562    0.334224857     0.022684276     66.000000000    19.274085000    
545848.896735487 0.166798938     18.404191976    0.419701267     0.039820255     62.000000000    27.882750000    
545849.063545424 0.166809937     16.136881994    0.421208499     0.008519702     63.000000000    28.330434000    
545849.196907987 0.133362563     16.409446785    0.337375200     0.012374578     72.000000000    20.106190000    
545849.330205090 0.133297103     15.437830300    0.336353371     0.014252420     60.000000000    20.153710000    
545849.463598815 0.133393725     16.364644303    0.337404698     0.006628518     66.000000000    20.723860000    
545849.596937006 0.133338192     15.977016868    0.337700461     0.007099832     69.000000000    19.188485000    
545849.763683391 0.166746384     18.600820474    0.421986438     0.021265318     59.000000000    20.982935000    
545849.930369738 0.166686348     15.581046427    0.410596688     0.010391661     58.000000000    18.471901000    
545850.097045799 0.166676061     17.269181174    0.425923801     0.001899369     71.000000000    19.252388000    
545850.263725447 0.166679648     18.060589598    0.429828564     0.005200357     76.000000000    29.501741000    
545850.430402049 0.166676602     16.238647313    0.429972005     0.015578360     77.000000000    23.096139000    
545850.597072805 0.166670756     18.068763282    0.401105918     0.006009990     76.000000000    21.448987000    
545850.763739573 0.166666768     17.609044693    0.434550151     0.030561179     69.000000000    25.449732000    
545850.930532639 0.166793067     16.689042293    0.420397609     0.011871211     77.000000000    21.182264000    
545851.063947472 0.133414833     15.687136906    0.353234173     0.028852812     72.000000000    19.527720000    
545851.197319397 0.133371925     15.168260479    0.353392827     0.012290852     74.000000000    22.750024000    
545851.330651146 0.133331749     15.183810717    0.353345250     0.027982336     71.000000000    19.477766000    
545851.497325179 0.166674032     18.777674414    0.443512533     0.025927621     62.000000000    19.612936000    
545851.664061203 0.166736024     15.160312122    0.445846863     0.015308410     66.000000000    22.379237000    
545851.830737365 0.166676161     18.139999252    0.446627138     0.006835673     77.000000000    25.836520000    
545851.964070875 0.133333510     15.804731016    0.359021252     0.014323259     85.000000000    18.995202000    
545852.097362678 0.133291803     15.231887856    0.350350842     0.013485821     79.000000000    26.529873000    
545852.264020757 0.166658078     16.878324625    0.451274749     0.011485450     73.000000000    20.558803000    
545852.430761481 0.166740724     16.784434617    0.452395306     0.001995038     74.000000000    20.408690000    
545852.597510871 0.166749390     16.454215441    0.450859808     0.015543146     75.000000000    18.369053000    
545852.730886229 0.133375358     15.162527715    0.359818863     0.008568511     67.000000000    19.390951000    
545852.864240421 0.133354192     15.144089551    0.360528812     0.005059311     77.000000000    22.689193000    
545852.997596584 0.133356163     16.898272322    0.358762166     0.011506623     71.000000000    17.525652000    
545853.131000480 0.133403897     17.352571865    0.358449566     0.005334956     66.000000000    20.052462000    
545853.264318860 0.133318379     17.614828384    0.358305285     0.011062935     69.000000000    23.688179000    
545853.397653234 0.133334374     16.708493147    0.357600012     0.012134152     66.000000000    22.310597000    
545853.531031963 0.133378730     17.767226733    0.359469711     0.002310092     60.000000000    22.273317000    
545853.631070808 0.100038845     15.363449465    0.270060489     0.003432938     64.000000000    20.497874000    
545853.764414541 0.133343732     15.799558685    0.360121611     0.018521797     60.000000000    21.884833000    
545853.897765961 0.133351420     15.281938155    0.347822717     0.002009428     67.000000000    21.090073000    
545854.064453499 0.166687537     15.569719677    0.447191037     0.005259107     65.000000000    21.991489000    
545854.197801573 0.133348075     16.003972424    0.358617015     0.010628373     65.000000000    18.284540000    
545854.331108394 0.133306821     16.014064303    0.357555128     0.032493766     78.000000000    19.563145000    
545854.464516258 0.133407864     16.097698512    0.356380014     0.000003682     75.000000000    23.216462000    
545854.597920243 0.133403984     16.173032232    0.357465981     0.003186635     68.000000000    23.986198000    
545854.731333789 0.133413546     15.229988130    0.357368093     0.007945317     68.000000000    19.586824000    
545854.898026658 0.166692869     16.749362651    0.450581473     0.015878568     69.000000000    20.379441000    
545855.031374685 0.133348027     16.156888058    0.363449606     0.019420264     78.000000000    26.495247000    
545855.164706293 0.133331609     16.478120658    0.363714394     0.011269965     74.000000000    18.469725000    
545855.298118426 0.133412132     17.467880307    0.360675061     0.002642750     67.000000000    23.831637000    
545855.431593816 0.133475390     16.344883328    0.360766312     0.005521319     66.000000000    25.171330000    
545855.564911922 0.133318106     17.174401559    0.360389841     0.009995312     68.000000000    18.032409000    
545855.698230750 0.133318828     15.442176452    0.362127903     0.003416386     75.000000000    26.458159000    
545855.831575246 0.133344497     15.634286024    0.363322138     0.009913693     77.000000000    20.071054000    
545855.964908178 0.133332931     15.659987798    0.361086051     0.013503078     72.000000000    22.107139000    
545856.098271522 0.133363345     15.276061216    0.361392785     0.003096554     75.000000000    27.004117000    
545856.231649788 0.133378266     16.500215333    0.350311744     0.064348726     83.000000000    23.720947000    
545856.365008494 0.133358706     15.941853242    0.363424662     0.059621466     78.000000000    29.723472000    
545856.531759240 0.166750746     18.831866321    0.441586290     0.069628653     76.000000000    22.093218000    
545856.665161013 0.133401773     15.235357390    0.368240677     0.050099975     75.000000000    25.503620000    
545856.798533371 0.133372358     16.319079254    0.363430994     0.044809405     72.000000000    23.380495000    
545856.965218948 0.166685577     17.467635383    0.466097650     0.045719598     72.000000000    31.281919000    
545857.098568534 0.133349586     15.204068681    0.373406414     0.042779125     61.000000000    19.194916000    
545857.231901773 0.133333239     17.561320408    0.371198969     0.057516675     80.000000000    19.351494000    
545857.365205747 0.133303974     17.266840210    0.369491495     0.035504868     82.000000000    19.908620000    
545857.498543844 0.133338097     17.906838499    0.369953168     0.039915395     80.000000000    20.739123000    
545857.631891990 0.133348146     16.528266284    0.371769753     0.044403394     87.000000000    19.798154000    
545857.798579855 0.166687865     15.581936068    0.465012894     0.042043935     79.000000000    19.627209000    
545857.965260636 0.166680781     17.547967088    0.466916479     0.065160921     75.000000000    20.199310000    
545858.098685567 0.133424931     16.490409444    0.374344633     0.044468064     86.000000000    22.292803000    
545858.232076971 0.133391404     15.525463518    0.375621067     0.034641524     75.000000000    21.035223000    
545858.365431726 0.133354754     16.214219794    0.373099562     0.040426348     76.000000000    25.991625000    
545858.532146762 0.166715037     18.210938526    0.466691569     0.050098173     78.000000000    25.195140000    
545858.665519920 0.133373158     16.755251595    0.359871244     0.050408425     77.000000000    20.988280000    
545858.798853718 0.133333797     15.850846811    0.373985480     0.060676745     77.000000000    21.034841000    
545858.932247514 0.133393796     16.301668766    0.374513887     0.044766454     78.000000000    23.794102000    
545859.065633524 0.133386010     15.878482192    0.376114352     0.052529646     84.000000000    18.503742000    
545859.199011480 0.133377957     15.823523605    0.377424943     0.045194575     79.000000000    27.101815000    
545859.332331109 0.133319629     17.068049040    0.374910860     0.028985944     71.000000000    21.255003000    
545859.499027653 0.166696543     16.864223398    0.470876861     0.083197128     65.000000000    18.622400000    
545859.632365012 0.133337359     15.502166009    0.377140320     0.066524688     74.000000000    17.619926000    
545859.765706255 0.133341243     17.953862255    0.380748686     0.072345903     75.000000000    20.378003000    
545859.899069701 0.133363446     17.084982198    0.381021272     0.078065674     69.000000000    23.275376000    
545860.032475066 0.133405365     16.474036543    0.381698151     0.074497180     67.000000000    19.633962000    
545860.165825831 0.133350766     16.157494586    0.382763653     0.094541805     67.000000000    19.336168000    
545860.299159118 0.133333286     16.901375838    0.379473088     0.115502779     71.000000000    19.293991000    
545860.432540859 0.133381741     17.453523233    0.380729680     0.123749965     86.000000000    21.751008000    
545860.599253617 0.166712759     18.024958673    0.474440552     0.121443549     82.000000000    28.412994000    
545860.766014887 0.166761269     16.554840971    0.471823122     0.170570900     83.000000000    18.100248000    
545860.899394624 0.133379737     15.785381871    0.378137897     0.110191902     74.000000000    22.642118000    
545861.032715754 0.133321131     16.243263446    0.377916308     0.146489356     73.000000000    28.792997000    
545861.166060577 0.133344823     16.539653578    0.361083224     0.148656123     70.000000000    18.456668000    
545861.265932533 0.099871956     15.201020817    0.272312455     0.082247210     65.000000000    25.861287000    
545861.399224176 0.133291643     17.622983164    0.379344074     0.134152537     58.000000000    18.858272000    
545861.532711358 0.133487182     17.785216413    0.379501390     0.125388650     75.000000000    21.309625000    
545861.666129644 0.133418286     15.430482493    0.381443543     0.116137689     65.000000000    21.492955000    
545861.799481056 0.133351412     17.435193726    0.371726343     0.138431594     79.000000000    22.963754000    
545861.932802699 0.133321643     15.115494776    0.373046207     0.118744586     77.000000000    19.506823000    
545862.066186368 0.133383669     15.540870098    0.374170054     0.121119782     85.000000000    25.132480000    
545862.199575001 0.133388633     16.396363199    0.375246125     0.131051004     88.000000000    21.124855000    
545862.332869776 0.133294774     17.318833159    0.366869796     0.128164091     78.000000000    21.331225000    
545862.466228294 0.133358518     15.642136448    0.366716212     0.114826339     89.000000000    20.466033000    
545862.599644500 0.133416207     17.797175169    0.366377174     0.116528857     82.000000000    20.960631000    
545862.733065563 0.133421062     16.876124768    0.364379743     0.134460458     67.000000000    18.619551000    
545862.866513944 0.133448381     15.795184819    0.365971848     0.131512975     65.000000000    25.212483000    
545862.999922737 0.133408794     17.345696480    0.363550845     0.100428215     78.000000000    18.213851000    
545863.133322375 0.133399638     15.943616015    0.359601991     0.103624529     75.000000000    19.298247000    
545863.266784430 0.133462055     17.118005501    0.362092511     0.108148311     70.000000000    18.615071000    
545863.400171448 0.133387018     16.892654225    0.361790988     0.107274071     76.000000000    18.784193000    
545863.533547738 0.133376290     15.813446457    0.350535564     0.102566537     76.000000000    20.807030000    
545863.666886757 0.133339019     16.989800782    0.363208356     0.107095713     78.000000000    20.850519000    
545863.800219130 0.133332374     15.695466482    0.311842980     0.117801412     67.000000000    24.772318000    
545863.933480965 0.133261834     15.859350390    0.367272595     0.107608021     70.000000000    21.136953000    
545864.066948280 0.133467315     17.864933131    0.356311990     0.085499109     65.000000000    22.085123000    
545864.200322228 0.133373948     15.544443778    0.371004870     0.105207238     59.000000000    20.617332000    
545864.333607130 0.133284902     15.806180311    0.368319727     0.119395123     60.000000000    42.420852000    
545864.466926081 0.133318951     17.762211985    0.372022102     0.125291188     73.000000000    24.555197000    
545864.600382240 0.133456159     16.877495210    0.376075739     0.083258747     76.000000000    28.214434000    
545864.733771796 0.133389557     18.667121915    0.375050540     0.118394558     74.000000000    23.695539000    
545864.867067463 0.133295666     17.607792061    0.374239397     0.103658306     65.000000000    28.354146000    
545865.000451273 0.133383810     18.836081786    0.376227866     0.090309007     75.000000000    19.455271000    
545865.133824201 0.133372928     19.549078899    0.377472592     0.131209121     70.000000000    20.502738000    
545865.267135731 0.133311530     17.966528617    0.375056246     0.093964326     57.000000000    23.593841000    
545865.400460641 0.133324910     18.444587404    0.377140976     0.087853120     64.000000000    29.769040000    
545865.533827197 0.133366556     19.895107163    0.379089296     0.124123328     69.000000000    18.572222000    
545865.667193502 0.133366305     17.689210418    0.381197494     0.075757373     71.000000000    19.544808000    
545865.800534593 0.133341090     16.671835117    0.383205312     0.125049197     62.000000000    18.821280000    
545865.933923650 0.133389058     17.270599708    0.384072716     0.115560008     70.000000000    19.581832000    
545866.067286150 0.133362500     16.570438773    0.385314476     0.121342802     74.000000000    24.393306000    
545866.200652365 0.133366214     17.663775020    0.368455662     0.112532296     66.000000000    26.373582000    
545866.333953426 0.133301061     18.452423353    0.381474896     0.130768202     65.000000000    22.277604000    
545866.467300395 0.133346969     19.186356969    0.356805278     0.144130434     67.000000000    21.797407000    
545866.600693442 0.133393047     18.743701156    0.386905172     0.120699372     63.000000000    18.960321000    
545866.734077588 0.133384147     16.395704770    0.390491506     0.132322314     60.000000000    23.440751000    
545866.867494390 0.133416801     18.528110157    0.394761392     0.145720000     69.000000000    26.259404000    
545867.000886204 0.133391815     16.658521337    0.395404530     0.111906593     66.000000000    22.516582000    
545867.134244001 0.133357797     17.404565606    0.376144878     0.120739914     62.000000000    21.846207000    
545867.267462757 0.133218755     17.252692948    0.392313084     0.114381793     72.000000000    19.013186000    
545867.400817906 0.133355149     18.235540034    0.392485494     0.114106814     66.000000000    24.268632000    
545867.534237648 0.133419742     15.166227284    0.391090006     0.135277493     62.000000000    19.093187000    
545867.667579847 0.133342199     18.374168948    0.388800593     0.121444344     68.000000000    24.479450000    
545867.767589845 0.100009998     15.568835523    0.291151544     0.092336085     70.000000000    20.213838000    
545867.867576021 0.099986176     15.332584467    0.290524567     0.094589590     74.000000000    21.901568000    
545867.967606438 0.100030417     16.249152472    0.289876832     0.091234430     80.000000000    19.222309000    
545868.067616575 0.100010137     15.177869779    0.289859752     0.098380612     71.000000000    25.551461000    
545868.167677992 0.100061417     15.110736550    0.292168791     0.101609897     69.000000000    27.974302000    
545868.301036456 0.133358464     18.372096688    0.386323504     0.125530178     66.000000000    19.148963000    
545868.401121996 0.100085540     16.959932893    0.293638065     0.100433691     62.000000000    26.622512000    
545868.534486746 0.133364750     18.478594549    0.395024244     0.116626931     58.000000000    21.303546000    
545868.667849318 0.133362572     19.034732599    0.395402342     0.069259151     52.000000000    23.168845000    
545868.801252406 0.133403088     20.138481956    0.395988790     0.099336330     61.000000000    20.667411000    
545868.934601259 0.133348853     16.414933457    0.394602921     0.076623812     57.000000000    20.038478000    
545869.067993644 0.133392384     18.222102896    0.382603362     0.093535904     61.000000000    21.741535000    
545869.201341659 0.133348015     17.977411439    0.381699782     0.090666455     56.000000000    18.364061000    
545869.301305810 0.099964151     16.172655603    0.290973759     0.096900994     59.000000000    18.388925000    
545869.434665889 0.133360079     19.717020069    0.386366296     0.114543643     65.000000000    26.251597000    
545869.534684013 0.100018124     15.802022650    0.289387170     0.054476308     65.000000000    19.407079000    
545869.668031113 0.133347099     18.505742421    0.389431122     0.111905835     64.000000000    19.777131000    
545869.801411911 0.133380799     17.631405485    0.388802943     0.096901664     58.000000000    23.741427000    
545869.934766824 0.133354913     17.836834899    0.390916447     0.096140336     56.000000000    29.843122000    
545870.068106362 0.133339538     18.205773683    0.392610308     0.095436672     61.000000000    25.031681000    
545870.201463860 0.133357498     17.018611948    0.392943312     0.090003728     59.000000000    28.738087000    
545870.334791184 0.133327324     16.999998307    0.384650726     0.064886346     55.000000000    32.458316000    
545870.434835523 0.100044339     16.377412498    0.289488458     0.067517674     59.000000000    25.522181000    
545870.568171484 0.133335960     18.715585227    0.385629316     0.094507030     55.000000000    20.063918000    
545870.668189282 0.100017799     15.613120441    0.289320985     0.058574202     57.000000000    19.171077000    
545870.768219237 0.100029955     15.568640355    0.289230216     0.057097094     56.000000000    31.558052000    
545870.868240580 0.100021343     15.126175832    0.279146610     0.060318716     63.000000000    21.735487000    
545870.968242688 0.100002108     15.442538332    0.279810299     0.041146281     59.000000000    23.660210000    
545871.101610109 0.133367421     19.275985597    0.385965899     0.039488056     49.000000000    22.611431000    
545871.201635724 0.100025615     15.734366947    0.291351557     0.037394342     42.000000000    27.395000000    
545871.301636994 0.100001270     16.656166623    0.287188574     0.038128863     52.000000000    21.003767000    
545871.401656563 0.100019569     15.995383439    0.287281102     0.050886692     56.000000000    27.158326000    
545871.501697590 0.100041027     17.017757549    0.287965724     0.059491184     55.000000000    21.396763000    
545871.601724880 0.100027291     18.862070588    0.288222621     0.051819649     55.000000000    20.776821000    
545871.701728676 0.100003795     16.096840665    0.288190169     0.040434604     45.000000000    30.317462000    
545871.801727581 0.099998905     16.869232029    0.288779557     0.054859329     46.000000000    21.117624000    
545871.901747323 0.100019742     16.996499552    0.289253106     0.062110166     49.000000000    35.557933000    
545872.035097006 0.133349683     18.424173013    0.386508067     0.067935344     47.000000000    27.351480000    
545872.168440117 0.133343111     18.170364601    0.387512048     0.098565577     40.000000000    22.833610000    
545872.301793430 0.133353314     17.630102681    0.382883416     0.082990804     52.000000000    25.888426000    
545872.435150406 0.133356976     16.272070996    0.383561026     0.076324842     54.000000000    22.913611000    
545872.568505199 0.133354792     16.169950825    0.383865638     0.091370312     47.000000000    18.633631000    
545872.701857912 0.133352714     16.730986554    0.374723764     0.068747082     57.000000000    28.247713000    
545872.835214559 0.133356646     17.140242326    0.386580644     0.096243488     53.000000000    21.381883000    
545872.968580770 0.133366211     16.902352598    0.388250352     0.091236391     54.000000000    20.897046000    
545873.135273504 0.166692734     18.667036734    0.486303757     0.118323896     55.000000000    22.235876000    
545873.301933243 0.166659739     18.658183404    0.478009329     0.113350478     54.000000000    26.239149000    
545873.435289952 0.133356709     15.381016089    0.382542216     0.102706509     61.000000000    26.384686000    
545873.601993766 0.166703814     18.337257296    0.479639884     0.129499277     53.000000000    21.651038000    
545873.768671205 0.166677439     17.911080888    0.481528461     0.126716516     49.000000000    28.474052000    
545873.902027866 0.133356660     16.483172884    0.386019441     0.126209222     59.000000000    27.572411000    
545874.035375166 0.133347300     15.995588664    0.387009966     0.093120393     63.000000000    19.699338000    
545874.168742875 0.133367709     18.326990162    0.375218207     0.118993464     55.000000000    23.871348000    
545874.302064612 0.133321737     15.093196963    0.381077693     0.112000940     63.000000000    22.268644000    
545874.435423424 0.133358812     18.546554737    0.380912631     0.098798010     62.000000000    20.687700000    
545874.568788250 0.133364826     15.463426309    0.379323364     0.123909206     57.000000000    19.870508000    
545874.702139714 0.133351464     15.446203948    0.380916594     0.115316911     57.000000000    25.434436000    
545874.835497205 0.133357491     16.316056370    0.380718385     0.100174337     55.000000000    20.616212000    
545874.968834819 0.133337614     15.078027534    0.363222463     0.128261951     61.000000000    24.403866000    
545875.135510492 0.166675674     17.458831176    0.481459839     0.145738585     57.000000000    19.857451000    
545875.302200021 0.166689529     16.464801502    0.476896763     0.157025724     55.000000000    26.389358000    
545875.435566268 0.133366247     15.086027010    0.382673558     0.127212955     53.000000000    31.761477000    
545875.602258128 0.166691860     17.432889215    0.476923693     0.164393546     59.000000000    20.027374000    
545875.735631389 0.133373261     17.422904128    0.380928096     0.131664271     54.000000000    31.203391000    
545875.868982004 0.133350614     15.755574456    0.380728074     0.127358333     58.000000000    20.338352000    
545876.002321144 0.133339140     16.632756247    0.382777655     0.153531678     63.000000000    20.919191000    
545876.135673806 0.133352662     17.210738119    0.384316589     0.142641681     68.000000000    20.083502000    
545876.269012515 0.133338709     15.991919878    0.371659179     0.119974645     65.000000000    25.387108000    
545876.402350314 0.133337799     15.471349327    0.379433905     0.154904802     64.000000000    20.674132000    
545876.535697356 0.133347042     15.565587175    0.366184533     0.142265230     65.000000000    19.265670000    
545876.669017812 0.133320456     15.738853776    0.380826832     0.148747532     61.000000000    19.483208000    
545876.835693349 0.166675537     17.815556336    0.476008728     0.187605933     59.000000000    20.303984000    
545877.002358999 0.166665650     17.971175861    0.453016989     0.223924623     49.000000000    33.118868000    
545877.169033813 0.166674813     16.781826855    0.474541830     0.202929354     53.000000000    20.454738000    
545877.369091132 0.200057319     20.722747409    0.561573294     0.212499549     42.000000000    20.884086000    
545877.569110620 0.200019488     17.415640377    0.574168950     0.239342150     50.000000000    23.639986000    
545877.702459714 0.133349095     15.574328279    0.382103158     0.148177978     57.000000000    37.590433000    
545877.835822762 0.133363047     15.362557105    0.382527249     0.149039492     50.000000000    21.540636000    
545877.969170651 0.133347890     17.819340334    0.384680019     0.133261464     56.000000000    22.309605000    
545878.102516448 0.133345797     15.531108158    0.373855649     0.133921544     59.000000000    18.982658000    
545878.235863241 0.133346793     16.052624713    0.383905877     0.143410421     66.000000000    20.122862000    
545878.369201106 0.133337866     15.096560129    0.380874837     0.132716659     68.000000000    29.298284000    
545878.502565959 0.133364852     15.581478532    0.379623422     0.134833423     67.000000000    21.173529000    
545878.669259179 0.166693220     17.262381718    0.475600278     0.164277921     61.000000000    20.790933000    
545878.835932521 0.166673342     17.162306601    0.474242594     0.141296573     62.000000000    25.964874000    
545879.002613535 0.166681014     17.942156879    0.472701295     0.164971460     58.000000000    21.305690000    
545879.169306890 0.166693355     17.058922359    0.472337958     0.165689606     57.000000000    23.816532000    
545879.335977865 0.166670975     19.453965847    0.461228910     0.150806318     60.000000000    19.553032000    
545879.502641348 0.166663484     18.012128522    0.450861106     0.156040672     65.000000000    18.322908000    
545879.635990579 0.133349231     15.352944417    0.375482337     0.112083656     61.000000000    27.567738000    
545879.802682906 0.166692327     18.554237839    0.468725482     0.119620492     61.000000000    21.733982000    
545879.936039713 0.133356806     15.759293898    0.374443933     0.117245775     71.000000000    25.010144000    
545880.102742850 0.166703137     17.757294458    0.467827311     0.136869826     69.000000000    20.558771000    
545880.236089034 0.133346184     15.514422750    0.374184096     0.110015626     77.000000000    24.664989000    
545880.402774933 0.166685899     18.046310214    0.465405794     0.111755011     67.000000000    30.970622000    
545880.569469334 0.166694401     18.604517427    0.465501951     0.108858785     71.000000000    23.655155000    
545880.702821817 0.133352483     15.759163978    0.371110585     0.093779928     65.000000000    24.947679000    
545880.869509181 0.166687364     16.804632108    0.452410883     0.095308941     65.000000000    22.083202000    
545881.002849055 0.133339874     15.701535663    0.372542585     0.067633393     73.000000000    19.424007000    
545881.169529487 0.166680432     16.791588399    0.464931790     0.078322004     66.000000000    19.258406000    
545881.336205318 0.166675830     15.743256055    0.463855215     0.082226271     62.000000000    23.488081000    
545881.469557241 0.133351923     16.320042888    0.372206771     0.084079671     63.000000000    22.239524000    
545881.602908687 0.133351446     15.400785859    0.362163193     0.086279463     63.000000000    20.503186000    
545881.736251099 0.133342412     15.940445114    0.354546876     0.083984105     71.000000000    19.913772000    
545881.869614067 0.133362968     15.487364030    0.367278495     0.100038414     70.000000000    25.528741000    
545882.036320408 0.166706341     15.517723008    0.457624213     0.147375135     64.000000000    25.624134000    
545882.203035801 0.166715393     16.762444649    0.457481300     0.123080184     66.000000000    23.491345000    
545882.369738711 0.166702910     18.504930319    0.456748676     0.131038105     62.000000000    38.418281000    
545882.503095318 0.133356607     15.575730916    0.365517544     0.077391035     66.000000000    24.891999000    
545882.636449808 0.133354490     16.091181731    0.366213286     0.118211814     62.000000000    18.884257000    
545882.769793082 0.133343274     16.293769373    0.354922540     0.065655639     49.000000000    26.218733000    
545882.903139504 0.133346422     18.709956407    0.368177775     0.092723131     60.000000000    26.516976000    
545883.003156410 0.100016906     15.813071653    0.276704686     0.082939855     63.000000000    25.043776000    
545883.136523570 0.133367160     17.176054490    0.366997838     0.081610820     57.000000000    28.084384000    
545883.303233778 0.166710208     16.884357703    0.457869757     0.106131590     60.000000000    21.185497000    
545883.436593906 0.133360128     16.332379141    0.365180297     0.087076210     58.000000000    19.588361000    
545883.569955878 0.133361972     15.513127612    0.366049111     0.077700892     66.000000000    20.987095000    
545883.703318013 0.133362136     15.732867111    0.367100818     0.082887196     72.000000000    23.202221000    
545883.836674106 0.133356092     16.867902776    0.366066856     0.081007856     64.000000000    21.344058000    
545883.970018364 0.133344259     18.526822876    0.365894995     0.093015649     74.000000000    23.135309000    
545884.103380464 0.133362099     18.507307555    0.365860613     0.079094236     68.000000000    20.054189000    
545884.236722561 0.133342097     18.336059134    0.366358257     0.062967708     69.000000000    20.675572000    
545884.370080003 0.133357443     17.693415942    0.366465403     0.068016265     75.000000000    24.038646000    
545884.503466670 0.133386666     16.657744849    0.364354513     0.079590512     66.000000000    21.574685000    
545884.636848503 0.133381834     18.893056881    0.359750608     0.081617394     64.000000000    19.723242000    
545884.770193745 0.133345242     17.928005395    0.361207455     0.061072310     56.000000000    21.340283000    
545884.903522312 0.133328567     18.963550101    0.360219638     0.080604230     57.000000000    20.639795000    
545885.036880436 0.133358124     17.271229238    0.347198095     0.091064624     52.000000000    20.722740000    
545885.136897659 0.100017223     15.230226825    0.269154186     0.049076909     64.000000000    23.397328000    
545885.270265047 0.133367388     18.215818598    0.360511700     0.074184661     55.000000000    23.493841000    
545885.370294883 0.100029836     16.203341558    0.270409611     0.081975828     49.000000000    23.279919000    
545885.470319691 0.100024808     15.559466217    0.272162370     0.063101085     57.000000000    19.054468000    
545885.570361154 0.100041463     16.681575999    0.271535565     0.039002777     55.000000000    23.694323000    
545885.670397692 0.100036538     16.720489091    0.269630629     0.043401021     60.000000000    20.134543000    
545885.770402512 0.100004820     17.563973195    0.268632393     0.073493608     54.000000000    22.976171000    
545885.870421089 0.100018577     17.395508830    0.270237937     0.075245450     56.000000000    20.936438000    
545885.970420968 0.099999878     15.753956380    0.270589632     0.074087611     50.000000000    20.176559000    
545886.070439248 0.100018280     16.419822215    0.270196744     0.057393011     52.000000000    28.054879000    
545886.170459895 0.100020647     15.601576412    0.270674317     0.056103049     46.000000000    19.981901000    
545886.270476938 0.100017043     15.305084336    0.271354146     0.064971937     56.000000000    20.516594000    
545886.403827559 0.133350621     18.507086812    0.360393525     0.089354389     51.000000000    20.810421000    
545886.537184482 0.133356923     20.091082059    0.360529364     0.095499036     53.000000000    31.351041000    
545886.670531498 0.133347016     15.764867696    0.363956768     0.074183674     55.000000000    19.657321000    
545886.803871149 0.133339651     16.299541594    0.360534875     0.087477309     46.000000000    30.306455000    
545886.970564323 0.166693174     17.305515646    0.448876514     0.113603861     48.000000000    18.933922000    
545887.103911379 0.133347056     16.999536387    0.335666546     0.143827910     49.000000000    21.526812000    
545887.270570798 0.166659418     17.160619027    0.443012028     0.118641249     44.000000000    20.623955000    
545887.403926666 0.133355869     15.208583631    0.356812990     0.108057738     42.000000000    31.078463000    
545887.537288798 0.133362132     17.573051621    0.360450269     0.070692802     30.000000000    21.702686000    
545887.703983381 0.166694582     15.782488211    0.441444365     0.144323181     20.000000000    19.327558000    
545887.904020032 0.200036651     17.597107780    0.568889811     0.141408399     19.000000000    19.940619000    
545888.037378874 0.133358842     17.478529592    0.380155374     0.122331231     16.000000000    28.244288000    
545888.170710433 0.133331559     21.429614349    0.378109400     0.100972838     11.000000000    19.486567000    
545888.304057540 0.133347107     18.311642132    0.373104530     0.098998572     11.000000000    27.877565000    
545888.470740379 0.166682838     17.658214331    0.449517196     0.149545008     5.000000000     25.364739000    
545888.570771452 0.100031073     15.035097253    0.285984768     0.076577312     4.000000000     24.228024000    
545888.670784477 0.100013025     17.712340848    0.285356800     0.070319862     5.000000000     23.042667000    
545888.804130375 0.133345898     19.947850378    0.373265889     0.137186850     3.000000000     23.386959000    
545888.904139147 0.100008772     16.287300708    0.287915031     0.093770566     1.000000000     22.607143000    
545889.004147788 0.100008641     16.738818349    0.289206421     0.055013475     2.000000000     23.325903000    
545889.137493659 0.133345872     19.898253473    0.387381209     0.071968899     2.000000000     20.122093000    
545889.304172837 0.166679178     17.698284953    0.475816471     0.111075355     1.000000000     19.516039000    
545889.870910456 0.166689883     16.573419594    0.483838300     0.007806032     1.000000000     22.138114000    
545890.337637549 0.133350657     15.122897336    0.377867070     0.026050325     2.000000000     22.965101000    
545890.437651581 0.100014033     15.022945247    0.282914435     0.011457025     3.000000000     21.516413000    
545890.571002500 0.133350919     17.674881611    0.376410974     0.004408465     2.000000000     22.384679000    
545890.704346754 0.133344253     16.333237103    0.373698069     0.024200843     4.000000000     20.521523000    
545890.837694127 0.133347373     15.379807020    0.371661565     0.004241468     4.000000000     21.970466000    
545890.971038609 0.133344482     16.265058479    0.369615055     0.058323949     3.000000000     26.450448000    
545891.104382598 0.133343990     18.593451995    0.374563765     0.079239274     3.000000000     29.133899000    
545891.271062603 0.166680005     17.888770742    0.465258965     0.041427500     4.000000000     28.386180000    
545891.404405257 0.133342654     16.084362445    0.366690346     0.015458066     5.000000000     28.797417000    
545891.537749004 0.133343748     16.451184421    0.366299348     0.035170473     3.000000000     23.333392000    
545891.704431068 0.166682064     17.814919680    0.457587232     0.010385332     3.000000000     21.559390000    
545891.871112319 0.166681251     18.757905925    0.461181376     0.017498993     4.000000000     21.001816000    
545892.037797120 0.166684801     18.523106537    0.465804292     0.020935573     4.000000000     20.729172000    
545892.171142542 0.133345422     16.110589588    0.376970185     0.026722658     4.000000000     21.512124000    
545892.304485611 0.133343069     16.410641912    0.378075506     0.002099877     3.000000000     22.637800000    
545892.437830093 0.133344482     17.690112273    0.380010613     0.010441339     4.000000000     23.086573000    
545892.571174521 0.133344428     16.807855678    0.382416226     0.014025775     8.000000000     21.048151000    
545892.704530099 0.133355577     16.910892105    0.378949214     0.009780768     7.000000000     31.608323000    
545892.837883378 0.133353280     18.851561963    0.383329235     0.002173674     5.000000000     19.876267000    
545892.937890119 0.100006740     15.049617749    0.294487894     0.005530097     2.000000000     20.525106000    
545893.037905129 0.100015011     16.344066942    0.295006929     0.013216672     4.000000000     20.848438000    
545893.171257827 0.133352697     16.763438575    0.395358161     0.004636201     8.000000000     22.346213000    
545893.304602844 0.133345017     19.170960798    0.394715441     0.015741700     11.000000000    19.812395000    
545893.404619069 0.100016225     15.199720092    0.299295946     0.009607524     11.000000000    25.497605000    
545893.537973798 0.133354729     17.742143351    0.402936119     0.001952975     13.000000000    30.608602000    
545893.671322671 0.133348873     17.109866113    0.408229979     0.007763884     10.000000000    30.723803000    
545893.804660568 0.133337897     19.476974723    0.410014321     0.001376657     5.000000000     24.739581000    
545893.904669104 0.100008536     15.017450868    0.309616135     0.002979826     12.000000000    32.395884000    
545894.004689865 0.100020761     16.240612057    0.311616784     0.006869784     13.000000000    21.517756000    
545894.104701526 0.100011661     15.855731105    0.301991405     0.012260949     12.000000000    24.496891000    
545894.238049512 0.133347985     17.489234288    0.384754532     0.008554454     15.000000000    24.404858000    
545894.371389921 0.133340409     19.517251486    0.424049680     0.003669079     14.000000000    25.249250000    
545894.504736581 0.133346659     16.035935119    0.406419924     0.004275119     12.000000000    21.610238000    
545894.638080213 0.133343633     19.622523187    0.438326767     0.004443394     6.000000000     22.208804000    
545894.771425776 0.133345562     16.975578395    0.440576909     0.002453648     6.000000000     24.602236000    
545894.904771286 0.133345510     16.639233148    0.441828317     0.015726094     6.000000000     22.032386000    
545895.038117110 0.133345824     18.635231445    0.443836746     0.004925404     4.000000000     21.024376000    
545895.171460750 0.133343640     17.225278620    0.430137495     0.020947566     5.000000000     23.796692000    
545895.304801533 0.133340784     18.585109857    0.457843768     0.028990381     3.000000000     23.494064000    
545895.438146938 0.133345404     19.352896106    0.474433946     0.018124816     2.000000000     20.866710000    
545895.571500020 0.133353082     18.832883792    0.484622571     0.013860091     2.000000000     24.747774000    
545895.671526500 0.100026481     15.982453858    0.362492559     0.002888779     4.000000000     20.905558000    
545895.771554307 0.100027807     15.929813453    0.362661243     0.002305763     4.000000000     35.165736000    
545895.904926756 0.133372449     18.609594512    0.483338216     0.036104977     2.000000000     25.031681000    
545896.038295499 0.133368743     17.176421835    0.481528305     0.026998592     2.000000000     25.611975000    
545896.138323726 0.100028227     15.733800542    0.361146942     0.007658726     1.000000000     25.370404000    
545896.505092222 0.100028650     16.273954312    0.367015979     0.029000167     4.000000000     26.170604000    
545896.605109623 0.100017401     18.703594617    0.367787536     0.066898272     3.000000000     22.313092000    
545896.705117017 0.100007394     15.211261419    0.366929182     0.034834364     3.000000000     21.038743000    
545896.805124241 0.100007224     16.258824356    0.367060702     0.022508547     3.000000000     22.032033000    
545896.905129232 0.100004991     16.355677582    0.367326136     0.053031694     3.000000000     22.899274000    
545897.005135309 0.100006077     16.485520862    0.367446272     0.050616138     2.000000000     20.022093000    
545897.338489157 0.100005719     18.333746188    0.364923122     0.066626739     2.000000000     21.279001000    
545897.438495872 0.100006715     17.718223821    0.365326277     0.067379180     3.000000000     23.510000000    
545897.538503602 0.100007729     16.127209901    0.365003539     0.041490231     2.000000000     19.998700000    
545897.638513735 0.100010133     16.816743103    0.364616897     0.052288388     3.000000000     20.798036000    
545897.738522063 0.100008328     15.528992234    0.364941252     0.049466753     3.000000000     23.369646000    
545897.838530892 0.100008829     19.080120982    0.348098398     0.046392704     2.000000000     19.680873000    
545898.171885024 0.100007591     15.169733140    0.367515462     0.076297521     2.000000000     22.526247000    
545898.271888913 0.100003888     17.078905092    0.359283373     0.112249436     3.000000000     19.755498000    
545898.371897401 0.100008488     15.623808936    0.353715957     0.101383501     2.000000000     26.436401000    
545898.505239539 0.133342138     15.109036131    0.495793887     0.125205175     3.000000000     21.774145000    
545898.605246729 0.100007190     15.392920395    0.372393987     0.103130945     4.000000000     27.677117000    
545898.705255435 0.100008706     15.650795968    0.372226028     0.088986779     5.000000000     25.446758000    
545898.805262075 0.100006640     15.586345596    0.372697688     0.086007403     4.000000000     20.630517000    
545898.905267131 0.100005057     15.473251710    0.372225375     0.132738768     3.000000000     23.862486000    
545899.038611413 0.133344282     19.484980712    0.494467765     0.177506246     2.000000000     25.661640000    
545899.438634629 0.133341079     18.689796562    0.491865433     0.122026338     4.000000000     27.571868000    
545899.571979274 0.133344645     20.021249233    0.490630920     0.175437421     4.000000000     20.398995000    
545899.671988241 0.100008967     15.791581420    0.369616780     0.104734067     3.000000000     21.177307000    
545899.838676363 0.166688122     17.331434665    0.614783706     0.137980416     2.000000000     19.395048000    
545899.972027827 0.133351465     16.250802201    0.478852421     0.162052181     4.000000000     21.407677000    
545900.072043570 0.100015743     15.860951298    0.370191856     0.098906703     2.000000000     19.454728000    
545900.172056276 0.100012706     15.813208846    0.370177751     0.074299979     1.000000000     23.879671000    
545900.272066832 0.100010557     16.340830651    0.365342282     0.113319404     2.000000000     18.144123000    
545900.372080302 0.100013469     17.811731117    0.365516218     0.115232755     1.000000000     18.782530000    
545900.472095566 0.100015264     15.323666878    0.369486188     0.111730167     1.000000000     25.261409000    
545900.805459893 0.133343420     16.953605962    0.492838748     0.119628873     2.000000000     21.558812000    
545900.972136597 0.166676704     16.800535722    0.614234045     0.168263455     2.000000000     31.177726000    
545901.105476571 0.133339974     18.290804190    0.491776417     0.144811995     1.000000000     24.095510000    
545901.238817331 0.133340760     18.968588075    0.464678017     0.136227292     3.000000000     28.265120000    
545901.338824027 0.100006696     15.723822465    0.377466288     0.108362295     2.000000000     23.658225000    
545901.438830872 0.100006844     15.215117610    0.352660858     0.091685047     2.000000000     24.444441000    
545901.538834152 0.100003280     15.881639052    0.360810806     0.078512216     1.000000000     24.130582000    
545901.638841196 0.100007044     16.817522144    0.378796613     0.109441345     2.000000000     23.647377000    
545901.738848047 0.100006851     15.492924511    0.378624407     0.107160942     3.000000000     19.627912000    
545901.838855118 0.100007071     18.085085188    0.377651474     0.072039154     4.000000000     23.477584000    
545901.972198297 0.133343179     18.056041255    0.504303903     0.123598904     2.000000000     19.249348000    
545902.072206057 0.100007760     16.009395875    0.377284199     0.132627800     1.000000000     20.069804000    
545902.372228882 0.100007820     17.329843942    0.376283225     0.097117178     2.000000000     20.050924000    
545902.472237456 0.100008574     17.026107342    0.377444453     0.126308478     2.000000000     22.705095000    
545902.805588798 0.100007434     17.389750818    0.371636721     0.111605015     3.000000000     26.930995000    
545902.905594105 0.100005307     18.503350183    0.372261634     0.056510649     1.000000000     32.465612000    
545903.038933509 0.133339404     18.746031567    0.493288047     0.112861377     3.000000000     19.960044000    
545903.138939315 0.100005806     15.216474225    0.369940853     0.108465172     2.000000000     21.826271000    
545903.238943431 0.100004117     19.134541851    0.365154733     0.071321406     4.000000000     21.084184000    
545903.338948835 0.100005404     18.318822013    0.365513636     0.080169009     3.000000000     24.361401000    
545903.438952878 0.100004043     17.758570597    0.365382818     0.108610122     1.000000000     29.071658000    
545903.538955979 0.100003101     16.826155359    0.366255857     0.082996849     1.000000000     19.412358000    
545903.638959712 0.100003733     16.877250711    0.366695121     0.100076247     1.000000000     22.583527000    
545903.938976173 0.100005086     17.935813388    0.367855834     0.089507125     2.000000000     21.984033000    
545904.238991920 0.100005238     17.360108055    0.364648125     0.109031574     1.000000000     22.267556000    
545904.338996888 0.100004968     16.481252681    0.360781496     0.071793623     2.000000000     26.476911000    
545904.472337446 0.133340558     15.203762077    0.481333712     0.106551182     2.000000000     19.503655000    
545904.572340396 0.100002950     16.664176237    0.381116982     0.084008506     3.000000000     20.906230000    
545904.672348665 0.100008268     17.496161298    0.384540256     0.068352306     3.000000000     24.276378000    
545904.805690839 0.133342174     17.562284393    0.512391733     0.117233922     2.000000000     20.576979000    
545904.905697664 0.100006826     15.957716266    0.383139985     0.089232991     3.000000000     20.996536000    
545905.005705700 0.100008036     15.903705402    0.365053439     0.064872467     1.000000000     25.805193000    
545905.105714405 0.100008705     15.247146769    0.385123381     0.073763796     1.000000000     21.303131000    
545905.405738884 0.100009643     17.275568411    0.383827982     0.053170258     3.000000000     20.681332000    
545905.505748112 0.100009228     16.994048129    0.385029083     0.093795890     3.000000000     30.069493000    
545905.605757085 0.100008973     17.582815341    0.384871386     0.097513444     3.000000000     21.387196000    
545905.705764201 0.100007116     16.286116829    0.370662881     0.054376994     1.000000000     20.452659000    
545905.805772188 0.100007987     20.268254862    0.387882949     0.076912550     1.000000000     25.280196000    
545905.905779575 0.100007387     16.493955878    0.387278790     0.088408539     2.000000000     22.463335000    
545906.039124242 0.133344667     18.956418375    0.516032771     0.097776074     2.000000000     71.365246000    
545906.172469104 0.133344862     17.292941751    0.516746935     0.109143236     2.000000000     21.332316000    
545906.305812290 0.133343186     16.238058366    0.507496599     0.104820145     2.000000000     24.517564000    
545906.439156659 0.133344369     17.967098520    0.517312901     0.091710395     3.000000000     24.951713000    
545906.605837467 0.166680809     16.314105507    0.624411288     0.132874334     2.000000000     29.449967000    
545906.705842950 0.100005483     16.600582760    0.386923183     0.106293312     3.000000000     21.127289000    
545906.805849686 0.100006735     16.977642128    0.403894037     0.077065156     3.000000000     22.523207000    
545906.905854734 0.100005049     16.070631112    0.404970563     0.076199012     3.000000000     32.434477000    
545907.005859162 0.100004428     16.091357321    0.405448314     0.078728926     3.000000000     26.787091000    
545907.105863606 0.100004444     17.092686139    0.406714449     0.070546076     3.000000000     19.393384000    
545907.205868750 0.100005144     16.976799068    0.397911760     0.102828455     1.000000000     28.315043000    
545907.605894807 0.133342154     19.273107962    0.533355032     0.126928330     2.000000000     23.526866000    
545907.705905025 0.100010219     15.332496667    0.400128554     0.088374100     1.000000000     21.485980000    
545907.805909547 0.100004522     15.561006410    0.400533126     0.051400218     2.000000000     21.769504000    
545908.139266122 0.100007043     17.418433937    0.402936039     0.047280241     1.000000000     19.207686000    
545908.472624230 0.100009081     15.629060379    0.403810350     0.035706918     3.000000000     18.622623000    
545908.572633804 0.100009574     17.112443621    0.404034988     0.055389377     2.000000000     22.192356000    
545908.672635059 0.100001256     15.514012435    0.406407929     0.094495497     2.000000000     19.821068000    
545908.772639404 0.100004344     15.550614925    0.386956393     0.066971339     1.000000000     21.068056000    
545908.872644916 0.100005512     15.413747620    0.410668728     0.061235339     1.000000000     21.328761000    
545909.005986816 0.133341900     19.705737762    0.550957647     0.100514708     1.000000000     20.487280000    
545909.105991268 0.100004452     15.148288747    0.415078456     0.071310568     2.000000000     21.372921000    
545909.205996899 0.100005631     15.254410763    0.417710754     0.060396977     2.000000000     20.066189000    
545909.306001692 0.100004793     15.541891235    0.418582425     0.064413798     3.000000000     21.694845000    
545909.406010168 0.100008477     18.996204530    0.418867612     0.072258206     1.000000000     18.910048000    
545909.739364975 0.100007480     15.198303640    0.416884325     0.092408690     2.000000000     18.390523000    
545909.839371744 0.100006769     19.175487759    0.417866874     0.055219523     2.000000000     19.458150000    
545909.939376457 0.100004713     17.192230421    0.420796951     0.056493776     2.000000000     18.087416000    
545910.039382670 0.100006213     19.179354089    0.418355682     0.070233100     3.000000000     22.953353000    
545910.139388078 0.100005408     16.130686494    0.418745686     0.074464468     3.000000000     21.002806000    
545910.239392931 0.100004853     15.781439958    0.406113404     0.086017741     1.000000000     21.641788000    
545910.372745907 0.133352976     19.147161039    0.568952899     0.080873874     3.000000000     22.926314000    
545910.472752393 0.100006486     15.251056475    0.429498790     0.071701803     3.000000000     20.090380000    
545910.572756556 0.100004163     17.760720376    0.430418641     0.047171349     2.000000000     20.561906000    
545910.706096888 0.133340332     17.620102504    0.575045193     0.107101351     1.000000000     22.504517000    
545911.106123657 0.133342687     17.510303315    0.575263182     0.087994907     2.000000000     23.462322000    
545911.206131193 0.100007536     16.182273339    0.405101514     0.058596194     2.000000000     27.997697000    
545911.306135863 0.100004670     15.340920108    0.434232526     0.072807403     2.000000000     21.603904000    
545911.406141123 0.100005261     17.283103834    0.439022540     0.078000231     1.000000000     21.859554000    
545911.539479938 0.133338814     17.154799831    0.589310844     0.094259672     2.000000000     21.380765000    
545911.639493220 0.100013282     17.155159189    0.445774902     0.088859167     1.000000000     22.030339000    
545911.739518462 0.100025241     15.976684062    0.447248817     0.087857884     2.000000000     26.566994000    
545911.872875586 0.133357125     19.194246030    0.574071313     0.117479197     4.000000000     25.711849000    
545911.972895855 0.100020269     16.164752889    0.434820162     0.101497957     3.000000000     21.742145000    
545912.072914178 0.100018322     17.024524823    0.456075083     0.091471595     2.000000000     25.544487000    
545912.206273335 0.133359157     18.469642732    0.608473271     0.123688005     3.000000000     23.298257000    
545912.306297791 0.100024456     15.755658611    0.447444211     0.118518923     1.000000000     19.784141000    
545912.706364496 0.133352065     17.359426525    0.593877972     0.149923449     2.000000000     21.467006000    
545912.839715535 0.133351039     15.906923205    0.596069044     0.104790307     3.000000000     20.196272000    
545912.973064972 0.133349437     16.717699766    0.599130064     0.077171755     2.000000000     22.803308000    
545913.106421107 0.133356135     15.480587812    0.601494015     0.113415185     2.000000000     19.570535000    
545913.239773626 0.133352519     17.694509793    0.602576439     0.081666320     1.000000000     23.904020000    
545913.373123452 0.133349826     18.106330587    0.589552857     0.103789095     1.000000000     19.693801000    
545913.506475025 0.133351573     17.055517055    0.589769008     0.099196151     2.000000000     28.675364000    
545913.606486724 0.100011698     15.753314098    0.443260381     0.056159367     2.000000000     21.615100000    
545913.739832400 0.133345677     19.580130768    0.589909931     0.106501179     3.000000000     28.318112000    
545913.873178152 0.133345752     15.086204530    0.592063818     0.094879129     2.000000000     22.566438000    
545914.006525227 0.133347075     15.960359655    0.592629473     0.098498761     1.000000000     21.740702000    
545914.139870831 0.133345604     18.538533869    0.593194350     0.087530823     2.000000000     21.722174000    
545914.273215132 0.133344301     19.654530875    0.588408534     0.072047367     2.000000000     19.396421000    
545914.639918124 0.100016392     16.978251551    0.430423311     0.073413545     1.000000000     24.423257000    
545914.739938596 0.100020472     16.142386639    0.431914841     0.080393139     3.000000000     22.548422000    
545914.839959626 0.100021030     17.836258809    0.436204875     0.070411069     2.000000000     19.584104000    
545914.973321659 0.133362032     18.775649509    0.583308796     0.070170739     4.000000000     35.260039000    
545915.106685663 0.133364004     18.145208692    0.562956157     0.104513351     2.000000000     22.624617000    
545915.206702097 0.100016434     15.373412434    0.392100655     0.069570288     2.000000000     23.629172000    
545915.340062575 0.133360478     20.290932179    0.561488818     0.073678000     3.000000000     19.838444000    
545915.473424780 0.133362205     16.811327067    0.555214474     0.097918532     3.000000000     24.279482000    
545915.606780402 0.133355622     16.018715889    0.579969257     0.096183600     2.000000000     24.334298000    
545915.740123965 0.133343562     19.823916927    0.555731796     0.087294173     3.000000000     19.530697000    
545915.873475377 0.133351412     16.885256809    0.585035026     0.077334155     3.000000000     20.974136000    
545915.973487436 0.100012059     15.519931791    0.458092627     0.069391558     3.000000000     22.720234000    
