535749.1198     3.5306    5.0905   
535749.1198     3.5566    5.0271   
535749.2198     3.4150    4.9681   
535749.2198     3.4389    4.8720   
535749.3198     3.4977    4.7595   
535749.3198     3.5117    4.6943   
535749.4198     3.5707    4.2627   
535749.9148     3.2175    4.1980   
535750.0148     2.9577    4.2361   
535750.1148     2.5718    4.7211   
535750.2148     2.3561    4.8066   
535750.4648     2.3313    4.9573   
535750.5648     2.1454    4.7534   
535750.8648     2.8722    3.6043   
535750.9648     2.8276    3.5960   
535751.0649     2.5957    3.6735   
535751.5148     2.9806    3.1891   
535751.6148     2.4771    3.5951   
535751.7148     2.4073    3.6322   
535751.9148     2.4205    3.5614   
535752.0148     2.6199    3.3526   
535752.4648     2.5215    3.0319   
535752.5648     2.3993    3.2501   
535752.6648     2.2670    3.4297   
535752.7648     2.2265    3.3587   
535752.8648     2.2634    3.2628   
535753.0148     2.1516    3.2362   
535753.1148     2.1784    3.2089   
535753.2148     3.8724    0.9825   
535753.3148     2.0034    3.2547   
535753.4148     1.9102    3.4199   
535753.5148     1.8293    3.6060   
535753.6148     1.7814    3.7322   
535753.7148     1.7766    3.7329   
535753.8148     1.7477    3.6443   
535754.0648     1.8334    3.4989   
535754.2162     1.9095    3.2292   
535754.3162     1.8529    3.3830   
535755.3162     2.7059    2.3125   
535755.4162     2.7807    2.2139   
535755.5162     2.8500    2.2651   
535755.6162     2.9212    2.1204   
535756.0162     2.8466    2.4646   
535756.1162     2.9476    2.3646   
535756.4154     3.2647    2.8759   
535756.5154     3.2388    3.1390   
535756.8154     3.2614    1.9869   
535757.0154     3.3985    2.5766   
535757.1154     3.4697    2.6978   
535757.3154     3.4541    2.0013   
535757.5154     3.4816    2.0703   
535757.7154     3.6644    2.2415   
535757.8154     3.7581    2.2754   
535758.0154     3.8764    2.4697   
535758.1154     4.0476    2.3674   
535758.2154     4.1999    2.1747   
535758.3154     4.2835    1.7527   
535758.4154     4.4431    1.4411   
535758.5154     4.5336    1.5692   
535758.6154     4.6170    2.2117   
535758.7154     4.7349    2.8186   
535758.8154     4.7660    2.8433   
535759.0604     5.4486    1.8710   
535759.1611     5.6041    2.3953   
535759.2604     5.6491    3.8973   
535759.3604     5.9069    6.4024   
535759.4604     6.0528    8.1780   
535759.6604     6.1908    7.5021   
535759.7620     6.3265    7.4069   
535759.9611     6.4659    6.9699   
535760.0604     6.5102    7.2716   
535760.1604     6.4806    7.3091   
535760.2604     6.4190    7.4720   
535760.7614     5.9394    5.7240   
535760.8604     5.9080    5.8293   
535761.0604     5.9737    5.5189   
535761.1611     5.8716    4.8678   
535761.2554     5.8607    4.0353   
535761.4554     5.7697    3.8451   
535761.7004     5.6958    3.4839   
535762.0004     5.5624    3.2828   
535762.2004     5.6128    3.4922   
535762.3004     5.5901    3.5362   
535762.5004     5.2661    2.9719   
535762.7004     5.4265    3.3499   
535762.8004     5.4438    3.3046   
535763.0004     5.4942    3.3110   
535763.1004     5.5022    3.3094   
535763.1954     5.3300    3.1354   
535763.4956     5.3928    3.1727   
535764.0404     5.1572    2.7058   
535764.1404     5.1684    2.7610   
535764.2383     5.1634    2.6720   
535764.6362     5.0287    3.0365   
535765.0355     4.9656    3.3687   
535765.1354     4.9861    3.4602   
535765.5354     4.6742    2.7400   
535765.6354     4.6765    2.7884   
535765.7354     4.6616    2.8166   
535765.8354     4.6462    2.8236   
535765.9354     4.6336    2.8209   
535766.4354     4.5345    2.3054   
535766.5354     4.5905    2.2891   
535766.6354     4.5078    2.4389   
535767.1355     4.6944    2.3702   
535767.2355     4.7565    2.4086   
535767.3355     4.7949    2.4864   
535767.4355     4.8430    2.4340   
535767.8360     5.0203    2.6848   
535767.9355     5.0140    2.7500   
535768.5355     4.9663    2.5291   
535768.6355     4.9642    3.0978   
535768.7355     4.9308    2.8780   
535768.9355     4.8788    1.6859   
535769.4355     4.8509    6.4826   
535769.8355     4.6912    5.0497   
535770.2355     4.3497    2.9828   
535770.5355     4.1738    2.6804   
535770.7355     3.8704    0.6015   
535771.1355     3.3651    1.0711   
535771.2355     3.3414    1.2167   
535771.5355     3.2412    1.0833   
535771.8355     3.0864    1.0618   
535772.2355     3.2020    1.0732   
535772.4355     3.3114    1.1019   
535773.0355     3.4177    1.9132   
535773.2355     3.2590    2.3939   
535773.4355     3.2621    2.0884   
535773.8357     3.3622    1.6577   
535774.0355     3.4366    1.1866   
535774.3355     3.5711    1.5989   
535774.5355     3.5358    1.7151   
535774.7355     3.2910    2.0970   
535775.2355     3.3648    1.4673   
535775.4805     3.4251    0.8971   
535775.6805     3.4831    0.8246   
535775.7805     3.5465    0.8703   
535776.1805     3.5646    1.5132   
535776.2809     3.5271    1.4471   
535776.7809     3.6206    1.3065   
535776.8761     3.6567    1.3305   
535777.6210     3.6261    0.6888   
535777.7209     3.6952    0.6401   
535777.8209     3.7383    0.7181   
535777.9209     3.7533    1.0725   
535778.2213     3.6559    1.0454   
535778.3214     3.6210    1.0939   
535778.4210     3.6734    1.1158   
535778.9209     3.6231    1.3113   
535779.0210     3.5900    1.1664   
535779.1209     3.6705    1.1868   
535779.2209     3.6635    1.1125   
535780.2209     3.8083    1.1388   
535781.1209     3.8607    0.8680   
535781.8209     3.7929    1.1139   
535781.9209     3.7927    1.1627   
535782.5159     3.6145    1.4253   
535782.6159     3.5633    1.6341   
535783.0159     3.5947    1.1317   
535783.8559     3.8360    1.0701   
535783.9559     3.8844    1.2457   
535784.0559     3.9305    1.2457   
535784.3559     3.9929    1.0125   
535784.4559     4.0015    1.0972   
535784.5559     3.9906    1.2444   
535784.8009     3.9370    1.1072   
535784.9009     3.9533    1.1767   
535785.5025     3.8763    1.5373   
535786.2010     3.9753    0.9404   
535786.3034     3.9611    0.9425   
535787.2025     4.1273    0.7923   
535787.3025     4.0532    0.7724   
535787.4025     4.0019    0.7617   
535787.5025     4.0022    0.8693   
535787.6025     3.9934    0.9603   
535788.4025     4.2453    1.4253   
535788.5007     4.2001    2.0203   
535790.3007     4.3556    2.0852   
535790.4007     4.4112    1.7198   
535791.3007     4.4693    0.4905   
535791.4007     4.4954    0.4405   
535792.0007     4.5841    0.6470   
535792.1007     4.7054    0.6442   
535792.2007     4.8330    0.7692   
535792.5007     4.8809    0.5001   
535792.6007     4.8359    0.4859   
535794.3005     4.9479    0.5667   
535794.4005     4.8975    0.9267   
535794.6985     4.6878    0.9122   
535794.7985     4.7462    0.5623   
535794.8985     4.7610    0.8164   
535794.9985     4.7602    1.0030   
535795.0985     4.7819    0.9060   
535795.1985     4.7935    0.5769   
535795.5985     4.8776    0.6554   
535795.6985     4.8311    0.8160   
535795.7989     4.7829    0.7797   
535796.4015     4.9518    1.0022   
535796.5015     4.8483    1.0144   
535796.8004     4.6141    1.4107   
535796.9004     4.4068    1.6937   
535797.0004     4.3642    1.9280   
535797.1004     4.4993    2.1712   
535797.6004     4.8250    2.7186   
535797.7004     4.7586    2.6613   
535797.8954     4.7170    2.5460   
535798.2954     4.7900    3.3554   
535798.5954     4.8372    2.7807   
535798.6957     4.8709    2.8412   
535798.9954     4.9673    3.0712   
535799.1954     4.8101    2.8619   
535799.4954     4.8336    2.2428   
535799.8954     5.0716    1.7690   
535800.1954     5.0629    1.8300   
535800.4954     5.1202    1.4485   
535800.6957     4.9930    1.6486   
535800.9954     4.9430    1.4696   
535801.2954     5.0059    1.3725   
535801.6954     5.0857    1.2614   
535802.0954     4.9936    1.2217   
535802.7954     5.0223    1.2796   
535803.0954     4.9831    1.3562   
535803.4954     4.9411    1.4897   
535803.9404     4.9174    1.7770   
535804.2413     5.0202    1.6767   
535804.5405     5.0479    1.8743   
535804.8404     4.8643    1.5773   
535805.0404     4.9463    1.7728   
535805.3404     4.9493    1.6316   
535805.5404     5.0186    1.6814   
535805.7404     4.9676    1.8005   
535805.9404     4.8437    1.5113   
535807.4404     4.4592    0.9570   
535807.9404     4.5557    1.1617   
535808.2404     4.5147    1.2251   
535808.4404     4.4222    1.2773   
535808.9410     4.2514    1.2420   
535809.1404     4.2131    1.4020   
535809.4354     4.0727    1.3844   
535809.6355     4.1552    1.8176   
535809.8355     4.2291    1.8876   
535810.0354     4.2913    2.0596   
535810.8354     4.1858    2.5771   
535811.0354     4.0094    2.5984   
535811.2354     3.9999    2.8402   
535811.5354     4.0118    2.7309   
535811.7354     3.9450    2.8438   
535812.0354     3.9825    3.0259   
535812.4363     3.7126    3.0986   
535812.5354     3.7507    3.2665   
535812.9354     3.8086    3.6212   
535813.0354     3.7781    3.7489   
535813.4354     3.6494    4.1454   
535813.5354     3.6030    4.0907   
535813.6354     3.6006    4.1481   
535814.0821     3.5482    3.5406   
535814.1804     3.5450    3.5063   
535815.2754     3.6356    3.4459   
535815.3755     3.7029    3.4907   
535815.5754     3.6574    3.2896   
535815.6754     3.6774    3.3789   
535816.0754     3.6725    3.1167   
535816.1754     3.7557    3.0480   
535816.2754     3.7701    2.9943   
535816.3754     3.7755    3.0152   
535816.8204     3.9119    3.0661   
535816.9204     3.9527    3.4358   
535817.6215     3.7935    2.8508   
535817.7215     3.8032    2.9755   
535817.8215     3.7647    2.5759   
535817.9215     3.7060    2.4366   
535818.5226     3.5710    2.5480   
535818.6226     3.5960    2.2943   
535818.7226     3.6430    2.1595   
535818.9226     3.6591    2.0389   
535819.0225     3.6667    1.9918   
535819.2226     3.6556    1.4311   
535819.4226     3.7004    1.6227   
535819.6226     3.7692    1.5086   
535819.7226     3.7374    1.3855   
535819.9225     3.6218    1.7874   
535820.0226     3.5832    1.8652   
535820.1226     3.6269    1.8727   
535820.3228     3.5794    1.9691   
535820.4226     3.6111    1.7783   
535820.5226     3.6234    1.6387   
535820.6226     3.5318    1.7588   
535820.7226     3.5137    1.8450   
535820.8239     3.5125    1.7976   
535820.9226     3.3847    1.9575   
535821.0226     3.3598    2.0303   
535821.1226     3.2938    2.2478   
535821.2226     3.2392    2.2900   
535821.3231     3.1213    2.4330   
535821.4226     3.1600    2.3786   
535821.5226     2.9494    2.3092   
535821.6226     2.8617    2.4757   
535821.7226     2.7582    2.5795   
535821.8226     2.7527    2.8656   
535821.9226     2.6545    3.0301   
535822.0226     2.5050    3.2109   
535822.1226     2.2783    3.5415   
535822.2226     2.1753    3.6444   
535822.3226     2.1432    3.7352   
535822.6226     2.0984    3.6772   
535822.7226     2.1038    3.5375   
535822.9226     2.0400    3.5614   
535823.2226     2.4269    3.7094   
535823.3226     2.3034    3.7330   
535823.5226     2.5770    4.0031   
535823.7226     2.5842    4.4980   
535823.9225     2.8065    4.4045   
535824.1226     2.9621    4.0128   
535824.2235     3.0116    3.6640   
535824.4235     3.1784    3.5738   
535824.7235     3.0042    3.7414   
535824.9235     3.0203    3.4019   
535825.0235     3.0516    3.5052   
535825.1235     3.1026    3.5379   
535825.4185     3.0953    3.4897   
535825.9185     3.0716    3.0300   
535826.1185     2.8762    3.5058   
535826.2185     2.9164    3.1297   
535826.4185     3.0674    2.4706   
535826.6185     3.2412    2.4446   
535826.9185     3.0170    1.9257   
535827.1185     3.3777    2.1909   
535827.3185     3.0771    2.2414   
535827.5185     3.2009    1.8899   
535827.8185     3.3523    1.1733   
535828.1185     3.3537    1.2627   
535828.2187     3.4232    1.2011   
535828.4185     3.5665    1.2577   
535828.5185     3.5516    1.2079   
535828.8187     3.5444    1.0642   
535828.9187     3.6120    0.9346   
535829.3187     3.6077    0.9868   
535829.4187     3.6016    1.1449   
535829.6187     3.8017    1.2840   
535829.7187     3.6914    1.1993   
535829.8187     3.6938    1.3067   
535830.9195     4.1463    2.5033   
535831.0195     4.1568    2.5018   
535831.2195     4.2974    2.1218   
535831.3195     4.2149    1.9691   
535832.0195     4.1148    2.3944   
535832.1195     4.1345    2.3795   
535832.2195     3.9975    2.2292   
535834.6185     3.9174    3.2649   
535834.7185     3.9043    3.6586   
535834.8185     3.8414    3.6020   
535834.9185     3.7019    3.6838   
535835.0185     3.7754    3.7584   
535835.2635     3.9622    4.1139   
535835.3650     3.9885    3.8083   
535835.4635     3.8495    3.7660   
535835.5585     3.7439    3.7135   
535835.6585     3.7387    3.7741   
535836.3585     3.9102    4.0482   
535836.4585     3.9242    3.7773   
535837.2585     3.7439    2.6136   
535837.3585     3.7775    2.8513   
535837.4585     3.7633    2.7825   
535838.1585     3.9717    1.5441   
535838.2585     4.0023    1.5076   
535838.6585     4.1076    1.3097   
535838.7585     4.0884    1.1020   
535838.8585     4.1580    1.0933   
535840.2604     4.7093    1.5407   
535840.3554     4.7232    1.6783   
535840.4574     4.7447    1.7234   
535840.5554     4.7331    1.5463   
535840.8555     4.7278    1.9593   
535840.9554     4.6760    2.3986   
535841.0555     4.7886    1.9532   
535841.1555     4.7372    1.8913   
535841.2554     4.7055    2.1251   
535841.3555     4.7443    1.9621   
535841.4555     4.6278    1.9897   
535841.5554     4.5878    1.9419   
535841.6554     4.6277    1.7543   
535842.7554     4.5235    0.6541   
535842.9554     4.2467    1.6515   
535843.0554     4.3126    1.7067   
535845.1554     4.0737    0.6137   
535846.2555     3.7268    0.3948   
535846.3554     3.6054    0.5472   
535846.4555     3.6538    0.6503   
535846.5554     3.7499    0.7011   
535846.6554     3.6912    0.8152   
535847.2554     3.8148    0.7126   
535847.3573     3.7003    0.7044   
535847.4555     3.7491    0.9382   
535847.6554     3.7378    0.9442   
535847.7554     3.7629    0.9923   
535847.8555     3.7996    1.0719   
535847.9566     3.8235    1.3857   
535848.0554     3.8406    1.8482   
535848.1554     3.9271    2.1992   
535848.2578     4.0626    2.2420   
535848.4554     3.9960    1.6421   
535849.2554     4.0799    2.6828   
535849.3554     4.0937    2.3589   
535849.4554     4.1495    2.3274   
535849.5554     4.0188    2.5178   
535849.6554     3.8628    2.2441   
535849.7555     4.1204    2.4608   
535850.2004     4.2831    2.8300   
535850.5004     4.3674    2.3416   
535850.6005     4.3457    2.0953   
535851.6954     4.8978    2.6088   
535851.7954     4.7124    2.4358   
535851.8954     4.7641    2.5140   
535851.9955     4.7187    2.5752   
535853.5954     4.3897    1.4381   
535853.6955     4.2796    1.4472   
535853.7954     4.0726    0.7604   
535853.8954     4.1778    0.9698   
535853.9954     4.0977    1.0175   
535855.0954     4.1620    0.3579   
535855.2954     3.8995    0.3460   
535855.3954     3.8758    0.3238   
535855.4954     4.0625    0.6037   
535857.1355     3.9160    0.8071   
535857.2355     3.9199    0.7519   
535857.9366     4.3403    1.3218   
535858.0355     4.4893    1.4066   
535858.2355     4.1747    1.2925   
535858.3355     4.0792    1.2657   
535858.4355     3.9335    1.1779   
535858.9354     4.3103    1.2026   
535859.2355     4.2170    0.9735   
535859.6354     4.2325    0.7501   
535859.7354     4.0123    1.1285   
535860.1354     4.2628    0.5217   
535860.4355     4.0408    2.1608   
535860.7355     4.0286    1.2742   
535861.5804     3.9069    3.1121   
535861.8804     3.7982    3.0237   
535862.1804     3.8188    2.7279   
535862.4805     4.2483    2.9822   
535862.5805     4.0723    2.8487   
535862.8811     3.7869    2.8065   
535863.5804     3.9019    3.5421   
535863.8804     3.9840    3.1473   
535864.2813     3.8087    3.0364   
535864.5805     3.8615    2.7813   
535864.9804     3.9139    3.0263   
535865.2805     3.8540    2.9955   
535865.4804     3.8163    3.1176   
535865.6808     3.7881    2.8101   
535866.0758     3.8938    2.5345   
535866.1758     3.8915    2.6055   
535866.2758     3.7602    2.6437   
535866.9758     3.7614    2.7740   
535867.0759     3.7487    2.7644   
535867.1758     3.8248    2.8210   
535867.2758     3.9051    2.7429   
535867.3758     3.9016    2.6879   
535867.4758     3.8969    2.4931   
535867.5758     3.9246    2.2923   
535868.6758     4.1550    2.6971   
535868.7758     4.2152    2.6346   
535869.4208     4.3830    2.1243   
535869.6208     4.2223    1.7785   
535869.7208     4.1708    2.3309   
535870.0208     4.1136    1.9333   
535870.2211     3.7790    2.8840   
535870.3208     3.7275    2.4550   
535870.5208     3.3794    2.6106   
535870.6208     3.1136    2.8388   
535870.8208     2.8527    2.6594   
535871.0209     3.0082    3.2381   
535871.2208     2.9926    3.0195   
535871.4208     2.6481    2.9401   
535871.6207     2.5807    2.8709   
535871.7208     2.6995    2.7799   
535871.9158     2.4067    2.7585   
535872.0158     2.3649    2.4642   
535872.4158     2.1558    3.9220   
535872.7159     2.0543    2.6919   
535873.0158     2.3437    1.6969   
535873.3158     2.3848    1.7994   
535873.6158     2.4000    1.8107   
535873.7158     2.4844    1.9341   
535874.0158     2.6495    1.2021   
535874.2608     2.9600    1.2521   
535874.7608     2.8624    1.2081   
535874.8612     2.8518    1.3586   
535874.9608     2.9288    1.3204   
535876.3558     3.3499    2.0829   
535876.4558     3.2899    2.1142   
535876.5558     3.2351    2.1081   
535876.6557     3.1738    2.1756   
535876.9007     3.3833    2.3657   
535877.0008     3.4564    2.4977   
535877.1008     3.5932    2.5460   
535877.2007     3.6844    2.6500   
535877.6008     3.9359    2.5986   
535877.7020     3.9454    2.4497   
535877.8008     3.8815    2.5748   
535877.9008     3.7822    2.6258   
535878.4408     3.2364    0.7993   
535878.6408     3.0145    0.2898   
535879.1408     3.0960    0.4563   
535879.5358     3.0893    0.6990   
535879.6357     2.9779    0.8354   
535880.0358     3.3041    0.3067   
535880.1358     3.4003    0.1401   
535880.5358     3.2443    1.2514   
535880.7808     3.0215    0.8293   
535881.1808     3.2564    1.0837   
535881.4808     3.2228    0.3999   
535881.7828     3.2725    1.0211   
535882.0820     3.3515    0.8213   
535882.5819     3.1469    0.6070   
535883.0820     3.2251    0.4184   
535883.2819     3.2390    0.4285   
535883.4820     3.2358    0.4218   
535883.6820     3.2755    0.4491   
535884.1769     3.3207    1.2236   
535884.2770     3.2378    1.6213   
535884.5769     3.2888    0.9325   
535884.8770     3.2521    0.2004   
535885.1769     3.2498    0.9212   
535885.3769     3.2293    0.1667   
535885.6772     3.2433    0.8611   
535885.9770     3.3269    0.7955   
535886.1770     3.1360    0.5367   
535886.4769     3.1927    1.0272   
535886.6769     3.2146    1.5327   
535887.1770     3.1643    1.6651   
535887.3769     3.2725    1.8806   
535887.6769     3.3598    1.9493   
535887.8769     3.3289    2.2239   
535888.0769     3.3600    2.3058   
535888.2769     3.4508    2.5064   
535888.5770     3.4032    3.1943   
535888.7770     3.2934    3.1145   
535888.9769     3.3117    3.0000   
535889.1769     3.3211    3.2143   
535889.3772     3.3448    3.7654   
535889.5769     3.3189    4.1424   
535889.9769     3.3065    4.0361   
535890.1769     3.2436    3.9811   
535890.5769     3.4157    3.8714   
535890.7771     3.3477    3.7942   
535891.0773     3.3099    3.5412   
535891.2219     3.2211    3.6662   
535891.5220     3.2007    3.3440   
535891.8219     3.1600    3.6749   
535892.3221     2.9938    2.7096   
535892.6219     2.8836    2.4142   
535893.1219     2.7464    1.9373   
535893.6219     2.6569    2.1227   
535893.8220     2.6209    2.1511   
535894.1220     2.5457    2.1629   
535894.4220     2.4655    2.0732   
535894.8219     2.4771    3.7639   
535895.1220     2.4322    1.6232   
535895.4219     2.3937    1.8512   
535895.7219     2.3274    1.9343   
535896.0219     2.2946    2.1661   
535896.4219     2.2394    2.4313   
535896.7220     2.1861    1.2959   
535897.0219     2.0905    3.4394   
535897.3219     2.0884    2.5832   
535897.5219     2.0213    1.8519   
535897.8219     2.1469    2.1258   
535898.0219     2.1291    2.6009   
535898.2219     2.0783    3.0436   
535898.4219     2.0968    3.2210   
535898.6219     2.0019    3.5209   
535899.1219     1.9744    3.6852   
535899.4220     2.0252    4.1621   
535899.9219     2.1841    3.3104   
535900.0220     2.0432    3.1397   
535900.1219     2.0033    3.0479   
535900.2219     2.1771    3.3002   
535900.3221     2.2338    3.5692   
535900.4219     2.2158    3.6850   
535900.5220     2.1902    3.6836   
535900.6220     2.1199    3.5963   
535900.7220     2.1228    3.5036   
535901.0219     2.1967    3.6708   
535901.1219     2.2480    3.6468   
535901.4219     2.3282    3.2711   
535901.6220     2.3557    3.0160   
535901.7219     2.3992    3.1090   
535901.8219     2.4153    2.9839   
535901.9219     2.4436    2.2631   
535902.0782     2.4926    3.9907   
535902.1776     2.4967    2.5006   
535902.2792     2.4573    3.0212   
535902.3776     2.5278    2.9708   
535902.4776     2.4030    3.1469   
535902.5776     3.0788    3.2811   
535902.6776     2.5350    3.9880   
535902.7776     2.5618    3.1701   
535902.8776     2.9606    3.2001   
535902.9776     3.1234    2.8730   
535903.1776     3.4612    3.3720   
535903.2776     3.9831    3.1402   
535903.3776     3.9292    3.3853   
535903.4776     4.1773    3.5142   
535903.6776     4.7004    3.4124   
535903.7776     4.9350    4.0240   
535903.8776     5.3029    4.3455   
535904.7776     5.2130    3.3316   
535904.8776     5.2131    3.3970   
535904.9776     4.8711    2.9273   
535905.2776     4.2750    2.0756   
535905.3776     3.8876    1.5916   
535905.6776     4.1148    1.5489   
535905.7776     3.8503    1.6478   
535905.8776     3.8889    1.8886   
535906.2776     4.0513    2.0945   
535906.3776     4.0200    1.9250   
535906.4776     4.1636    1.9908   
535906.5776     4.2136    2.0401   
535906.6776     3.9509    1.7711   
535906.7776     4.2367    1.6009   
535906.7776     4.4572    1.9710   
535906.8776     4.1979    2.7526   
535906.9776     3.9480    1.7433   
535907.0776     4.0784    1.7430   
535907.1776     3.7971    1.5763   
535907.2776     3.7970    2.8979   
535907.3776     4.4213    1.6884   
535907.4776     3.7864    1.2801   
535907.5776     4.0028    1.2961   
535907.6776     4.0502    1.1586   
535907.7776     3.6613    0.7822   
535907.8776     3.7848    1.3016   
535908.1776     4.0929    1.2412   
535908.2776     3.9148    0.9809   
535908.3776     3.4856    0.7927   
535908.5776     3.2858    0.6077   
535908.7803     3.3355    0.7667   
535908.9226     3.2696    0.7507   
535909.0215     3.2634    0.8305   
535909.2215     4.2160    0.8337   
535909.3215     3.0216    0.7055   
535909.4215     2.9791    0.7201   
535909.6215     3.0028    0.6214   
535909.7215     3.0294    0.7086   
535910.5195     3.1015    0.9322   
535910.6195     3.1655    0.7411   
535911.2195     4.9454    0.9895   
535911.9200     3.1504    1.1152   
535912.0195     3.1206    0.9443   
535912.1213     3.1347    0.9462   
535912.2174     2.4826    0.6529   
535912.9145     2.5512    0.8978   
535913.0145     2.5036    1.0466   
535913.5145     2.7167    1.1513   
535913.6146     2.7560    1.0948   
535913.7145     2.7523    1.1489   
535913.9645     2.7535    1.2171   
535914.0645     2.7992    0.9536   
535914.7645     2.9071    0.5169   
535914.8645     2.9013    0.4652   
535916.2145     6.5588    0.3455   
535916.5145     2.6429    0.4341   
535917.0645     2.2182    0.5938   
535917.2645     0.9908    0.6257   
535917.4645     1.5263    0.9219   
535917.6645     1.5577    1.0628   
535917.9170     1.6073    1.1225   
535918.1172     1.6414    1.0810   
535918.6171     1.3063    0.9269   
535918.8171     1.4749    1.0502   
535919.1171     1.4501    1.4673   
535921.2171     5.1659    1.7157   
535922.6171     1.5279    1.5317   
535922.7171     1.5106    1.5441   
535922.9171     1.5454    1.1469   
535923.2171     1.6503    0.8298   
535925.2171     1.8613    1.3141   
535925.4171     2.0256    1.0783   
535927.1621     2.2900    0.8758   
535927.2621     2.3384    1.2587   
535927.4621     1.5188    1.2912   
535927.5621     1.6638    1.2989   
535928.0621     1.1482    1.0453   
535928.1621     1.3148    0.9967   
535928.3621     1.8078    0.9051   
535928.8621     1.1040    1.6863   
535928.9621     1.6140    1.2865   
535929.0621     1.0042    1.8229   
535929.1621     1.1869    2.0954   
535929.3621     1.6617    0.9971   
535929.4571     1.9727    0.9606   
535929.5571     2.0597    0.8454   
535929.6573     2.0869    0.4212   
535929.7571     2.5249    1.1542   
535929.8571     2.5322    1.3878   
535929.9571     2.4585    0.9037   
535930.2571     2.1591    0.6291   
535930.4571     1.9414    0.6449   
535930.6571     1.9105    0.7324   
535930.7571     1.8941    0.7178   
535931.0571     1.7907    1.0722   
535931.3571     1.6907    1.2493   
535931.4571     2.3964    1.2056   
535931.6571     1.7396    0.7627   
535932.2571     1.3734    1.3054   
535932.8571     1.7057    0.7893   
535932.9571     1.6420    0.8876   
535934.2571     2.5636    0.8159   
535934.3571     2.5328    0.7466   
535934.4571     2.4625    0.7942   
535934.5571     2.4560    0.8518   
535934.6571     2.4668    1.0088   
535935.5575     3.1460    1.0648   
535935.6575     3.0517    0.9687   
535935.7575     3.0457    0.7791   
535935.8575     3.0413    0.7434   
535937.1025     3.1382    1.4982   
535941.4025     2.9232    1.3791   
535941.5025     2.7941    1.2108   
535941.6025     2.7681    1.2922   
535941.7025     2.7068    1.4143   
535941.9025     2.9224    1.1568   
535942.7025     2.7314    0.8673   
535942.8025     2.7066    0.7578   
535943.0025     2.9264    0.4559   
535943.6025     2.8145    0.2157   
535944.3025     3.0895    0.7899   
535944.7027     3.0942    0.9227   
535945.0025     3.0558    0.8830   
535945.2025     3.0719    0.6358   
535946.2029     3.3275    1.0305   
535946.5025     3.4271    1.0553   
535946.9025     3.3907    0.9592   
535947.2025     3.3804    0.9073   
535947.7025     3.3250    1.4528   
535948.1025     3.3607    0.8737   
535948.6025     3.3024    0.9329   
535949.0025     3.2602    1.1003   
535949.4025     3.1783    1.7457   
535950.4025     3.3690    1.2918   
535950.9025     3.4608    1.1390   
535951.1025     3.5600    1.3513   
535951.3025     3.5700    1.3155   
535951.8025     3.6651    1.2602   
535952.1025     3.6683    1.2842   
535952.4025     3.7061    1.0113   
535952.7025     3.6019    0.8162   
535953.0025     3.5995    0.9201   
535953.4045     3.5621    1.0177   
535953.8045     3.5547    0.7664   
535954.0545     3.4910    0.6848   
535954.4545     3.4884    0.6613   
535954.7545     3.3617    0.6043   
535955.0545     3.5065    0.6793   
535955.1995     3.5104    0.6268   
535955.6995     3.5727    1.0658   
535956.1995     3.4786    0.7853   
535956.3995     3.4534    0.6790   
535956.7995     3.3113    0.4846   
535957.1995     3.4211    0.8526   
535957.6995     3.4264    1.9845   
535958.1995     3.4648    0.3807   
535958.6995     3.5246    0.4488   
535959.0995     3.5103    0.8852   
535959.4995     3.4163    1.6977   
535959.7995     3.4400    1.5548   
535959.9995     3.4141    0.3735   
535960.1995     3.3574    0.4402   
535960.3995     3.1025    0.3057   
535960.5995     3.1331    0.1296   
535960.8995     3.2046    0.7282   
535961.1995     3.1458    0.7238   
535961.2995     3.0752    0.4815   
535962.0995     3.0292    0.9379   
535962.1995     2.9887    0.6928   
535962.2995     2.9499    0.2371   
535962.3995     2.9482    0.6057   
535962.4995     2.7842    1.0009   
535962.6995     2.8699    1.1123   
535962.7995     2.8656    1.3379   
535962.8995     2.8564    1.2913   
535962.9995     3.2333    0.3295   
535962.9995     3.9347    1.4278   
535963.0995     2.8068    0.8104   
535963.0995     2.4312    1.3810   
535963.1995     2.9455    0.6601   
535963.2995     2.7843    0.4484   
535963.3995     2.7126    0.8119   
535963.4995     2.2344    1.3996   
535963.5995     4.2647    2.1589   
535963.6995     3.6805    1.7382   
535963.8995     3.1307    0.9891   
535963.9995     3.0719    0.7642   
535964.0995     2.9588    0.6801   
535964.3995     2.8522    0.4453   
535964.6995     2.7476    0.4036   
535964.8995     2.7554    0.2648   
535964.9995     2.7450    0.3406   
535965.2995     2.7728    0.5769   
535965.3995     2.8489    0.5702   
535965.8995     2.5783    1.0654   
535966.2995     2.7093    1.2455   
535966.3995     2.7418    1.2777   
535966.8995     2.8259    1.5080   
535967.1995     2.9134    0.9769   
535967.2995     2.8755    1.0722   
535967.4995     2.8330    1.1661   
535967.5945     2.8658    1.2222   
535967.8945     2.8597    1.5293   
535968.0945     2.8471    1.3911   
535968.1945     2.9646    1.4545   
535968.2945     2.9981    1.2966   
535968.2945     2.9991    0.8653   
535968.3945     3.6591    1.6863   
535968.3945     2.7598    1.8562   
535968.4945     3.0936    1.2138   
535968.4945     3.1023    1.1904   
535968.5945     3.1017    1.1434   
535968.5945     3.0857    1.1212   
535968.7445     2.8190    1.9992   
535968.7445     2.5395    1.9101   
535968.8445     3.6656    0.9409   
535968.9445     3.0287    1.1695   
535969.0445     3.1321    1.0253   
535969.3445     2.8304    1.8080   
535969.4445     2.8154    1.8798   
535969.5445     2.8313    1.3182   
535969.6445     2.7932    1.2233   
535969.8395     2.8410    1.6598   
535970.0395     2.6962    2.2005   
535970.2395     2.6859    1.1238   
535970.6395     3.2761    0.5348   
535970.9395     2.9709    0.2017   
535971.2395     2.9941    0.3066   
535971.4396     2.9630    0.2103   
535971.6395     3.0593    0.4993   
535972.1398     2.6767    0.2185   
535972.2395     2.6895    0.2740   
535972.8395     2.8661    0.3269   
535972.9395     2.8821    0.2204   
535975.3395     2.8593    0.7001   
535976.2395     2.9132    0.6587   
535976.3420     3.0028    0.8421   
535976.9395     3.0151    0.4693   
535977.3395     3.0131    0.6990   
535977.7395     2.9887    0.8525   
535978.0394     3.1685    1.0738   
535978.4405     2.9662    0.4306   
535978.9405     2.8141    0.4337   
535979.2405     2.8542    0.5499   
535979.4405     2.8992    0.5978   
535979.6405     2.8855    0.9472   
535980.6405     2.7610    0.5477   
535981.1404     2.9591    0.6666   
535981.4405     3.0127    0.8699   
535981.8405     3.0054    1.3800   
535982.2405     2.9125    0.7106   
535982.6405     2.9574    0.5220   
535983.0405     2.8652    0.6913   
535983.4404     2.8941    0.8035   
535983.8405     2.7353    2.0887   
535985.0405     2.8152    1.9312   
535985.3405     2.7631    2.0043   
535985.6405     2.7125    1.8445   
535985.8405     2.7436    1.9547   
535986.3405     2.9248    2.1380   
535986.8405     2.6965    2.3585   
535987.1405     2.7067    2.4881   
535987.3405     2.6994    2.4791   
535987.6405     2.6689    2.4978   
535987.8405     2.7486    2.4508   
535988.1405     2.8529    2.4903   
535988.5405     3.0182    2.5089   
535988.9405     3.0187    3.0498   
535989.3405     2.9145    2.9460   
535989.8405     2.7857    2.6365   
535990.3405     2.6551    2.5568   
535990.7355     2.6270    4.6776   
535991.2354     2.4622    2.8913   
535991.6354     2.3483    3.0105   
535992.0355     2.3428    3.4791   
535992.2355     2.2992    3.2166   
535992.5355     2.2820    3.6465   
535992.8355     2.2270    3.0287   
535994.0354     1.7371    3.4119   
535994.5355     1.6182    3.7255   
535994.9355     1.5674    3.7852   
535995.5355     1.5597    3.4147   
535995.6355     1.4521    3.3768   
535995.7355     1.4250    3.3234   
535995.8354     1.3876    3.3768   
535995.9355     1.2669    3.3733   
535996.0355     1.2468    3.4510   
535996.1362     1.2599    3.2646   
535996.2355     1.3226    3.2367   
535997.0354     1.2766    3.6517   
535997.1355     1.3053    3.5860   
535997.3355     1.3724    2.9123   
535997.4355     1.4140    2.8791   
535997.6355     1.6668    3.1158   
535997.8354     1.6876    3.3890   
535998.0355     1.6704    3.3721   
535998.2355     1.7510    3.0932   
535998.3355     1.6134    2.9823   
535998.4355     1.5301    2.9437   
535998.6354     1.6193    2.9626   
535998.7355     2.2678    3.1408   
535998.8355     1.9412    3.0889   
535998.9355     1.5900    1.9511   
535999.0355     2.0663    2.3343   
535999.1355     2.0448    2.8583   
535999.2354     2.1730    4.1661   
535999.3354     3.5525    4.1323   
535999.5355     2.6977    2.3330   
535999.6355     2.7548    2.5382   
535999.7354     2.7723    3.1496   
535999.9354     3.1507    3.4332   
536000.4354     3.1022    2.8709   
536000.5355     3.2194    3.3670   
536000.6355     3.1866    3.7524   
536000.7355     3.2175    3.7716   
536000.8805     3.2291    3.5418   
536000.9805     3.3060    3.2229   
536001.0805     3.2328    2.8613   
536001.1805     2.9203    2.6374   
536001.2805     3.2157    3.4215   
536001.3805     3.1935    3.2153   
536001.4805     3.3061    2.8107   
536001.5805     3.5070    2.6769   
536001.5805     3.4674    2.6252   
536001.6805     3.5045    2.6149   
536001.7805     3.6759    2.9207   
536001.7805     3.8672    3.3085   
536001.8805     4.2891    4.1889   
536001.8805     4.5628    4.2039   
536001.9805     3.8796    3.9223   
536002.0804     3.3332    2.6566   
536002.0804     3.2907    2.5028   
536002.1805     3.5481    2.8644   
536002.1805     3.4967    2.7936   
536002.2805     3.9752    3.4593   
536002.3805     3.4697    3.1359   
536002.4805     4.1997    3.6780   
536002.6805     3.6445    3.1202   
536002.7805     4.2002    3.6855   
536003.0805     4.4359    3.9096   
536003.1811     4.3899    3.7080   
536003.3805     4.5150    3.6263   
536003.6805     4.7295    3.5871   
536003.9804     4.6321    3.5963   
536004.2805     4.4516    2.8737   
536004.5805     4.4814    2.9726   
536004.9815     4.6390    2.8461   
536005.0815     4.6909    2.9644   
536005.4815     4.7919    3.3231   
536005.8815     4.3360    2.8173   
536005.9815     4.3837    2.7996   
536006.2814     4.7040    3.1924   
536006.6814     4.3594    2.7620   
536006.9815     3.7637    2.2555   
536007.4835     3.8514    2.2823   
536007.7785     3.4872    1.9694   
536007.8785     3.4971    2.1427   
536008.1785     3.0537    1.1454   
536008.2785     3.0296    0.9604   
536008.7785     2.9222    0.5905   
536008.8785     2.3086    2.0229   
536008.9785     2.6595    2.2403   
536009.3785     2.4986    1.4872   
536009.5785     2.4298    1.6822   
536009.8785     2.0034    1.6901   
536010.1785     2.0671    1.2577   
536010.3785     2.0371    1.1459   
536010.6785     2.3783    0.4800   
536011.0785     2.4508    0.4738   
536011.3785     2.8487    0.6911   
536011.8785     2.8458    0.9081   
536011.9795     2.6606    0.8915   
536012.2786     2.3391    0.7937   
536012.8775     2.2045    0.7195   
536012.9775     2.2177    0.7190   
536013.0775     2.4530    0.5797   
536013.1775     2.4537    0.3687   
536013.3775     2.3933    0.4872   
536013.4775     2.3646    0.5442   
536014.7775     2.2603    0.6227   
536014.8775     2.1776    0.6650   
536015.2775     2.1013    0.4941   
536016.5755     2.6408    1.0055   
536016.6755     2.6664    0.9836   
536016.7755     2.6074    0.8699   
536016.8757     2.4872    0.7708   
536017.6205     2.1336    1.3942   
536017.7205     2.1474    1.3006   
536018.1205     2.2420    1.2168   
536018.2205     2.1190    1.1453   
536018.6155     1.9869    0.8591   
536018.7156     2.0093    1.0249   
536018.8155     1.9929    1.3254   
536019.7619     1.7535    1.1473   
536019.8619     1.7629    1.1964   
536019.9619     1.6658    1.3186   
536020.3619     1.7100    1.0874   
536020.4619     1.7045    0.8663   
536020.5619     1.5025    0.7104   
536021.0619     2.0309    0.5022   
536022.3635     1.3611    1.1240   
536022.4635     1.4738    1.1395   
536022.5635     1.4462    1.1679   
536022.6635     1.4808    1.2095   
536022.7635     1.4946    1.2983   
536022.8635     1.6319    1.2576   
536022.9635     1.6705    1.4160   
536023.1635     2.0052    2.0219   
536024.2635     0.6765    1.1357   
536024.3635     1.0008    0.9015   
536024.9635     1.5277    1.2856   
536025.0635     1.2296    1.3821   
536025.1635     1.1969    1.5438   
536025.4635     0.8720    1.5702   
536025.7635     0.8900    2.8911   
536026.2587     0.5759    1.4522   
536026.3609     0.6482    1.3376   
536026.4609     0.6093    1.4851   
536026.5609     0.5152    1.6974   
536026.7609     0.3644    2.1712   
536026.8609     1.0689    1.8247   
536026.9609     0.7806    1.7228   
536027.0609     0.8093    1.7100   
536027.1609     0.7992    1.8335   
536028.7619     0.2750    1.6998   
536028.8619     0.9550    1.2766   
536031.2619     1.0401    1.0377   
536031.7619     1.2917    0.8921   
536031.8628     1.2144    0.9142   
536031.9621     1.2271    1.0219   
536032.0619     2.0063    0.9541   
536032.3623     1.5676    1.4596   
536032.4619     1.7750    1.5794   
536032.5631     1.9446    1.7785   
536032.6619     2.0813    1.4423   
536032.7619     2.0502    1.0362   
536032.8619     1.8796    0.5565   
536032.9569     1.7188    0.2620   
536033.9569     2.3525    0.3190   
536034.0573     2.3956    0.2189   
536034.2569     3.1631    0.3866   
536034.3569     3.1217    0.3850   
536034.4569     3.0974    0.5184   
536034.5569     3.0806    0.5929   
536034.6569     3.0935    0.3831   
536034.7569     3.1303    0.3932   
536035.0585     3.1205    0.5299   
536036.2607     3.4283    0.4525   
536036.3595     3.1879    0.3041   
536036.4595     3.2365    0.3254   
536036.5595     3.0846    0.5570   
536036.6595     3.0582    0.4781   
536036.7602     3.1239    0.2072   
536036.8595     3.1432    0.3547   
536036.9595     3.2183    0.4832   
536037.0597     3.2489    0.5220   
536037.1595     3.2428    0.4350   
536038.3595     2.9013    0.1445   
536038.4595     2.8982    0.2678   
536038.5595     2.8691    0.3123   
536039.2604     2.6897    0.8382   
536039.9595     3.1010    0.4192   
536040.0595     3.1345    0.3976   
536040.2595     2.8441    0.4397   
536041.2605     3.1033    0.3375   
536041.3605     3.0905    0.3324   
536041.4605     3.0664    0.2880   
536042.4555     2.9596    0.4452   
536043.0555     2.8233    0.2658   
536043.1558     2.9019    0.3263   
536043.3558     3.3083    0.5822   
536043.8555     3.2903    0.8303   
536044.2555     3.1078    0.4845   
536044.6555     3.1288    0.4303   
536045.1555     2.9053    0.3562   
536045.4555     2.8073    0.6958   
536045.9555     2.8261    0.5932   
536046.3555     3.3784    0.7080   
536047.3555     3.0075    0.2731   
536047.6005     3.0070    0.1952   
536047.8005     2.9891    0.1998   
536048.2943     2.9959    0.2331   
536048.4943     2.9916    0.2129   
536048.8943     2.7426    0.2710   
536049.0946     2.7858    0.3735   
536049.3965     2.7664    0.6563   
536049.6443     2.7207    0.8742   
536049.9443     2.7175    0.8970   
536050.2443     2.7532    0.8621   
536050.5443     2.7642    0.6519   
536050.8443     2.8457    0.7979   
536051.1443     2.9762    0.7658   
536051.2443     3.4180    0.6785   
536051.5943     3.1094    0.4612   
536051.8945     3.1077    0.5633   
536052.1948     2.9137    0.8049   
536052.3945     2.9081    0.9268   
536052.8945     2.7934    0.7553   
536053.3945     2.8453    0.2131   
536054.0445     3.1095    0.4452   
536054.7445     3.2014    0.1717   
536055.1445     3.1895    0.0717   
536055.3445     3.1207    0.2635   
536055.5445     3.0235    0.6740   
536055.7446     2.9207    1.0098   
536056.3445     2.9219    0.9348   
536056.5445     2.9247    0.9236   
536057.9947     2.9796    0.7233   
536058.1945     2.9586    0.8401   
536058.4945     3.1013    1.0060   
536058.6945     2.9386    1.2770   
536058.8945     2.8775    1.4228   
536059.0958     2.9511    1.8808   
536059.3945     2.8398    1.6702   
536059.5945     2.7870    1.1687   
536059.7945     2.8316    1.2145   
536059.9945     2.7378    1.8082   
536060.6954     3.0311    0.6111   
536060.9445     3.1290    0.1214   
536061.1444     3.1686    0.2417   
536061.4445     3.1887    0.1662   
536061.8445     3.0448    0.3470   
536062.1445     3.0886    0.2178   
536062.3445     3.1230    0.1915   
536062.5955     3.0834    0.1899   
536062.8955     3.0045    0.4538   
536063.0955     2.9626    0.3675   
536063.3405     2.9038    0.4249   
536063.6405     2.9194    0.4815   
536063.8405     2.9638    0.2684   
536064.1405     2.7859    1.1177   
536064.4405     2.8003    0.6126   
536064.7405     2.8386    0.3655   
536064.9405     2.8207    0.7944   
536065.2419     2.8730    1.0609   
536065.4419     2.8914    1.1941   
536065.6419     2.8889    1.0694   
536065.8370     2.8929    0.6022   
536066.1369     2.8521    2.0779   
536066.3369     2.8906    2.7289   
536066.5369     2.9641    2.2156   
536066.7369     2.9071    1.1846   
536066.8369     2.8550    1.2030   
536066.9369     2.8764    1.0045   
536067.1369     2.8689    1.2145   
536067.3369     2.8408    1.5145   
536067.4369     2.8263    1.7744   
536067.6369     2.7846    1.9690   
536067.7369     2.7883    2.0762   
536067.9369     2.7604    2.6721   
536068.0369     2.8800    2.7981   
536068.1369     2.9032    3.0065   
536068.3369     2.8649    3.5926   
536068.4369     2.8890    3.6645   
536068.5369     2.9115    3.7099   
536068.6369     2.9446    3.7677   
536068.9369     3.0660    3.9868   
536069.0369     3.0879    4.0403   
536069.1368     3.0941    4.0274   
536069.4369     3.1995    4.0091   
536069.4369     3.1755    4.0197   
536069.5369     3.1618    4.0044   
536069.6369     3.1771    4.0391   
536069.8369     3.2197    4.2071   
536069.9369     3.2376    4.1754   
536070.0369     3.2711    4.2893   
536070.0369     3.2606    4.2846   
536070.1369     3.2401    4.3063   
536070.2369     3.1927    4.3797   
536070.3369     3.3217    4.3775   
536070.4369     3.3114    4.4621   
536070.5369     3.2767    4.6087   
536070.7368     3.3083    4.8406   
536070.8369     3.2579    4.9669   
536070.9368     3.2135    5.0881   
536071.0369     3.2027    4.9626   
536071.2369     3.1404    4.9539   
536071.4369     3.2697    4.6629   
536071.5369     3.2875    4.6891   
536071.6369     3.2723    4.8233   
536071.7369     3.2783    4.8570   
536071.9369     3.2148    4.4798   
536072.1369     3.1514    3.5665   
536072.2369     3.1118    3.3383   
536072.3369     3.0108    3.1630   
536072.4369     2.9854    3.4341   
536072.6369     2.8053    3.1163   
536072.8369     2.7207    2.7075   
536073.0369     2.6928    3.2165   
536073.1369     2.6815    3.2335   
536073.2369     2.6879    3.3287   
536073.4369     2.5988    3.5321   
536073.6369     2.4997    3.7719   
536073.7369     2.4768    3.7110   
536073.9369     2.3578    4.0418   
536074.1369     2.4116    4.0132   
536074.4369     2.3361    3.9893   
536074.5369     2.2688    4.0625   
536074.6369     2.1819    4.1399   
536074.9369     1.9159    3.9339   
536075.1369     1.8516    3.1982   
536075.3369     1.6578    3.2380   
536075.4369     1.7326    3.9625   
536075.5369     1.6967    4.0338   
536075.7369     1.5961    3.8362   
536075.9369     1.6471    3.3026   
536076.1352     1.6472    4.1011   
536076.5352     1.5600    4.3607   
536076.6352     1.6160    3.8916   
536076.7352     1.8004    3.3583   
536076.8352     1.7743    3.3676   
536076.9353     1.3632    3.9650   
536077.1353     1.3977    4.0592   
536077.2352     1.8299    3.8742   
536077.5352     1.1225    3.9146   
536077.8352     1.1828    3.6854   
536077.9353     1.0697    3.8360   
536078.0353     1.1155    3.5766   
536078.1352     1.1436    3.5478   
536078.2375     1.3605    3.5944   
536078.3352     1.2146    3.9492   
536078.4352     1.0536    4.0884   
536078.5353     1.0166    4.3550   
536078.6352     1.1129    4.0253   
536078.7352     1.1352    3.7015   
536078.8352     0.9935    3.5857   
536078.9802     1.4532    3.3901   
536079.0802     0.8563    3.9652   
536079.0802     0.9052    3.6183   
536079.1802     1.0297    3.3161   
536079.2802     1.8494    3.4201   
536079.3802     1.1881    4.0073   
536079.4802     1.6868    2.9869   
536079.5802     2.0584    3.8256   
536079.5802     1.9206    4.7533   
536079.6802     1.4512    4.3432   
536079.7803     1.5796    3.3616   
536079.8803     1.1613    3.8352   
536080.0802     1.8975    3.5110   
536080.1802     2.3787    3.9738   
536080.2802     3.6418    4.5257   
536080.3802     3.7075    4.6637   
536080.4802     3.9698    4.5454   
536080.5802     4.3124    4.3236   
536080.6802     4.5224    4.1385   
536080.7802     4.5919    4.3928   
536080.8802     4.7246    4.4732   
536080.9802     4.7365    4.1875   
536081.0802     4.8758    3.8704   
536081.1802     4.9908    3.7174   
536081.2803     5.7594    4.4783   
536081.3802     5.4326    3.5190   
536081.4802     5.0804    3.0529   
536081.5802     4.8928    3.2374   
536081.7802     4.7302    2.9129   
536081.8802     4.4066    2.6320   
536082.0802     3.6378    1.7974   
536082.3802     2.6223    2.6301   
536082.5802     2.7832    3.1383   
536082.8802     2.9062    2.7000   
536083.0802     3.0712    1.9836   
536083.3802     3.2181    1.3522   
536083.5802     3.0844    1.4935   
536083.7802     2.7714    1.6569   
536084.0802     2.1185    0.9433   
536084.1802     2.5944    1.5373   
536084.5802     2.6003    1.8289   
536084.9802     2.6817    2.7175   
536085.1802     2.7700    2.8106   
536085.2802     3.9808    2.7006   
536085.5802     3.0351    1.4581   
536085.8752     2.8527    1.3282   
536085.9752     3.1463    1.6072   
536086.2755     3.8408    1.7819   
536086.9756     3.0502    1.4586   
536087.0755     3.1950    1.6556   
536087.1756     3.2945    1.6873   
536087.4758     3.5600    2.6204   
536087.5756     3.3781    2.5750   
536088.2756     3.7367    1.9205   
536088.4756     2.9380    1.4388   
536088.6756     2.5623    1.5561   
536088.7755     2.6106    1.7847   
536088.8756     2.6318    1.8398   
536089.5756     3.0118    2.3693   
536089.6758     2.7031    1.7162   
536089.7756     2.4650    1.2079   
536089.9756     1.4052    1.6932   
536090.1756     1.8286    1.1137   
536090.2756     3.5067    1.1713   
536090.6756     2.0853    0.7964   
536090.9756     0.7622    0.8950   
536091.1756     1.5766    0.7941   
536091.2755     3.8071    1.1060   
536091.3756     3.6942    1.2110   
536091.4755     3.5444    1.7536   
536091.8756     3.2149    2.8680   
536092.0756     2.4003    2.3483   
536092.5755     2.2874    0.7328   
536092.6756     2.1304    0.5461   
536092.7755     2.0924    0.5589   
536093.2755     2.5233    0.3852   
536094.1756     1.9431    0.4612   
536094.4756     2.6794    0.8265   
536094.5756     2.5446    0.6806   
536095.6206     2.3979    1.4005   
536095.7206     2.3009    1.2444   
536095.8206     2.2020    1.0997   
536095.9206     2.1386    0.8565   
536096.2206     2.1695    0.4892   
536096.4206     2.6894    0.8691   
536097.0206     2.5446    2.0526   
536097.1206     2.2653    1.8427   
536097.2206     2.1702    1.6944   
536097.5156     3.1976    1.4785   
536097.8156     3.7774    1.4190   
536097.9164     3.8902    1.2152   
536098.0156     3.9880    1.2087   
536098.1156     4.0268    1.1911   
536098.2155     4.3278    1.5872   
536098.3156     4.3551    1.8687   
536098.6156     2.2895    2.0946   
536099.0156     3.5667    0.7279   
536101.4606     3.5793    1.1105   
536102.8606     3.8208    0.7511   
536103.4606     5.0041    0.8150   
536103.7555     2.8504    0.8368   
536103.8556     3.1648    1.0270   
536105.0556     2.6606    1.3320   
536105.1556     2.7951    1.6154   
536105.2556     3.0250    2.0591   
536105.3556     3.2834    2.5255   
536105.7006     4.5588    4.1115   
536106.1007     5.4690    2.4972   
536106.8006     2.9014    1.2623   
536106.9006     2.9204    1.2635   
536107.0006     2.8956    1.0450   
536107.1013     2.8564    1.1060   
536107.2006     2.8995    1.0305   
536107.3006     3.0272    1.0531   
536107.4989     3.3196    2.1773   
536107.5989     3.6363    2.4830   
536107.6989     3.7488    2.5275   
536108.4970     3.2120    0.9759   
536108.5970     3.5066    1.3807   
536108.6970     3.5768    1.5302   
536108.8970     3.4327    1.4365   
536108.9970     3.3845    1.1546   
536109.3970     3.0921    1.1973   
536109.4970     3.1380    1.3472   
536109.5970     3.1182    1.4303   
536109.6970     3.0950    1.1258   
536109.9420     2.7453    0.7326   
536110.0420     2.7622    1.1706   
536110.2420     2.9930    1.7173   
536110.3420     3.0972    1.6325   
536110.4420     3.0712    1.0464   
536111.1420     2.9627    0.5784   
536111.5420     2.9820    0.4316   
536111.6420     2.9618    0.6292   
536112.2420     2.8459    0.5712   
536112.3420     2.7979    0.6093   
536112.4420     2.8025    0.5402   
536114.4420     2.5937    1.6141   
536114.5420     2.5835    1.5758   
536114.6420     2.6402    1.6408   
536114.7420     2.6221    1.5926   
536115.6420     3.2775    0.6773   
536115.7420     3.1300    0.7414   
536116.3420     3.0249    0.5069   
536116.4420     2.9904    0.5337   
536116.8421     2.8160    0.8091   
536116.9420     2.7885    0.8654   
536117.5420     2.9151    0.6035   
536117.9420     3.0008    1.2873   
536118.0420     3.1551    1.0911   
536118.1420     3.2119    0.9101   
536118.6420     3.1879    0.5127   
536119.0420     3.1042    0.5329   
536119.2421     3.0966    0.7655   
536119.3420     3.0665    0.8895   
536119.5420     3.1621    0.8445   
536119.9420     3.1266    1.0370   
536120.7420     3.9198    1.0243   
536120.8420     4.1232    1.2995   
536120.9420     4.0494    1.3843   
536121.2420     3.5067    0.8441   
536121.3420     3.3139    0.3510   
536121.9420     3.5311    0.4816   
536122.2420     3.4919    0.4502   
536122.3420     3.3820    0.6962   
536123.0420     3.4124    0.7927   
536123.1424     3.3612    0.8915   
536123.9420     3.4851    0.9778   
536124.1420     3.4503    0.7020   
536124.4374     3.4055    0.7188   
536124.5370     3.3293    0.7349   
536124.9370     3.2330    0.9579   
536125.0370     3.2225    1.0726   
536125.2370     3.4432    0.8939   
536125.4371     3.6108    1.0966   
536125.5370     3.5798    0.7563   
536125.5370     3.4870    0.6326   
536125.7365     3.6530    0.2166   
536125.9365     3.5623    0.4894   
536126.1370     3.2333    1.6046   
536126.2365     3.3270    1.1436   
536126.5365     3.7531    0.4487   
536126.7366     3.5116    0.5726   
536127.0365     3.6257    0.3523   
536127.3365     3.9921    0.8107   
536127.5365     3.6808    0.4460   
536127.7365     3.6840    0.5561   
536127.8365     3.7357    0.7424   
536127.9365     3.6931    0.8604   
536128.1391     3.8046    0.6750   
536128.4391     3.6853    0.7086   
536128.5391     3.5709    0.4312   
536128.8391     3.6341    0.3957   
536129.0414     3.4605    0.8263   
536129.1391     3.2831    0.9401   
536129.5416     3.6857    0.3312   
536129.7416     3.6121    0.8440   
536129.9416     3.4765    0.4986   
536130.2416     3.6652    1.0237   
536130.4416     3.7777    1.4313   
536130.6366     3.9949    0.9984   
536131.0369     4.1403    1.0037   
536131.3816     3.6791    0.9828   
536131.7816     3.6428    0.6822   
536131.9816     3.5004    0.8587   
536132.0816     3.5753    0.6509   
536132.5816     3.9351    1.2408   
536132.6816     4.0929    1.0278   
536132.7816     4.1397    1.0181   
536132.8816     4.1980    1.1240   
536133.1816     3.8301    1.1381   
536133.2816     3.9754    1.2467   
536133.3816     4.0247    1.2245   
536133.4765     4.0093    1.2370   
536133.6766     3.4861    0.7448   
536133.7766     3.4496    0.7242   
536134.2216     3.3919    0.6450   
536135.3231     3.9238    1.1078   
536135.4231     3.8755    1.0489   
536137.2181     3.8499    0.6767   
536137.3181     3.8027    0.5521   
536137.4182     3.7450    0.4802   
536137.5181     3.5500    0.3395   
536137.8181     3.2309    0.2855   
536137.9181     3.3262    0.4253   
536138.0181     3.3412    0.6014   
536138.1181     3.4369    0.5203   
536138.9181     3.5027    0.4338   
536139.0182     3.4616    0.4533   
536139.1181     3.4960    0.4884   
536139.2181     3.4536    0.5164   
536140.5581     3.3632    0.2673   
536140.9581     3.2969    0.1714   
536141.0581     3.3185    0.2175   
536141.1581     3.1947    0.2776   
536141.2581     3.2152    0.3225   
536142.1581     3.0048    0.6271   
536142.5038     3.1453    0.7075   
536142.6031     3.3219    0.5857   
536142.7035     3.4271    0.6761   
536142.8031     3.3218    0.8664   
536143.4034     2.9877    0.7156   
536143.5031     2.9710    0.7647   
536143.6031     2.9593    0.7602   
536143.7033     2.9932    0.6839   
536146.1031     3.3087    1.0471   
536146.2031     3.4934    1.1004   
536146.9981     2.9432    0.9519   
536147.4981     3.0807    0.9021   
536147.5981     3.1553    1.0750   
536147.9981     3.0960    1.0715   
536148.3981     3.1769    1.5608   
536148.6431     3.0745    1.3243   
536148.8431     2.9773    1.0961   
536149.2431     3.1325    1.2736   
536149.5431     3.0678    1.0899   
536149.8431     3.0954    1.1086   
536150.1431     3.2796    1.0501   
536150.3431     3.2705    1.2796   
536150.6431     3.3862    1.4046   
536150.9431     3.4336    1.5256   
536151.8431     2.9054    0.9878   
536152.2431     3.0133    1.2340   
536152.5431     3.1128    0.9645   
536152.6431     3.1953    1.0457   
536152.9431     3.3618    1.3364   
536153.0431     3.3997    1.4236   
536153.4381     3.4042    1.4391   
536153.5832     3.3441    1.2701   
536153.6831     3.2485    1.1448   
536154.0831     2.9249    1.3817   
536154.6831     2.5485    1.0761   
536155.0831     2.5769    0.9969   
536155.1831     2.7164    0.9773   
536155.2831     2.5581    1.0253   
536155.7831     2.7363    0.8466   
536156.3831     2.7812    0.9526   
536156.4831     2.9704    0.8516   
536157.1831     3.1548    1.4910   
536157.2831     2.7878    1.2656   
536157.3831     2.6815    0.9489   
536157.4831     2.5118    0.6665   
536157.5831     2.3181    1.0039   
536158.3347     2.3762    0.5806   
536158.9350     2.6338    1.2934   
536159.0344     2.7317    1.2757   
536159.3844     2.6376    1.8548   
536159.4844     2.6538    1.7856   
536159.5844     2.3764    1.7445   
536159.6844     2.2199    1.9624   
536159.7844     2.2005    1.8815   
536160.3349     2.3626    1.7653   
536160.4347     2.4558    1.8019   
536160.5371     2.5100    1.6867   
536162.0815     2.2318    1.3954   
536162.1815     2.1268    1.5158   
536162.2815     2.0588    1.5064   
536162.6815     1.8761    1.7390   
536163.0815     2.0179    1.7607   
536163.2815     2.1139    1.7725   
536163.5815     2.2134    1.6816   
536163.8815     2.5102    1.6145   
536164.3815     2.7735    1.4566   
536164.5815     2.6957    1.5479   
536165.0815     2.4817    1.3951   
536165.2815     2.4701    1.5827   
536165.5815     2.5249    1.5672   
536165.8815     2.3803    1.8218   
536166.1817     2.3902    1.7496   
536166.5815     2.2625    1.7280   
536166.9815     2.5114    1.3912   
536167.0815     2.4521    1.5020   
536167.4815     2.4506    1.5676   
536167.5815     2.3307    1.6783   
536168.2815     2.0307    1.5828   
536168.3815     1.7496    2.1252   
536168.4815     1.8740    2.2147   
536169.1815     2.5156    1.3567   
536169.2815     2.5486    1.2925   
536169.6815     2.1577    2.2880   
536171.6815     2.4180    0.8203   
536171.7815     2.5830    0.4375   
536171.8814     2.6926    0.3837   
536171.9815     2.7331    0.5148   
536172.0815     2.7110    0.9852   
536172.1815     2.7385    1.2970   
536172.7815     2.8265    1.5822   
536172.8814     2.8041    1.6171   
536173.3815     2.8434    0.8268   
536173.4815     2.8404    0.7233   
536173.5815     2.8488    0.6400   
536173.6815     2.7990    0.6238   
536174.0815     2.9707    0.6839   
536174.1815     3.0477    0.3985   
536174.3815     3.1609    0.1615   
536174.5815     3.1182    0.8633   
536174.6815     3.0559    0.6916   
536174.7815     2.9242    0.3676   
536174.8815     2.9220    0.4201   
536175.0815     2.8482    0.4273   
536175.1815     2.7923    0.3784   
536175.3815     2.9328    0.3402   
536175.4815     2.9979    0.3731   
536175.6820     3.1740    0.4150   
536175.7815     3.3248    0.3867   
536175.9824     3.2977    0.3795   
536176.0815     3.2934    0.3805   
536176.2815     3.6907    0.8437   
536176.5815     3.3430    0.6993   
536176.8815     2.9019    0.2373   
536176.9815     2.8109    0.3078   
536177.3815     3.4102    0.5702   
536177.6815     3.2599    0.6617   
536177.7815     3.0217    0.4301   
536177.8815     2.8743    0.5686   
536178.0815     3.3090    0.8544   
536178.1815     3.4114    0.9337   
536178.3815     3.4516    0.3673   
536178.4815     3.3046    0.4604   
536178.7815     3.6626    0.6906   
536179.0815     4.1380    1.2976   
536179.1815     4.0659    1.2291   
536179.4829     3.5462    0.3516   
536180.0818     3.7079    0.4744   
536180.1815     3.7218    0.4932   
536180.3814     3.6251    0.5697   
536180.4815     3.5376    0.4493   
536180.9814     3.3848    0.7105   
536181.0815     3.4754    0.8766   
536181.2815     3.8496    1.3988   
536181.3815     3.7940    1.3690   
536181.4830     3.7898    1.2802   
536182.0815     3.5978    0.5782   
536182.1815     3.7505    0.6142   
536182.6823     3.5257    0.8888   
536182.7818     3.4065    0.7440   
536182.8815     3.4743    0.4556   
536182.9815     3.3723    0.1572   
536183.0815     3.6074    0.3674   
536183.1815     3.7582    0.5395   
536183.7827     3.7844    1.0637   
536183.8815     3.5542    0.9590   
536183.9815     3.8419    0.7927   
536184.0815     3.9280    0.5521   
536184.1817     3.9726    0.4633   
536185.7841     3.6117    0.3762   
536185.8843     3.2259    0.1524   
536185.9843     3.6980    0.4926   
536186.1341     3.8591    0.4023   
536186.4341     4.0578    0.4054   
536186.5341     4.0342    0.3753   
536186.8791     4.0169    0.4204   
536187.1741     4.0366    0.3783   
536187.3241     3.8584    0.3947   
536187.5241     4.0264    0.3046   
536187.8243     4.0251    0.2927   
536188.0241     4.1093    0.4336   
536188.6741     4.2491    0.6927   
536189.1741     3.8940    0.5584   
536189.6241     4.0574    0.0865   
536189.9241     4.1198    0.1903   
536190.0241     4.0214    0.3928   
536190.4241     3.8092    0.6718   
536190.5757     3.9369    0.7365   
536190.6741     3.9507    0.6874   
536191.4742     3.4570    0.9945   
536191.5741     3.0528    1.1237   
536192.5750     3.6809    0.5799   
536193.0241     3.6966    0.6612   
536193.1241     3.8043    0.5339   
536193.3746     3.9563    0.5501   
536193.5741     3.8843    0.5420   
536193.6741     3.9350    0.4455   
536193.9194     4.0502    0.3414   
536194.2213     3.9030    0.4666   
536194.3207     3.5414    0.7798   
536194.6207     3.5641    1.1585   
536195.1207     3.4341    1.2803   
536195.4207     3.5186    0.9603   
536195.5207     3.5951    0.8415   
536195.9207     3.6630    0.6903   
536196.1207     3.6550    0.6697   
536196.2207     3.7645    0.8816   
536196.4207     3.7688    0.7579   
536196.5207     3.7022    0.8317   
536196.6207     3.7570    0.5211   
536196.7207     3.6170    0.3848   
536197.1207     3.5729    1.7147   
536197.2207     3.6405    1.6103   
536197.3207     3.6102    1.1050   
536197.4207     3.6594    0.7111   
536197.8207     3.3276    0.9338   
536198.5207     3.3375    0.3202   
536198.8207     3.2921    0.5254   
536199.1207     3.3145    0.6638   
536199.4207     3.3318    0.7333   
536199.6207     3.4056    0.7530   
536200.6207     3.5338    1.2950   
536200.7207     3.6238    1.6748   
536200.8207     3.7323    1.6043   
536201.5214     3.2153    1.0126   
536201.8214     3.1292    1.3311   
536201.9214     3.1533    1.3762   
536202.0214     3.1452    1.4371   
536202.1214     3.1660    1.6502   
536202.2214     3.0732    1.5178   
536203.2214     2.5304    1.0411   
536203.3214     2.2309    1.6653   
536204.2214     3.4124    1.2968   
536204.5614     3.3519    1.2722   
536204.6614     3.2523    1.2999   
536206.1614     3.1792    0.4414   
536206.5614     3.2299    0.8012   
536207.0614     3.3437    0.9399   
536207.5614     2.9450    0.5431   
536207.9614     3.0126    0.9437   
536208.0614     3.1363    0.8670   
536208.4614     3.5934    1.1028   
536208.8614     3.0489    0.2425   
536208.9614     2.8911    0.3657   
536209.5614     2.7458    1.1848   
536209.8614     2.7710    1.6577   
536210.5634     3.5807    0.8378   
536210.6634     3.4363    0.9691   
536212.8584     2.9789    1.0427   
536212.9584     2.9550    1.1599   
536213.0584     2.7945    1.4524   
536213.1584     2.8210    1.7211   
536213.2584     2.6537    2.2251   
536213.3584     2.5760    2.4051   
536213.4596     2.6382    2.4816   
536213.5584     2.6672    2.4305   
536213.6584     2.9845    2.1835   
536214.3584     3.2839    1.2973   
536214.4584     3.2098    1.0005   
536215.0584     3.1488    0.8654   
536215.1584     3.1696    0.9799   
536215.2584     3.1499    1.0400   
536215.3584     3.1241    1.2317   
536215.4584     3.4455    1.2031   
536215.8584     3.6929    0.8270   
536215.9584     3.5519    0.7483   
536216.7584     3.8066    0.8513   
536216.8584     3.8922    0.9217   
536218.9034     3.9264    0.5824   
536220.4034     4.2468    1.9594   
536220.5034     4.4276    1.8916   
536220.6034     4.3426    1.8235   
536220.7034     4.2243    2.1330   
536220.8034     4.3295    1.6201   
536223.5034     3.5440    0.9124   
536224.1022     4.0817    1.7825   
536224.2022     3.9611    1.2775   
536224.5022     4.1599    1.3275   
536224.6022     4.1989    0.7038   
536224.7022     3.9518    0.6811   
536224.8022     3.6009    0.5902   
536224.9022     3.3570    0.9091   
536225.0022     3.2957    1.4123   
536225.1023     3.3629    1.5282   
536225.2022     3.4358    1.6931   
536225.6972     3.5374    0.7407   
536225.8973     3.5452    0.9369   
536225.9972     3.3550    1.1827   
536226.0972     3.2881    1.5791   
536226.1972     3.4506    1.4921   
536226.2972     3.6599    1.3110   
536226.3972     3.7431    1.0442   
536226.4972     3.5837    0.7694   
536226.5972     3.4021    0.6527   
536226.7972     3.2670    1.7783   
536226.8972     3.2392    1.7759   
536226.9972     3.6430    1.5939   
536227.0972     3.6546    1.3013   
536227.7972     3.2431    2.1227   
536227.8972     3.8517    2.0160   
536227.9972     3.8229    2.1901   
536228.0972     3.9865    2.1370   
536228.2972     3.4799    1.5446   
536228.3972     3.6106    2.1662   
536229.8972     3.6982    1.9574   
536229.9972     3.5154    2.1106   
536231.2972     3.1455    1.7248   
536231.3972     2.9761    2.2244   
536231.4972     3.0744    2.5579   
536231.6972     3.6886    1.9676   
536231.7972     3.7850    1.9731   
536231.8972     3.5301    1.7611   
536231.9972     3.1400    1.3864   
536232.0972     3.1086    1.1286   
536232.1972     3.2262    0.7784   
536232.5972     3.2898    0.4603   
536232.6972     3.1414    0.5690   
536232.7972     3.1033    0.8364   
536232.8972     3.2038    1.1955   
536232.9972     3.3985    1.5095   
536233.0972     3.2321    1.9063   
536233.1972     3.1961    2.2858   
536233.2972     3.2538    1.9654   
536233.3973     3.2433    1.5055   
536233.4972     3.1384    1.1902   
536233.6973     3.1838    0.9219   
536233.7972     3.1669    0.7133   
536233.8972     3.1944    0.4970   
536233.9972     3.1633    0.3798   
536234.0972     3.2309    0.3931   
536234.1972     3.2550    0.5028   
536234.3972     3.0541    0.7319   
536234.4972     3.0144    0.6548   
536234.6972     2.9780    0.8542   
536234.7972     3.0981    0.9665   
536234.8972     3.1323    0.9237   
536234.9972     3.1938    0.8696   
536235.0972     3.3160    0.7018   
536235.8973     3.3674    0.9263   
536235.9973     3.3178    1.5025   
536236.0973     3.2958    1.5694   
536236.3973     4.2501    2.8536   
536236.7973     2.9025    0.7703   
536236.8973     2.9759    1.0500   
536237.5973     2.9890    1.1134   
536237.6973     2.9823    1.2574   
536239.1973     3.3762    0.8165   
536239.5424     3.1882    0.7487   
536239.6424     3.2985    0.6750   
536240.2423     3.3901    2.1977   
536240.3423     3.3669    2.5234   
536240.4429     3.4073    2.5783   
536240.9423     3.5887    2.3692   
536241.2423     2.9643    2.7286   
536241.8402     3.2087    2.4970   
536241.9402     3.3305    2.3355   
536242.2402     3.5272    2.4158   
536242.3402     3.4525    2.4904   
536243.0425     3.1577    2.3398   
536243.2425     3.1981    2.2125   
536243.3425     3.5443    2.5432   
536243.8425     2.8706    1.6715   
536243.9425     3.3291    1.3658   
536244.5375     3.4390    1.3858   
536244.6375     3.4819    1.1299   
536245.1375     3.8091    0.9000   
536245.3375     4.1977    0.7088   
536245.8375     4.2109    0.5798   
536245.9375     4.1830    0.5192   
536246.9376     4.4404    1.7624   
536247.0376     4.4488    2.0323   
536247.3376     4.6325    3.0842   
536247.4376     4.7555    3.2850   
536248.3376     4.5647    3.5566   
536249.0826     4.5639    4.9287   
536249.9826     4.8220    5.6633   
536250.0826     4.6777    6.0079   
536250.2842     4.4805    5.5037   
536250.6832     4.8423    4.0554   
536250.7826     4.9738    3.7347   
536250.8826     4.7405    3.1293   
536251.6826     4.6180    3.3550   
536251.7826     4.5294    3.9203   
536251.8826     4.3870    4.6385   
536254.1345     3.2292    0.6793   
536255.5355     3.0448    3.3407   
536255.7355     3.1742    3.4088   
536256.2355     3.0025    2.3717   
536256.3354     3.3206    2.3620   
536256.5806     2.9576    2.4476   
536257.4828     3.1171    2.0788   
536257.7755     3.3487    3.0909   
536258.6755     3.1986    2.0861   
536259.1755     3.2766    2.9407   
536259.2755     3.3427    2.5868   
536259.3764     3.3753    3.0412   
536259.7755     3.7721    3.2419   
536260.3755     3.0317    2.4088   
536260.4755     2.9677    2.6283   
536260.9755     2.9296    2.0052   
536261.4755     3.2503    0.7859   
536261.8755     2.7760    0.7521   
536262.2755     3.2328    1.1339   
536262.9755     3.6796    0.9407   
536263.3755     3.5241    1.5983   
536263.8755     3.8685    0.9236   
536263.9755     3.2588    0.7131   
536264.3755     3.1519    1.3004   
536264.4757     3.3130    1.0887   
536264.5755     3.4349    0.9091   
536265.0755     3.0742    1.3705   
536265.5755     2.9126    1.4801   
536265.6754     2.9303    1.1162   
536266.2755     3.1407    1.1200   
536266.3755     2.6390    1.0316   
536266.4755     2.5548    2.3589   
536270.0158     3.4229    1.0978   
536270.1158     3.2117    0.5612   
536270.7158     3.0766    1.2754   
536271.1158     3.4607    0.7751   
536271.4158     2.9566    0.9746   
536271.7158     3.2444    1.6371   
536272.2197     3.6119    0.3962   
536273.1175     3.6281    0.9669   
536273.7175     3.8379    0.6078   
536274.0175     3.8945    0.4276   
536274.2175     3.9484    0.3934   
536274.9175     3.6823    0.3822   
536275.2180     3.7665    0.6965   
536275.6175     4.0435    0.3640   
536275.8625     4.3869    0.9247   
536276.4625     3.8391    0.6059   
536277.6625     3.4595    0.8395   
536277.7625     3.4569    1.1589   
536277.9625     3.3397    1.1127   
536281.0625     3.9392    0.6661   
536281.5625     3.9944    0.9517   
536281.6625     4.0485    1.6702   
536282.6625     5.4424    0.3375   
536282.9625     5.7152    0.6555   
536283.0625     5.8353    0.9268   
536283.1625     5.9042    1.1389   
536283.2625     5.8919    0.8890   
536284.1573     7.2660    0.7154   
536284.2573     7.3796    0.5845   
536284.5573     7.4527    0.6784   
536284.6573     7.5431    0.6454   
536284.7573     7.4760    0.7084   
536284.8573     7.5795    0.6859   
536284.9573     7.6411    0.7342   
536285.0573     7.6436    0.8068   
536285.1574     7.7222    0.7310   
536285.2573     7.7674    0.8166   
536287.5573     7.1262    0.9862   
536288.2573     7.2020    1.1604   
536288.3573     7.1676    1.7140   
536288.4573     7.2380    1.8056   
536288.5573     7.3373    1.4239   
536294.0433     13.2287   2.2021   
536297.8383     35.7077   1.0964   
536298.0383     35.4255   0.6621   
536298.1382     35.4297   1.0134   
536298.5383     35.4303   1.1838   
536298.6383     34.4938   0.9159   
536298.7383     34.6023   1.0916   
536302.4382     4.4276    0.8884   
536303.2383     11.9617   1.5627   
536303.3383     12.0172   1.7287   
536303.4383     12.1501   1.8649   
536303.5383     12.2496   1.9863   
536303.8383     12.8913   2.1429   
536304.4383     33.1026   2.8717   
536305.3383     31.1284   1.6064   
536305.4383     31.2954   1.2802   
536308.9833     9.3565    3.2178   
536309.2845     9.6356    2.7780   
536309.3795     9.6454    2.7411   
536309.9795     7.1476    2.7312   
536313.4245     3.0740    1.1696   
536313.5245     3.0051    1.0292   
536317.3635     2.7019    1.6896   
536317.4635     2.7173    1.5166   
536318.5585     2.2421    0.9477   
536318.9585     2.5278    1.6671   
536319.5594     2.6817    2.1030   
536319.6585     2.6279    2.0500   
536320.0035     2.5006    1.3463   
536320.1035     2.5482    1.1621   
536320.2035     2.4922    1.0802   
536320.3035     2.5022    0.8007   
536320.8036     2.3382    1.4829   
536320.9035     2.5171    1.5342   
536321.3035     2.4826    1.0530   
536322.2545     2.4683    1.3900   
536322.3545     2.4267    1.3778   
536322.4545     2.5628    1.0791   
536323.4045     2.6008    0.7066   
536323.5045     2.5773    0.7569   
536324.3995     2.4114    0.5902   
536324.4995     2.3673    0.4787   
536324.9995     2.1802    0.7566   
536325.2995     2.0788    0.4641   
536325.3995     1.9129    0.7952   
536325.9558     2.5551    0.8309   
536326.0564     2.5204    0.9184   
536326.4558     2.6875    0.7037   
536326.8559     2.4675    0.7330   
536327.2558     2.6818    1.2651   
536327.7558     2.7918    0.8891   
536327.9559     2.9444    0.8461   
536328.3008     2.9910    1.0446   
536328.6009     2.9906    1.1835   
536328.9008     3.0352    0.8466   
536330.3008     3.1891    3.0976   
536330.6009     3.0359    2.8954   
536331.1008     2.8689    4.0562   
536331.3008     2.6987    3.9068   
536331.6008     2.6210    4.7988   
536331.8958     2.5606    5.6668   
536332.1958     2.4873    5.7915   
536332.5958     2.4695    5.3714   
536333.2958     2.3509    7.3851   
536334.1958     2.3473    8.1643   
536334.7958     2.0825    8.0738   
536335.0958     1.9586    7.7034   
536335.5961     1.9866    9.4227   
536336.0951     2.0180    10.0613  
536336.5951     1.9823    8.8951   
536336.7950     1.8871    8.5134   
536336.9950     1.7874    8.4843   
536337.1950     1.7824    8.5744   
536337.5950     2.0093    8.5607   
536337.8951     1.9739    8.1335   
536338.2951     2.1099    8.0319   
536338.7950     2.2247    8.2845   
536339.0951     2.3541    7.5913   
536339.3950     2.4508    6.8925   
536339.6951     2.5651    6.9965   
536339.8951     2.6790    6.9619   
536340.3400     2.6668    7.0179   
536340.5400     2.7685    7.8148   
536340.8368     2.8339    8.0743   
536341.0368     2.8358    7.3250   
536341.5368     2.8568    7.3180   
536341.7368     2.9407    7.4933   
536342.2368     2.9962    7.7708   
536342.9368     3.1525    5.1174   
536343.1367     3.1612    5.1146   
536343.4368     3.1312    5.0480   
536343.6368     3.0312    4.9466   
536343.8368     2.6833    5.6212   
536344.1367     2.2877    4.8908   
536344.2368     1.8308    4.5586   
536344.6368     1.4943    2.7160   
536344.7368     1.3474    2.6546   
536344.8368     1.1491    2.8503   
536344.9367     1.0942    2.9187   
536345.0367     1.0891    3.1545   
536345.1367     1.0924    3.3771   
536345.2368     0.9595    3.8615   
536345.3368     1.3417    3.8329   
536345.6368     1.5873    4.3145   
536345.7368     1.6210    4.3038   
536345.8368     1.6520    4.4541   
536345.8821     1.4725    4.3098   
536346.0818     0.7076    3.5402   
536346.1818     0.4700    3.4701   
536346.3818     1.3465    2.0889   
536346.4818     1.6587    2.2189   
536346.5818     1.7595    2.1066   
536346.6818     1.6176    2.0789   
536346.7818     1.3344    2.4045   
536346.8826     1.6063    3.0198   
536346.9818     1.4691    2.6971   
536347.0818     1.5554    2.0051   
536347.1818     1.5536    1.7604   
536347.2819     1.8988    1.7341   
536347.3818     2.3822    2.1930   
536347.4818     3.0431    2.6636   
536347.5825     3.5708    2.9591   
536347.8818     3.7538    2.9994   
536347.9818     3.7887    3.3273   
536348.0818     3.7523    3.2413   
536348.1818     4.0122    3.1413   
536348.2818     4.2432    3.1669   
536348.4819     4.5614    3.1939   
536348.8821     4.4605    2.8242   
536348.9821     4.6265    2.9734   
536349.0821     4.6460    2.9814   
536349.1821     4.6279    3.0109   
536349.2821     4.3070    2.7264   
536349.3821     4.5878    3.2286   
536349.4821     5.0669    3.9297   
536349.5821     5.2447    4.1031   
536349.6821     5.4535    4.3533   
536349.7821     5.8461    4.8224   
536350.3821     5.6062    5.1437   
536350.8821     4.7215    3.7194   
536350.9822     4.7008    3.8513   
536351.0821     4.8249    4.2705   
536351.1822     4.8610    4.4823   
536351.4824     4.6661    4.5052   
536351.5821     4.5410    4.5131   
536351.6821     4.4023    4.4373   
536351.9821     4.2206    4.2814   
536352.0833     4.1630    4.2865   
536352.3821     4.3479    4.8851   
536352.4836     4.3664    5.0005   
536352.6821     4.3289    4.9276   
536352.7830     4.3162    4.9876   
536352.9821     4.2121    4.8402   
536353.0828     4.0935    4.7835   
536353.2821     3.7813    4.7792   
536353.4821     3.6376    4.3031   
536353.6822     3.4912    3.4110   
536353.8825     3.3452    3.3760   
536354.0822     3.2418    4.2736   
536354.3821     3.0358    3.5036   
536354.6821     2.9996    3.3758   
536354.9822     2.9931    2.7349   
536355.2822     2.9519    3.2264   
536355.4822     2.9544    3.5458   
536355.8821     3.0228    3.2006   
536356.1830     3.1269    3.4002   
536356.4822     3.1947    3.4665   
536357.2823     3.3315    3.6266   
536359.2823     3.4827    3.8662   
536362.1777     3.7136    4.2048   
536363.3771     3.8877    4.4680   
