536569.5235     5.6263    2.9295   
536569.6245     5.6649    3.0625   
536569.6245     5.6837    3.0463   
536569.6245     5.7087    3.0422   
536569.6245     5.7749    3.0629   
536569.6245     5.7462    3.0577   
536569.6245     5.8693    3.0756   
536569.6245     5.9335    3.0978   
536569.7245     5.9321    3.0762   
536569.7245     5.8384    3.0104   
536570.0245     4.7468    2.3828   
536570.0245     4.5124    2.2792   
536570.0245     4.5282    2.2682   
536570.1245     4.7586    2.4429   
536570.1245     4.7138    2.4651   
536570.2245     4.6663    2.4822   
536570.2245     4.1812    2.2273   
536570.3245     4.3685    2.2832   
536570.3245     4.5757    2.3579   
536570.4245     4.6322    2.2420   
536570.4745     4.5851    2.1788   
536570.4745     4.5706    2.1553   
536570.5745     3.8410    1.8550   
536570.5745     3.8511    1.9918   
536570.7195     3.9049    1.9226   
536570.7195     4.1474    1.9816   
536570.8195     4.5058    2.5443   
536570.8195     3.7656    2.3699   
536570.9195     3.6802    2.3888   
536570.9195     3.8744    2.5924   
536571.0195     3.2570    2.3672   
536571.1199     3.3577    1.9921   
536571.1199     3.3295    1.8533   
536571.2195     3.2716    1.7481   
536571.2195     3.8174    1.9524   
536571.3195     3.7079    2.0658   
536571.4195     3.8182    2.1049   
536571.4195     4.2142    2.1744   
536571.5195     3.7729    1.9899   
536571.6196     4.3500    1.9735   
536571.6196     4.2316    2.1209   
536571.7201     4.4053    2.1752   
536571.8195     4.7729    2.1810   
536571.8195     4.8599    2.2399   
536571.9200     4.6168    2.0721   
536571.9200     4.5543    2.0407   
536572.0195     3.9501    1.7830   
536572.0195     3.3430    1.4937   
536572.1195     3.4651    1.5202   
536572.2195     3.4801    1.6297   
536572.2195     3.2801    1.7893   
536572.4195     3.6832    2.0171   
536572.4195     3.6140    1.9872   
536572.5195     3.6667    1.9806   
536572.6201     4.0629    2.1705   
536572.6201     4.1268    2.0648   
536572.7201     4.1748    2.3028   
536572.8201     4.1216    2.2279   
536572.8201     3.8351    2.3193   
536572.9201     4.0127    2.1815   
536573.0201     3.9669    2.1421   
536573.1201     4.2984    2.1374   
536573.1201     4.4428    2.1974   
536573.2201     4.7695    2.2708   
536573.3201     4.7502    2.4364   
536573.4201     4.6007    2.6908   
536573.5201     4.6436    2.6795   
536573.5201     5.4917    2.8398   
536573.6201     6.0384    3.1763   
536573.7201     6.2350    3.1741   
536573.8201     5.7297    2.9868   
536573.8201     6.1342    3.5529   
536573.9201     6.1664    3.4661   
536574.0201     6.4626    3.4217   
536574.1201     6.2977    3.0276   
536574.1201     5.9145    2.7136   
536574.2201     5.3839    2.1166   
536574.3201     4.8436    1.7535   
536574.4201     4.5953    1.9586   
536574.4201     4.0810    1.7784   
536574.5201     3.1821    1.5270   
536574.6201     3.3505    1.2893   
536574.7201     3.6572    1.3707   
536574.8214     3.3425    1.5606   
536574.8214     3.4038    1.5790   
536574.9151     3.4710    1.7663   
536575.0151     3.2503    1.7934   
536575.1151     3.1476    1.7444   
536575.1151     2.8554    1.7715   
536575.2151     3.2494    1.5863   
536575.3151     2.8278    1.3528   
536575.4152     4.6650    1.5529   
536575.4152     5.2892    1.6175   
536575.5155     4.9978    1.8565   
536575.6151     5.0515    1.7897   
536575.6151     5.0102    1.7669   
536575.7151     5.0233    2.1267   
536575.8160     5.2964    2.3071   
536575.9166     4.9371    2.3898   
536575.9166     3.4596    1.5226   
536576.0154     3.3821    1.4788   
536576.0154     3.0201    1.3638   
536576.1157     3.2187    1.4091   
536576.1157     3.6196    1.6558   
536576.2151     3.8451    1.8943   
536576.3151     3.8716    1.9554   
536576.4151     3.8726    1.9643   
536576.5169     3.7899    1.8000   
536576.5169     3.5188    1.7139   
536576.6176     3.3169    1.5075   
536576.7151     3.0640    1.4013   
536576.7151     3.0017    1.3737   
536576.8151     3.0609    1.4381   
536576.9151     2.8762    1.3760   
536576.9151     2.5238    1.2688   
536577.0153     2.7338    1.3794   
536577.1159     2.7253    1.3849   
536577.2151     2.9411    1.4845   
536577.2151     2.7130    1.4167   
536577.3151     3.1486    1.7015   
536577.4151     3.3126    2.0616   
536577.4151     3.4614    2.1225   
536577.5151     3.4168    2.2204   
536577.6153     2.6341    1.8627   
536577.7151     2.7520    1.9677   
536577.8151     2.9633    2.3786   
536577.8151     3.1023    2.4467   
536577.9151     3.2163    2.9655   
536578.0151     3.3500    3.4796   
536578.1151     3.6868    3.9424   
536578.2151     3.5908    3.9531   
536578.3151     3.6364    3.7198   
536578.4160     3.3698    2.6584   
536578.5151     3.3706    1.7778   
536578.6151     3.2500    1.1268   
536578.7151     3.2781    0.8206   
536578.8151     3.0912    1.4748   
536578.9151     2.4220    1.9220   
536579.0151     1.8526    1.9329   
536579.1151     1.9588    2.0234   
536579.2151     1.6364    2.0571   
536579.3168     1.8189    1.9686   
536579.4151     1.6536    1.5597   
536579.5151     1.6053    1.1519   
536579.6151     1.6835    1.3733   
536579.8151     2.1372    1.9756   
536579.9155     2.7632    1.5561   
536580.0151     3.2176    1.1935   
536580.1152     3.6961    1.2665   
536580.2151     4.1618    1.8170   
536580.4153     4.3668    2.4137   
536580.5151     3.9440    2.0455   
536580.6163     3.6925    1.6585   
536580.7151     3.1363    1.4461   
536580.8645     2.8773    1.7933   
536580.9645     2.5678    1.8359   
536581.1151     2.3347    1.7514   
536581.2145     2.4741    1.5985   
536581.4145     2.5082    1.7154   
536581.5152     2.6426    1.7555   
536581.6145     2.8435    1.7834   
536581.7145     2.5389    1.7264   
536581.9144     2.9709    1.7692   
536581.9595     3.1430    1.8299   
536582.1045     3.1467    1.8105   
536582.2045     3.2762    1.6161   
536582.3045     3.1956    1.4845   
536582.4045     3.1615    1.3163   
536582.5045     3.0180    1.4151   
536582.6995     2.4160    1.2375   
536582.7995     1.9600    1.0834   
536582.8995     1.9306    0.7509   
536582.9995     1.8395    0.8030   
536583.0995     1.9834    0.9080   
536583.1995     1.9337    0.9559   
536583.3995     1.9298    0.9780   
536583.4995     2.2163    0.9398   
536583.5995     2.1522    1.0150   
536583.6995     2.0806    0.9736   
536583.7995     1.7859    0.8972   
536583.8995     1.4737    0.8317   
536583.9995     0.9759    0.7760   
536584.0995     0.5761    0.7907   
536584.1995     0.5961    0.8376   
536584.2995     0.6453    0.7688   
536584.3995     0.8116    0.6979   
536584.4995     1.0602    0.5800   
536584.5995     0.9107    0.6277   
536584.6995     0.5593    0.6781   
536584.7995     0.7400    0.5671   
536584.8995     1.5338    0.8121   
536584.9995     2.8332    1.1864   
536585.0995     3.3288    1.5676   
536585.0995     3.2011    1.5122   
536585.1995     2.8099    1.2616   
536585.2995     2.0855    0.9659   
536585.2995     0.4323    0.7376   
536585.3995     0.8379    0.7340   
536585.4995     1.6396    1.0786   
536585.4995     2.3258    1.5819   
536585.5995     3.6066    2.4122   
536585.5995     3.4297    2.6655   
536585.6995     3.5368    2.4934   
536585.6995     3.7713    2.7637   
536585.7995     4.8116    3.1769   
536585.7995     5.3988    3.3455   
536585.8995     5.8099    3.5484   
536585.8995     5.6393    3.3593   
536585.9995     4.8873    3.0509   
536585.9995     4.7961    3.1162   
536586.0995     4.3272    3.0417   
536586.0995     4.3048    2.8814   
536586.1995     4.0736    2.6020   
536586.1995     4.7446    2.9880   
536586.2994     5.1964    3.2102   
536586.2994     5.0610    3.2195   
536586.3995     4.9133    3.0357   
536586.3995     4.8784    2.9057   
536586.4995     4.5578    2.7656   
536586.4995     4.2420    2.5457   
536586.5995     4.0280    2.5764   
536586.5995     3.6850    2.4500   
536586.6995     3.8129    2.4993   
536586.6995     4.1570    2.5849   
536586.7995     4.3068    2.6350   
536586.7995     4.1988    2.5624   
536586.8995     4.0932    2.7565   
536586.8995     3.8555    2.6819   
536586.9995     3.7896    2.8764   
536586.9995     3.6807    2.8331   
536587.0994     3.5535    3.3263   
536587.1995     3.2039    3.5798   
536587.1995     3.1760    3.5595   
536587.2995     3.0844    3.5917   
536587.2995     3.0925    3.5964   
536587.3995     3.1727    3.5604   
536587.4995     3.3120    2.7561   
536587.4995     3.0537    2.6432   
536587.5995     2.9807    2.1399   
536587.6994     2.8946    1.4943   
536587.6994     3.1626    1.5733   
536587.7995     2.9862    1.3869   
536587.8995     3.0959    1.2766   
536587.9995     3.1340    1.6071   
536587.9995     3.2723    1.6363   
536588.0995     3.3279    2.9571   
536588.1995     3.2196    3.4233   
536588.2995     2.9653    3.1974   
536588.3995     2.9313    2.4029   
536588.4995     3.1540    1.6217   
536588.5995     3.5405    1.1608   
536588.5995     3.2651    1.0529   
536588.6995     2.9191    1.0778   
536588.7995     2.9063    2.1152   
536588.8995     2.8583    3.1152   
536588.9995     3.0037    3.7731   
536589.0995     3.2142    3.2983   
536589.0995     3.2839    3.2590   
536589.1995     3.4050    2.3346   
536589.2995     3.3850    1.2970   
536589.3995     3.7009    1.2710   
536589.4995     3.8086    1.6278   
536589.5995     3.9111    2.1458   
536589.6995     3.8361    2.2233   
536589.7995     3.7533    1.8412   
536589.8995     3.9256    1.2178   
536589.9995     3.7050    1.2684   
536590.0995     3.5653    1.2397   
536590.1995     3.3940    1.1669   
536590.2995     3.3753    0.9004   
536590.3995     3.3906    0.6421   
536590.4995     3.3818    0.7531   
536590.5998     3.3586    1.0273   
536590.7995     3.5129    1.1662   
536590.8995     3.6361    1.1600   
536590.9994     3.4279    1.5558   
536591.0995     3.4668    1.6377   
536591.1995     4.0810    1.4496   
536591.3995     4.2479    1.2148   
536591.4995     4.7671    0.8164   
536591.5995     3.5940    1.4323   
536591.7945     4.4371    1.0628   
536591.8945     3.0962    1.4569   
536591.9945     3.4379    1.0820   
536592.0945     5.0229    1.0826   
536592.1945     5.4667    1.1903   
536592.2945     5.1344    1.2082   
536592.3945     4.0547    1.2511   
536592.4945     3.9172    1.3670   
536592.6445     4.0597    1.3841   
536592.7445     4.1535    1.3354   
536592.9445     4.1609    1.4946   
536593.0445     3.8860    1.7354   
536593.1445     3.4555    1.7937   
536593.2445     3.2117    1.8635   
536593.3445     3.0497    1.8991   
536593.4450     2.6400    2.2058   
536593.5944     2.6267    1.9535   
536593.6944     2.6493    1.5573   
536593.7945     2.8365    1.2372   
536593.8945     2.7559    1.0519   
536594.0395     3.0865    1.4161   
536594.1398     3.5568    1.3052   
536594.2395     4.1895    1.3294   
536594.3395     4.0601    1.5626   
536594.4395     4.0051    2.1814   
536594.4395     3.2556    1.8251   
536594.5395     3.2339    1.9910   
536594.6395     3.5398    2.0479   
536594.7395     3.8630    1.3508   
536594.8395     3.9202    0.8623   
536594.9394     3.4983    0.5672   
536595.0395     3.3936    0.5526   
536595.1395     3.7196    0.8532   
536595.2395     3.8288    1.1354   
536595.3395     4.1651    1.2514   
536595.4395     4.1144    0.9361   
536595.5395     4.1604    0.7510   
536595.6395     3.8515    0.9563   
536595.7395     3.6697    1.1214   
536595.8395     3.4416    0.9799   
536595.9395     3.4398    0.7280   
536596.0414     3.4156    0.4354   
536596.1395     3.1965    0.4229   
536596.1395     3.3145    0.3728   
536596.2395     3.2381    0.5961   
536596.3395     3.1009    0.7163   
536596.4395     2.7712    0.6935   
536596.5395     2.2211    0.4072   
536596.6395     1.6579    0.5238   
536596.7395     1.2141    1.1237   
536596.8395     1.2070    1.5331   
536596.9395     1.2892    1.4233   
536597.0395     1.5553    1.5192   
536597.1395     1.2024    1.4164   
536597.2395     1.8633    0.3288   
536597.3395     2.9905    1.0899   
536597.4395     3.4894    1.8323   
536597.5395     5.4404    3.0754   
536597.6395     6.2769    4.2593   
536597.7395     7.0698    5.2495   
536597.8395     6.6381    5.3998   
536597.9395     5.6276    5.0635   
536598.0395     4.7745    4.3569   
536598.1395     4.7198    3.7290   
536598.2395     4.7241    3.2376   
536598.3395     5.0791    3.1106   
536598.4395     4.6353    2.9970   
536598.5395     4.0308    2.6727   
536598.6395     3.7153    2.3174   
536598.7347     3.3825    1.8190   
536598.8345     3.1258    1.3617   
536598.9345     3.0205    1.0467   
536599.0345     2.7877    0.8512   
536599.1345     2.7477    0.8297   
536599.2345     2.7463    0.8494   
536599.3345     2.8504    0.9363   
536599.4345     2.3953    1.1688   
536599.5845     2.3587    1.1763   
536599.6845     2.7017    1.0717   
536599.7845     2.4978    1.1796   
536599.9845     2.5152    1.1978   
536599.9845     2.3887    1.2347   
536600.1845     2.7064    1.2259   
536600.2845     3.2783    1.0585   
536600.3845     2.6544    1.2008   
536600.5345     1.7456    1.2450   
536600.6345     2.2355    1.1658   
536600.7345     3.5259    1.0515   
536600.9345     6.1061    1.2059   
536601.0345     5.4190    1.2981   
536601.1345     4.3029    1.7443   
536601.3345     3.3250    2.1395   
536601.4845     4.7437    1.9160   
536601.5845     5.5182    1.7174   
536601.7845     6.1055    1.0379   
536601.8845     5.2070    1.2906   
536602.0845     3.4308    1.6640   
536602.1845     2.6393    2.2414   
536602.3345     2.7832    1.7806   
536602.5345     3.5435    1.3459   
536602.6345     3.5211    1.7137   
536602.7345     3.2905    1.8810   
536602.9345     2.8373    2.3305   
536603.0345     2.6079    2.5939   
536603.2345     2.6741    2.7280   
536603.3845     2.9194    2.2187   
536603.4845     2.9132    2.1394   
536603.5845     2.9916    2.0540   
536603.6845     2.9763    2.0130   
536603.6845     2.7502    1.9976   
536603.8845     2.5757    1.6873   
536603.9847     2.2470    1.7267   
536604.1845     1.8687    1.7567   
536604.2845     1.9770    1.7296   
536604.3345     2.0320    1.6972   
536604.5345     2.0234    1.7598   
536604.6345     1.8838    1.7321   
536604.7345     1.6658    1.6093   
536604.8345     1.8974    1.4685   
536604.9345     2.3151    1.2919   
536605.0345     2.7145    1.3147   
536605.1345     2.9323    1.3248   
536605.2345     2.8479    1.3675   
536605.3345     2.7565    1.3666   
536605.4845     2.8082    1.4773   
536605.5845     2.9192    1.3063   
536605.6845     3.1200    1.2761   
536605.7845     3.1075    1.1629   
536605.8845     2.7795    0.9647   
536605.9845     2.3364    0.8685   
536606.0846     1.9037    0.8986   
536606.1845     2.1055    0.8327   
536606.2845     2.4215    0.6972   
536606.4345     2.5933    0.9043   
536606.5345     2.5512    1.4155   
536606.6345     2.5132    1.5181   
536606.7345     2.5692    0.8398   
536606.8345     2.8111    0.6051   
536606.9345     3.0854    0.9142   
536607.0345     2.6101    0.9586   
536607.1345     2.6187    0.8447   
536607.2845     1.9790    0.8068   
536607.3845     2.1959    0.7027   
536607.4845     2.1755    0.6485   
536607.5845     2.6967    0.9959   
536607.6845     2.7738    1.1425   
536607.7845     2.5949    1.2822   
536607.8846     2.8336    1.4877   
536608.0845     3.5166    1.8560   
536608.2345     2.6281    2.5798   
536608.3345     2.6277    3.3167   
536608.4345     2.9760    4.2619   
536608.5345     3.4469    4.1918   
536608.6345     3.2654    3.6788   
536608.7345     3.0789    4.3786   
536608.8345     3.0543    4.8839   
536608.9345     3.0538    5.4746   
536609.0345     3.2623    5.4839   
536609.1845     3.3716    3.7558   
536609.2849     3.1544    2.5071   
536609.3845     2.9945    1.9991   
536609.5846     2.7747    1.6827   
536609.6845     2.4778    1.7136   
536609.8795     2.3116    1.2593   
536609.9795     2.3929    0.6199   
536610.0795     2.4994    0.1862   
536610.1795     2.5822    0.5226   
536610.2795     2.5671    0.9555   
536610.3795     2.3815    1.1798   
536610.4795     2.2272    0.8396   
536610.5795     2.2923    0.5461   
536610.6795     2.4551    0.5353   
536610.7795     2.6691    0.6368   
536610.8795     2.5709    0.5852   
536610.9795     2.2865    0.5370   
536611.1795     2.3190    0.2886   
536611.2795     2.4120    0.2878   
536611.3795     2.2446    0.2906   
536611.4795     1.9711    0.2782   
536611.5795     1.2962    0.1268   
536611.6795     0.7900    0.7099   
536611.7795     0.8138    1.4733   
536611.8795     0.7262    1.9211   
536611.9795     0.8105    2.2511   
536612.0795     1.4194    1.9797   
536612.1795     3.1330    1.3338   
536612.2795     2.6648    0.4035   
536612.3794     2.5195    0.8269   
536612.4795     1.0178    0.8734   
536612.4795     0.3248    1.2301   
536612.5795     0.6177    0.6169   
536612.6745     2.9600    0.7548   
536612.7745     4.4066    1.4130   
536612.8745     5.0613    1.9701   
536612.9245     4.2435    2.3644   
536613.0245     2.5714    2.4206   
536613.1248     1.3023    2.0235   
536613.2245     1.4467    1.6428   
536613.3245     3.2199    1.2747   
536613.4245     4.5396    1.5852   
536613.4245     4.6739    1.7464   
536613.5245     3.5641    1.6053   
536613.6245     2.2613    1.4573   
536613.7245     1.7857    1.2637   
536613.8245     2.4364    0.9180   
536613.8245     3.4942    1.0147   
536613.9245     3.8378    1.0818   
536613.9745     3.6661    1.2682   
536614.0746     3.2532    1.3112   
536614.0746     2.9312    1.3118   
536614.1745     3.3897    1.2680   
536614.1745     3.7756    1.3200   
536614.2745     3.8261    1.3900   
536614.3745     3.4874    1.3941   
536614.4745     3.2013    1.3093   
536614.5745     3.2834    1.3840   
536614.5745     3.4494    1.4478   
536614.6745     3.4918    1.7249   
536614.9245     3.1074    1.9640   
536614.9245     3.3313    2.0045   
536615.0245     3.6234    1.9104   
536615.0245     3.4699    1.9311   
536615.1245     3.5034    1.9257   
536615.2245     3.2705    1.8783   
536615.2245     2.9380    1.7093   
536615.3245     2.8546    1.6058   
536615.3245     2.9574    1.4653   
536615.4247     3.2115    1.2473   
536615.5245     3.3417    1.1542   
536615.5245     3.3711    0.9866   
536615.6765     3.1671    0.9271   
536615.7787     2.6600    0.6773   
536615.7787     2.6037    0.5668   
536615.8787     2.8058    0.3832   
536615.9787     3.0236    0.3616   
536615.9787     3.2053    0.4516   
536616.0787     3.1072    0.4984   
536616.1787     2.9294    0.4863   
536616.2787     2.7701    0.3876   
536616.3787     2.5916    0.3341   
536616.4787     2.6152    0.3556   
536616.4787     2.6947    0.3941   
536616.5787     2.6645    0.4466   
536616.6787     2.7465    0.5950   
536616.7787     3.0130    0.8990   
536616.8787     2.9981    0.8976   
536616.9787     2.9423    0.9624   
536617.0787     2.8651    0.9148   
536617.1787     2.9496    1.0272   
536617.2787     3.0230    1.0288   
536617.2787     3.0493    1.0001   
536617.3787     3.0538    1.0321   
536617.4787     2.8981    0.9588   
536617.5787     2.6801    0.8485   
536617.6787     2.6438    0.8723   
536617.7787     2.4592    0.8973   
536617.8787     2.5528    1.0800   
536617.9787     2.4770    1.1564   
536618.0787     2.2942    1.1860   
536618.1787     2.1810    0.9175   
536618.2787     2.3189    0.9103   
536618.3787     2.5082    1.0635   
536618.4787     2.5580    1.2099   
536618.5787     2.4939    1.2134   
536618.6788     2.1270    1.0935   
536618.7787     1.9427    0.9814   
536618.8787     1.9821    1.1457   
536618.9787     2.2441    1.1311   
536619.0787     2.5503    1.2082   
536619.1790     3.0285    1.4593   
536619.3787     3.3053    1.7836   
536619.4787     3.6135    1.6572   
536619.5787     3.1845    1.5130   
536619.6787     2.5995    1.4328   
536619.7787     2.3991    1.7792   
536619.8787     3.2972    1.9896   
536620.0789     3.1438    2.2334   
536620.1787     2.5430    1.6248   
536620.2787     1.8529    1.0652   
536620.3787     2.5832    1.8753   
536620.4787     2.4084    1.7949   
536620.5787     1.5455    1.9454   
536620.6787     3.6875    2.3538   
536620.8787     7.3479    3.5016   
536620.9787     8.5933    4.2734   
536621.0787     7.9384    4.1766   
536621.1787     4.3795    3.4977   
536621.2787     2.5617    2.6597   
536621.4787     1.9765    1.8781   
536621.6237     3.3997    2.0896   
536621.7237     6.1486    3.5438   
536621.8237     7.1526    4.7905   
536621.9237     6.3410    5.7496   
536622.0237     4.1456    5.2908   
536622.2755     3.3974    3.0799   
536622.3755     3.8961    2.8817   
536622.4755     4.4060    3.2612   
536622.5755     4.7080    3.9924   
536622.6755     4.2797    4.0653   
536622.7755     3.7007    3.6219   
536622.9755     3.5468    2.8215   
536623.0755     4.0736    2.5600   
536623.1755     4.4946    2.4546   
536623.2755     4.4921    2.3346   
536623.3755     3.8323    2.3121   
536623.4755     3.1722    2.0798   
536623.5755     3.1974    2.2551   
536623.5755     3.6955    2.5466   
536623.6755     3.8034    2.6958   
536623.7755     3.3526    2.8754   
536623.8755     3.1146    3.0072   
536623.9755     3.9545    3.1557   
536624.0755     4.3731    3.2004   
536624.1755     4.2236    3.1174   
536624.2755     3.8395    3.0227   
536624.3755     3.7007    3.0966   
536624.4755     3.4610    3.0332   
536624.4755     3.3563    2.8925   
536624.5755     3.2011    2.6745   
536624.6755     3.2489    2.5679   
536624.7755     3.3663    2.5659   
536624.8755     3.4737    2.6746   
536624.9755     3.2005    2.6711   
536625.0755     2.9252    2.6935   
536625.1755     2.9658    2.6856   
536625.2755     3.1320    2.8282   
536625.3755     3.2514    2.8683   
536625.4755     3.3401    3.0282   
536625.5755     3.2907    3.2024   
536625.7755     3.1171    3.7176   
536625.8755     2.8493    4.0195   
536625.9755     3.4786    3.9567   
536626.0755     4.0232    3.9286   
536626.1755     4.2474    3.8825   
536626.2755     4.2579    3.8924   
536626.3754     3.8144    3.8050   
536626.3754     3.3466    3.6184   
536626.4755     2.3391    3.0940   
536626.5755     2.3134    2.7773   
536626.6755     3.4600    2.6787   
536626.8755     3.7812    2.7266   
536626.9205     3.4961    2.6058   
536627.0205     2.6314    2.1184   
536627.2155     2.0639    1.6004   
536627.3155     2.0800    1.0672   
536627.4168     2.7303    1.2597   
536627.5155     3.3827    1.5526   
536627.5155     2.9620    1.7182   
536627.6157     2.0094    1.8697   
536627.7155     1.8980    2.0242   
536627.8155     2.4322    1.9626   
536627.9155     2.8981    2.2685   
536628.0155     4.1026    2.9979   
536628.1155     4.4197    3.5286   
536628.2155     3.2274    3.4098   
536628.3155     2.0889    2.8875   
536628.4155     2.3904    2.2580   
536628.4155     3.1435    2.2566   
536628.5155     3.2847    2.3158   
536628.6155     3.2394    2.4292   
536628.7155     2.8594    2.4470   
536628.7638     2.7496    2.2584   
536628.8638     2.4255    1.8896   
536628.9639     2.9910    1.7148   
536629.0638     3.7586    1.8544   
536629.1639     3.6330    1.7876   
536629.2639     3.3052    1.7890   
536629.3589     2.9607    1.6984   
536629.4589     2.9054    1.7278   
536629.5589     3.0713    1.8616   
536629.5589     2.9484    1.9108   
536629.6589     2.9724    1.9948   
536629.7588     3.2106    2.0279   
536629.8588     3.2115    1.9701   
536629.9589     3.2562    1.7850   
536630.0589     3.2305    1.4473   
536630.0589     3.1564    1.3339   
536630.1588     2.8331    1.4139   
536630.2588     2.8638    1.7356   
536630.3589     3.2338    2.0748   
536630.4589     3.1676    1.8981   
536630.4589     2.7537    1.4750   
536630.5603     2.2002    1.2359   
536630.6596     2.2677    1.2615   
536630.6596     2.6246    1.4179   
536630.7589     3.0548    1.3577   
536630.8588     3.1035    1.2167   
536630.8588     3.1765    1.2726   
536630.9589     2.9380    1.1987   
536631.0591     2.7234    1.2316   
536631.0591     2.7195    1.3889   
536631.1589     3.0932    1.6465   
536631.2589     3.1636    1.8719   
536631.3589     3.5058    2.1430   
536631.4589     3.2215    2.1993   
536631.5590     3.1422    2.0422   
536631.5590     3.0751    2.0645   
536631.6589     3.1766    2.1417   
536631.7588     3.0580    2.2736   
536631.8589     3.0404    2.1987   
536631.9589     3.1449    2.2267   
536632.0589     3.0671    2.1271   
536632.0589     3.0011    2.0600   
536632.1588     2.3901    2.3329   
536632.2589     1.5323    2.5861   
536632.2589     1.7896    2.9858   
536632.3589     2.2729    3.2635   
536632.3589     2.1592    3.2285   
536632.4588     1.9884    3.2789   
536632.4588     2.3773    3.2771   
536632.5589     2.8344    3.5536   
536632.6593     3.8110    3.6057   
536632.6593     3.1836    3.2940   
536632.7606     2.3564    2.8476   
536632.7606     2.5251    2.7105   
536632.8589     2.3214    2.7607   
536632.9038     2.4125    2.9397   
536632.9543     3.4444    3.0851   
536633.0039     2.9780    2.9475   
536633.1039     1.1478    2.5588   
536633.2039     1.6478    2.5772   
536633.2039     2.4087    2.8505   
536633.3039     2.5837    2.9943   
536633.3552     2.3046    3.0026   
536633.4039     1.3508    3.1485   
536633.5039     1.2705    3.2553   
536633.5039     2.1584    3.3626   
536633.6038     2.8520    3.4559   
536633.7039     2.5113    3.0890   
536633.8038     2.3451    2.8619   
536633.8038     2.2981    2.8019   
536633.9038     2.3984    2.7200   
536634.0038     2.2716    2.2583   
536634.0038     2.0418    2.0471   
536634.1038     2.5110    2.1951   
536634.2038     2.7847    2.0289   
536634.3039     2.5285    1.9793   
536634.3039     2.1601    1.9168   
536634.4038     2.1748    1.6853   
536634.4543     2.3572    1.7304   
536634.5038     2.8013    1.7760   
536634.7038     2.7929    1.9029   
536634.7038     2.6798    1.8548   
536634.8038     2.4404    1.7829   
536634.9038     2.4502    1.8175   
536635.0039     2.7302    1.8746   
536635.0039     2.8324    1.8522   
536635.1038     2.9684    1.9261   
536635.3039     3.4171    2.3550   
536635.4039     3.1503    2.4643   
536635.5039     3.0243    2.1786   
536635.6039     2.9301    2.1578   
536635.6039     2.7613    2.1043   
536635.7039     2.7306    2.1088   
536635.8038     2.6949    2.1627   
536635.9038     2.7621    2.2005   
536636.0039     2.7019    2.0330   
536636.1044     2.9143    1.9979   
536636.2039     3.7779    2.5380   
536636.4039     3.5363    2.3775   
536636.5039     1.9930    2.1327   
536636.6039     1.5108    2.0650   
536636.7039     2.4416    1.8634   
536636.8038     2.8116    1.9059   
536636.9039     3.0673    1.8902   
536637.0039     2.9027    2.2541   
536637.1039     2.8576    2.2722   
536637.3039     2.4122    1.8950   
536637.4038     2.5317    1.5620   
536637.5039     2.6369    1.4915   
536637.6038     2.6797    1.5812   
536637.7039     2.7252    1.7259   
536638.0039     2.5786    1.4820   
536638.0039     2.4616    1.2046   
536638.1039     2.3178    0.5496   
536638.2038     2.8685    0.5296   
536638.4038     4.6373    1.0791   
536638.5544     4.2686    0.8494   
536638.6545     2.4556    0.4316   
536638.7545     2.7691    1.2448   
536638.9545     3.8657    1.6336   
536639.0545     5.1230    2.2417   
536639.2045     5.4456    2.4165   
536639.4045     3.1783    0.7015   
536639.5045     1.6784    0.6339   
536639.6045     2.0725    1.1493   
536639.9545     1.0999    1.1760   
536640.0545     2.7404    1.2727   
536640.1545     4.1281    2.1355   
536640.2553     3.7114    2.6238   
536640.4545     2.2977    2.5399   
536640.5545     1.8631    2.6431   
536640.7045     2.1665    2.4304   
536640.8045     2.0179    2.2395   
536640.9045     2.7171    2.3116   
536641.0553     2.3041    2.4006   
536641.1995     1.7731    2.5054   
536641.2995     1.7780    2.6823   
536641.4995     1.9806    2.7054   
536641.5995     1.8910    2.6187   
536641.7004     2.1088    2.6432   
536641.7995     2.2108    2.7515   
536641.9995     2.1228    2.8650   
536641.9995     1.5911    2.7967   
536642.1995     1.8187    2.4908   
536642.2995     1.9799    2.3004   
536642.3995     1.8757    2.2596   
536642.4995     1.4615    2.3590   
536642.6995     1.2781    2.7976   
536642.8008     1.4635    2.8851   
536642.8999     1.3218    2.8121   
536642.9995     1.5924    2.5221   
536643.0995     2.1543    2.6432   
536643.1995     2.0170    2.7588   
536643.2995     1.6992    2.5956   
536643.3998     1.1242    2.5162   
536643.4995     1.1427    2.5254   
536643.5995     1.2120    2.3805   
536643.7995     0.9612    2.4593   
536643.8995     1.2936    2.4492   
536643.8995     1.2048    2.5001   
536643.9995     0.8877    2.5168   
536644.1015     1.0869    2.4072   
536644.2015     1.3760    2.2366   
536644.3015     1.6379    2.2756   
536644.4015     1.3738    2.0063   
536644.5015     1.1141    2.0058   
536644.6015     1.2864    2.0514   
536644.7015     1.5967    2.4719   
536644.8015     1.4850    2.7131   
536644.9014     1.1982    2.6582   
536644.9014     1.1889    2.6298   
536645.0015     1.1014    2.5154   
536645.1015     1.1257    2.4907   
536645.2015     1.6084    2.5865   
536645.3015     1.6399    2.8354   
536645.4015     1.3909    2.8496   
536645.5015     1.2689    2.8057   
536645.6015     1.4223    2.6382   
536645.9020     0.9184    2.1776   
536646.0021     0.8262    2.2486   
536646.1021     0.8087    2.3407   
536646.2020     0.8048    2.2432   
536646.2020     0.9629    2.2055   
536646.3020     1.0127    2.1178   
536646.4020     1.1593    1.9981   
536646.5020     1.2556    1.9763   
536646.6020     1.1277    1.9271   
536646.7020     0.8278    1.6799   
536646.8020     0.4592    1.6075   
536646.9020     0.5072    1.3814   
536647.0020     0.6019    1.1995   
536647.1020     0.6396    1.2091   
536647.2020     0.7012    1.3665   
536647.3020     0.9771    1.4640   
536647.3020     1.0916    1.4022   
536647.4020     1.0121    0.9751   
536647.5021     1.2641    0.7403   
536647.6021     1.6188    0.6528   
536647.7020     1.7293    0.4286   
536647.8021     1.4447    0.4771   
536647.9020     1.7081    0.5184   
536648.0021     1.9395    0.7472   
536648.1021     2.0377    0.7993   
536648.1021     1.9981    0.7588   
536648.2020     1.8585    0.8642   
536648.3021     1.7991    0.8992   
536648.4020     1.9879    0.4951   
536648.5021     2.3003    0.3668   
536648.6575     2.2248    0.4977   
536648.6575     2.1934    0.6147   
536648.7575     2.2293    0.7329   
536648.8575     2.1925    0.7906   
536648.9575     1.5262    0.7463   
536649.0575     1.6802    0.9814   
536649.1575     2.3231    0.7722   
536649.1575     2.9306    0.8211   
536649.2585     2.4640    0.7994   
536649.3575     1.7217    0.8681   
536649.4575     1.1599    0.5647   
536649.5575     1.5658    1.0491   
536649.6575     1.6165    1.1299   
536649.8025     2.2449    1.3176   
536649.9025     2.9593    1.1696   
536650.0025     3.1837    1.2807   
536650.1025     2.7297    1.0904   
536650.1025     2.3228    0.9934   
536650.2025     2.1635    0.8787   
536650.3025     1.9850    0.9846   
536650.4025     1.7326    0.8587   
536650.4025     1.8100    0.9219   
536650.5025     1.7278    0.7187   
536650.6025     1.4227    0.5089   
536650.7025     0.8884    0.6749   
536650.8025     0.8471    0.7823   
536650.8025     0.9818    0.7353   
536650.9025     1.1086    0.6774   
536651.0025     1.2045    0.5701   
536651.1005     1.1962    0.3596   
536651.1005     1.1606    0.4305   
536651.2005     1.1701    0.4822   
536651.3005     1.3454    0.5722   
536651.3005     1.2926    0.6099   
536651.4005     1.4122    0.6445   
536651.5005     1.4434    0.6133   
536651.6005     1.5517    0.4795   
536651.7005     1.6289    0.3803   
536651.8005     1.7987    0.3435   
536651.9005     1.6129    0.3185   
536652.0005     1.3303    0.5463   
536652.0005     1.5920    0.6003   
536652.1005     1.5428    0.7435   
536652.3005     1.2367    0.7257   
536652.4005     1.3038    0.7701   
536652.4005     1.3290    0.8034   
536652.5005     1.4490    0.9755   
536652.6005     1.4577    0.8700   
536652.7005     1.3905    0.8945   
536652.8005     1.4531    0.9868   
536652.9005     1.4422    1.1837   
536653.0005     1.6420    1.1716   
536653.1005     1.6243    0.8516   
536653.1963     1.5768    0.7667   
536653.2955     1.7057    0.9341   
536653.3955     1.8080    0.5330   
536653.4955     1.7872    0.7779   
536653.5955     1.7707    0.9228   
536653.7955     1.6732    1.4008   
536653.8955     1.6906    1.2574   
536653.9955     1.6920    0.9591   
536654.0955     1.8849    0.8216   
536654.1955     1.7493    0.9199   
536654.2955     1.8695    1.1339   
536654.3955     2.0541    1.1451   
536654.4955     1.9781    1.0535   
536654.5955     2.0089    1.0249   
536654.6955     2.0715    1.1238   
536654.8405     2.0463    1.3206   
536654.9385     1.8241    1.2856   
536655.0385     1.6751    1.3905   
536655.1385     1.9881    1.5885   
536655.2385     2.2007    1.6915   
536655.3385     2.1356    1.7477   
536655.4385     2.2760    1.7450   
536655.5385     2.2432    1.7694   
536655.6385     2.5393    1.7576   
536655.7385     2.6481    1.7753   
536655.8385     2.4422    1.5900   
536656.0385     2.3903    1.6484   
536656.1385     2.6160    1.6802   
536656.2385     2.7791    1.7436   
536656.3385     2.5862    1.6471   
536656.4385     2.5900    1.5306   
536656.5385     2.6924    1.5094   
536656.6385     2.7758    1.4057   
536656.8385     2.6580    1.3191   
536656.8385     2.6775    1.3383   
536656.9385     2.7053    1.1533   
536657.0385     2.9875    1.1155   
536657.1385     3.3784    1.2124   
536657.2385     3.6913    1.3613   
536657.4384     3.6730    1.5878   
536657.5385     3.3413    1.4254   
536657.6385     3.0591    1.3060   
536657.7385     3.0375    1.2362   
536657.8385     2.8842    1.2090   
536657.9385     2.9630    1.2515   
536658.0385     3.2940    1.2955   
536658.1385     3.4836    1.3112   
536658.3388     3.5419    1.2950   
536658.4385     3.5041    1.4497   
536658.5385     3.0434    1.3653   
536658.6389     2.8358    1.3602   
536658.7385     3.0715    1.3636   
536658.8385     3.1779    1.3842   
536658.9385     3.0635    1.4353   
536659.0385     2.9827    1.2224   
536659.1385     3.0080    1.0991   
536659.2385     2.7281    0.9421   
536659.4385     2.3855    1.0913   
536659.4385     2.6118    1.1202   
536659.6393     2.5622    1.2553   
536659.7385     2.4446    1.3463   
536659.8385     2.3683    1.3729   
536659.9385     2.3725    1.3733   
536660.1385     2.3828    1.5247   
536660.2393     2.4119    1.5339   
536660.3408     2.4144    1.6299   
536660.5385     2.5110    1.6012   
536660.6389     2.3969    1.5926   
536660.7385     2.4446    1.6459   
536660.8385     2.1500    1.7158   
536661.0385     2.3480    1.8661   
536661.1385     2.2725    2.0333   
536661.2385     2.2929    2.1042   
536661.4384     2.3863    2.3390   
536661.5385     2.3899    2.3444   
536661.6385     2.2566    2.5044   
536661.8385     2.3715    2.5240   
536661.9385     2.3366    2.4448   
536662.0385     2.6315    2.5437   
536662.2385     2.8473    2.3861   
536662.3385     2.9645    2.3454   
536662.4385     2.9122    2.2046   
536662.6385     2.8712    2.1231   
536662.7385     2.6978    2.0492   
536662.8385     2.5055    1.8705   
536663.0386     2.5274    1.6218   
536663.1385     2.6862    1.5514   
536663.2385     2.6552    1.5662   
536663.3385     2.7483    1.6183   
536663.4385     2.4140    1.5365   
536663.5385     2.4344    1.5603   
536663.6385     2.3023    1.5927   
536663.7385     2.3043    1.6172   
536663.8385     2.5313    1.7743   
536664.0385     2.3359    1.7570   
536664.0385     2.3034    1.7441   
536664.1385     2.1981    1.7683   
536664.1385     2.1088    1.7516   
536664.2385     1.8790    1.7222   
536664.3385     1.6026    1.6095   
536664.4385     2.2237    1.8462   
536664.5385     2.0570    1.8455   
536664.5385     2.0489    1.8499   
536664.7385     2.0721    1.9068   
536664.8385     1.9392    1.9177   
536664.9391     1.7395    1.7504   
536665.0385     1.4086    1.5053   
536665.1385     1.2775    1.5120   
536665.2385     1.2034    1.5539   
536665.3385     1.2642    1.3177   
536665.4385     1.2673    1.3185   
536665.5385     1.8062    1.5513   
536665.6385     1.3886    1.4849   
536665.7385     1.2885    1.4717   
536665.7385     1.3743    1.4912   
536665.9385     1.7495    1.5616   
536666.0385     1.4497    1.4479   
536666.2385     1.4916    1.5324   
536666.3385     1.7647    1.5642   
536666.4385     2.1911    1.6910   
536666.5385     2.2900    1.4746   
536666.6385     3.0665    1.7329   
536666.7387     3.2846    1.9670   
536666.8385     2.9835    2.0514   
536666.9385     3.0066    1.8497   
536667.0385     3.1223    1.8365   
536667.1395     3.3219    1.8609   
536667.2385     3.2943    1.8114   
536667.3395     4.6185    1.8398   
536667.3395     4.9856    1.9911   
536667.4385     4.8224    1.9428   
536667.5385     4.8415    1.9874   
536667.6385     4.8866    1.9874   
536667.7385     4.9876    1.9420   
536667.8835     5.0291    1.8590   
536667.8835     5.0797    1.8918   
536667.9835     5.1536    2.0494   
536668.0835     5.4236    2.1683   
536668.1835     5.3299    1.9334   
536668.2835     5.7228    2.0769   
536668.3835     5.5995    1.9655   
536668.4835     5.4813    2.0887   
536668.4835     5.3857    2.0707   
536668.5835     5.3812    2.0831   
536668.6835     5.2199    2.0698   
536668.7835     5.1964    1.8999   
536668.7835     5.1703    1.8783   
536668.8835     5.1872    1.7098   
536668.9835     5.2053    1.6631   
536669.0835     5.3568    1.9005   
536669.0835     5.3696    1.9041   
536669.1835     5.4744    2.0439   
536669.1835     5.3325    1.9737   
536669.2835     5.2952    1.8174   
536669.3835     5.4446    1.7264   
536669.3835     5.6293    1.8290   
536669.4835     5.7228    1.8153   
536669.5835     5.8477    2.0220   
536669.5835     5.9241    2.0567   
536669.6835     6.1118    2.2153   
536669.7835     6.3643    2.2730   
536669.7835     6.5361    2.3492   
536669.8835     6.6476    2.1645   
536669.9835     6.7791    2.1819   
536669.9835     6.9746    2.2753   
536670.0835     7.1997    2.3074   
536670.1835     7.3046    2.4620   
536670.1835     7.3207    2.4636   
536670.2835     7.4264    2.4085   
536670.3835     7.5734    2.2343   
536670.3835     7.6795    2.2598   
536670.4835     7.7339    2.3672   
536670.4835     7.6918    2.3435   
536670.5835     7.7695    2.5772   
536670.6835     7.8645    2.8709   
536670.7835     7.9545    2.6203   
536670.8835     7.9792    2.5431   
536670.9835     7.9776    2.4055   
536670.9835     8.0244    2.4390   
536671.0835     8.1099    2.4842   
536671.1835     8.1822    2.6079   
536671.1835     8.1162    2.5522   
536671.2835     8.1768    2.6332   
536671.3835     8.1253    2.2049   
536671.4835     8.2196    1.9717   
536671.4835     8.2008    1.9605   
536671.5835     8.4076    2.0673   
536671.6835     8.4107    2.2372   
536671.7835     8.2970    2.2065   
536671.7835     8.1268    2.0998   
536671.8835     8.0453    2.1905   
536671.9835     8.1752    2.2455   
536672.0835     8.2148    2.1614   
536672.1835     8.2747    2.0174   
536672.2835     8.3705    2.0455   
536672.2835     8.2950    2.0327   
536672.3835     8.2511    2.0831   
536672.5835     8.4311    1.9991   
536672.6835     8.5128    1.9692   
536672.7835     8.3334    1.8199   
536672.8835     8.3284    1.7171   
536672.9835     8.4435    1.7882   
536673.0347     8.5070    2.0126   
536673.0835     8.7870    2.1794   
536673.1835     8.7344    2.0877   
536673.2835     8.6639    1.9096   
536673.3835     8.5331    1.8627   
536673.5835     8.8499    1.8786   
536673.6835     8.6755    1.7783   
536673.7835     8.6980    2.0978   
536673.9835     8.8704    1.5699   
536674.0835     8.9089    1.5136   
536674.1835     8.9998    1.5418   
536674.2835     6.7174    2.0573   
536674.3835     6.7012    2.0059   
536674.4835     6.6465    1.9342   
536674.5835     6.6712    1.9699   
536674.6835     6.4994    1.9761   
536674.7835     6.3293    1.9532   
536674.8846     6.3036    1.7404   
536674.9846     6.4032    1.8273   
536675.0846     6.4016    1.7901   
536675.1846     6.3946    1.6563   
536675.2846     4.3266    1.7341   
536675.3846     4.5234    1.9338   
536675.4365     4.5685    1.9683   
536675.5365     4.7154    1.8468   
536675.6365     4.6734    1.7558   
536675.7365     4.7944    1.8342   
536675.9365     5.0486    1.8986   
536676.0365     5.0993    1.8170   
536676.1365     5.2018    1.7147   
536676.2365     5.2104    1.7463   
536676.2815     3.5982    1.7118   
536676.3815     3.6188    1.7136   
536676.4815     3.6153    1.6359   
536676.5815     3.7013    1.5871   
536676.6815     3.9362    1.5217   
536676.7815     4.0352    1.4580   
536676.8815     3.6771    1.3478   
536676.9815     3.7025    1.6381   
536676.9815     3.7606    1.6476   
536677.0815     3.3555    1.9060   
536677.1815     3.1855    1.8824   
536677.2815     2.2445    2.0102   
536677.3815     2.1698    2.1693   
536677.3815     2.1244    2.1682   
536677.4815     2.1882    2.0409   
536677.5815     1.9887    1.7127   
536677.6815     1.7765    2.1308   
536677.7815     1.8717    2.0295   
536677.8815     1.9301    1.9887   
536677.9815     1.6883    1.4898   
536678.0815     1.5196    1.3994   
536678.1815     1.5105    1.5429   
536678.2815     1.4233    1.7629   
536678.3815     1.2114    1.7209   
536678.4815     1.2114    1.6695   
536678.5815     1.2321    1.3960   
536678.5815     1.1776    1.5783   
536678.6815     1.2247    1.6102   
536678.7815     1.2095    1.6439   
536678.8815     0.9581    1.9107   
536678.9815     0.8389    1.9283   
536679.0815     0.7197    1.8815   
536679.1815     0.6520    2.0068   
536679.2815     1.0784    1.8488   
536679.3815     0.9739    1.7478   
536679.4815     1.1141    1.7024   
536679.4815     1.4605    1.6884   
536679.5815     1.3754    1.7349   
536679.6815     1.3449    1.8482   
536679.7815     1.4137    1.9485   
536679.8815     1.3719    2.1193   
536679.8815     1.5011    1.9993   
536679.9815     1.3981    1.7968   
536680.0815     1.5405    1.5918   
536680.0815     1.7247    1.5723   
536680.2815     1.5631    1.4876   
536680.3815     1.5630    1.4518   
536680.4815     1.8475    1.7886   
536680.5815     1.9314    1.8453   
536680.6815     1.3334    1.6488   
536680.7815     1.2879    1.1331   
536680.7815     1.1687    0.8600   
536680.8815     1.0413    1.7305   
536680.9815     1.5064    1.9861   
536680.9815     1.6876    1.9239   
536681.0765     1.9920    2.2423   
536681.1765     2.8845    2.2295   
536681.1765     2.7627    2.0393   
536681.2766     1.7491    2.0866   
536681.3765     1.1697    2.5123   
536681.4765     1.5608    2.8197   
536681.4765     2.1958    2.6038   
536681.5765     2.3812    2.7741   
536681.6765     2.3420    2.4033   
536681.7765     2.2857    2.3405   
536681.7765     2.3788    2.2758   
536681.8765     2.6425    2.0624   
536681.9765     2.8420    1.8204   
536681.9765     3.2711    1.7489   
536682.0765     3.8660    1.9044   
536682.1765     4.2965    2.3058   
536682.2765     4.4775    2.5806   
536682.3766     4.3114    2.5873   
536682.4755     4.1381    2.6497   
536682.5755     4.2863    2.3872   
536682.5755     4.0968    2.2844   
536682.6755     4.1922    2.0341   
536682.7755     4.2415    1.9538   
536682.7755     4.2504    1.9345   
536682.8755     4.2998    1.8404   
536682.9755     4.4774    2.1166   
536683.0755     4.3598    2.1302   
536683.0755     4.2964    2.1052   
536683.1755     4.2903    2.3104   
536683.2755     4.3365    2.2442   
536683.2755     4.1240    2.2400   
536683.3755     3.8402    2.1378   
536683.4755     3.4985    2.3517   
536683.4755     3.5386    2.4660   
536683.5755     3.3897    2.5463   
536683.6755     3.4270    2.5212   
536683.7755     3.5661    2.3059   
536683.7755     3.3274    2.2840   
536683.8755     3.1882    2.1590   
536683.9755     3.1517    2.1713   
536683.9755     3.1342    2.2212   
536684.0755     3.1970    2.1316   
536684.1755     3.1902    2.1177   
536684.1755     3.2319    2.0763   
536684.2755     3.4099    2.1211   
536684.3755     3.4887    2.0312   
536684.4755     3.4599    2.1168   
536684.5755     3.8060    2.1417   
536684.5755     3.8393    2.1478   
536684.6757     3.7670    2.1815   
536684.7775     3.7576    2.8054   
536684.8775     3.4753    3.4452   
536684.9775     3.2622    3.2792   
536685.1225     3.5871    2.7098   
536685.2225     3.9825    2.7284   
536685.3225     4.4981    2.7032   
536685.4226     4.7144    2.5556   
536685.4226     4.9174    2.7389   
536685.5225     4.8346    2.5100   
536685.6225     4.7103    2.3817   
536685.6225     4.8670    2.4834   
536685.7225     4.7010    2.4859   
536685.8225     4.5466    2.4139   
536685.8225     4.3760    2.2361   
536685.9225     4.1470    2.4133   
536686.0225     4.5872    3.1087   
536686.1225     4.5997    3.2967   
536686.1225     4.7433    3.3481   
536686.2225     4.8919    3.4491   
536686.3225     5.0429    3.3609   
536686.4225     5.0350    3.2805   
536686.4225     5.2228    3.2503   
536686.5225     5.3175    3.2124   
536686.6225     5.1847    2.8488   
536686.7225     5.0136    2.6849   
536686.8225     4.4419    2.5264   
536686.9225     3.7924    2.3778   
536687.0225     3.4893    2.4119   
536687.0225     3.5433    2.3614   
536687.1225     3.4449    2.3743   
536687.2226     3.2302    2.1804   
536687.2226     2.9574    2.0756   
536687.3225     2.9134    2.3158   
536687.4225     2.8912    2.3102   
536687.5225     3.0178    2.1160   
536687.5225     2.7612    1.9733   
536687.6225     2.7046    1.9105   
536687.7225     2.7937    1.9990   
536687.8225     2.5760    1.9290   
536687.9225     2.6300    2.2266   
536688.0225     2.9059    2.1140   
536688.1225     3.0206    2.0258   
536688.2225     3.1728    2.1198   
536688.3210     3.2676    1.9192   
536688.4210     3.2556    1.7368   
536688.5211     3.4814    1.7447   
536688.6210     3.2731    1.5290   
536688.6210     2.9710    1.3106   
536688.7210     3.1785    1.3023   
536688.8210     3.1700    1.4878   
536688.9210     2.8075    1.8177   
536689.0210     2.7683    2.2204   
536689.1210     2.6294    2.4247   
536689.2210     2.7702    2.4822   
536689.3210     2.9929    2.3579   
536689.4210     3.3785    2.1179   
536689.4210     3.5613    2.2040   
536689.5210     3.5742    1.9676   
536689.6209     3.3978    1.9313   
536689.6209     3.4552    1.9647   
536689.7210     3.2798    1.9867   
536689.8210     3.3039    1.7252   
536689.9210     3.5623    1.5838   
536690.0210     3.5190    1.7892   
536690.0210     3.4168    1.9160   
536690.1210     3.3817    1.9996   
536690.2210     3.2845    1.9786   
536690.4210     3.1129    1.6005   
536690.4210     2.8219    1.4567   
536690.5210     3.0011    1.5330   
536690.6210     2.9839    1.4493   
536690.7210     2.9070    1.3280   
536690.8210     2.9552    1.2797   
536690.9210     3.0636    1.3354   
536691.0210     3.0016    1.4450   
536691.1210     3.1306    1.4227   
536691.2211     2.9536    1.0550   
536691.3160     2.8013    1.1967   
536691.4160     2.7103    1.5969   
536691.5160     2.8315    2.2798   
536691.6160     2.8001    2.2159   
536691.7160     2.9197    2.5236   
536691.8160     2.7508    1.4798   
536691.9160     2.8479    1.2780   
536692.0160     2.9825    3.0733   
536692.1160     3.1464    4.3850   
536692.1160     3.1244    4.6192   
536692.2160     3.4056    5.0416   
536692.3160     3.4922    4.4552   
536692.4160     3.4508    3.7049   
536692.4160     3.5065    3.8107   
536692.5160     3.5714    2.7685   
536692.6160     3.7243    1.8691   
536692.7160     4.1964    1.8274   
536692.8160     4.1313    1.9742   
536692.9160     4.1766    1.8729   
536693.0160     4.2303    1.5820   
536693.1160     4.2760    1.4798   
536693.1160     4.2946    1.6488   
536693.2160     4.3838    2.1796   
536693.3160     4.5289    2.4693   
536693.4160     4.7692    2.2627   
536693.5160     5.0085    2.2350   
536693.6610     4.7670    2.4887   
536693.7610     4.8670    2.4487   
536693.8610     5.0053    2.3985   
536693.9610     5.1714    2.2388   
536694.0610     5.1176    2.1256   
536694.1610     5.0783    1.9096   
536694.2610     5.0443    2.2315   
536694.3610     4.9215    2.3851   
536694.4610     5.0330    2.4549   
536694.4610     5.0255    2.5782   
536694.5610     5.0187    2.4455   
536694.5610     5.2544    2.5899   
536694.6610     5.1746    2.4593   
536694.7610     5.4854    1.9158   
536694.7610     5.4724    1.7584   
536694.8610     5.5347    1.8713   
536694.8610     5.8838    2.3953   
536694.9610     6.1656    2.3233   
536694.9610     6.0556    2.3037   
536695.4625     4.3585    2.6513   
536695.4625     4.1660    2.7972   
536695.5625     4.1232    3.0030   
536695.6625     4.2553    2.5664   
536695.6625     4.4568    2.6258   
536695.7625     4.5783    2.5630   
536695.7625     4.4534    2.5014   
536695.8625     4.3602    2.9601   
536695.8625     4.3784    2.8885   
536695.9630     4.3840    2.8095   
536696.0624     4.3416    2.5728   
536696.4625     3.3513    2.1597   
536696.5625     3.2353    1.8792   
536696.6625     3.1048    1.7744   
536696.7625     3.2881    1.6470   
536696.8625     3.3930    1.5497   
536696.8625     3.3121    1.4174   
536696.9626     3.3132    1.3928   
536697.0625     3.3484    1.6632   
536697.3629     2.7731    1.6108   
536697.4625     2.7970    1.7258   
536697.5625     2.7284    1.9316   
536697.6625     2.5683    1.9254   
536697.7625     2.3687    1.9647   
536697.8625     2.4991    1.8153   
536697.9625     2.7735    1.4227   
536698.3625     1.8629    1.7866   
536698.4625     2.0434    1.8800   
536698.5625     2.0637    2.1031   
536698.6625     1.0456    1.9418   
536698.7625     0.8105    2.2745   
536698.8625     1.1475    2.2367   
536699.0625     1.4767    1.4807   
536699.1625     1.7267    3.1848   
536699.2625     1.5571    4.6173   
536699.3625     1.5714    4.9936   
536699.4625     1.6204    4.2214   
536699.5625     2.2300    3.0506   
536699.6625     2.1884    2.7641   
536699.7625     2.9172    2.7921   
536699.8625     2.5158    2.9777   
536699.9625     2.3525    2.9042   
536700.0625     2.2399    2.9756   
536700.1625     2.3108    2.8728   
536700.2625     2.2548    3.0997   
536700.3625     1.9213    3.2456   
536700.4625     1.8282    3.3111   
536700.4625     1.2071    3.1050   
536700.5646     0.6134    2.1722   
536700.6595     0.7038    1.8903   
536700.7594     1.0691    2.4942   
536700.8595     1.0790    3.0245   
536700.9595     1.2396    3.6018   
536700.9595     1.5905    3.4649   
536701.0595     2.0795    2.8867   
536701.1595     2.6641    3.0218   
536701.1595     3.4901    3.4306   
536701.2595     3.6086    3.6637   
536701.3595     4.6475    3.2420   
536701.4595     3.5241    2.9820   
536701.5595     2.7219    2.5412   
536701.6595     2.8600    2.5838   
536701.8045     2.7215    2.6803   
536701.9045     3.5597    2.7736   
536702.0046     3.0756    2.6684   
536702.1045     2.7446    2.7623   
536702.2045     2.0457    2.4346   
536702.3045     1.7415    2.2548   
536702.4045     1.7914    1.8665   
536702.5045     2.0507    1.8244   
536702.6545     2.4652    2.2264   
536702.7545     2.5374    2.6051   
536702.8545     2.9363    2.4623   
536702.9545     2.7221    2.2667   
536703.0545     2.3914    2.2530   
536703.1545     2.0866    2.2855   
536703.2545     2.0106    2.2381   
536703.3549     2.1031    2.1988   
536703.4545     2.1940    2.2218   
536703.6045     2.4558    2.6600   
536703.7045     2.5007    3.1550   
536703.8045     2.7107    2.8911   
536704.3545     3.7390    2.0421   
536704.4545     2.8101    2.2653   
536704.7545     2.1348    2.7583   
536704.8545     2.7207    2.8232   
536704.9545     3.8037    2.5379   
536705.0545     4.2669    2.3606   
536705.1545     4.7632    2.3618   
536705.4045     3.8813    2.1400   
536705.5045     2.9070    1.5844   
536705.6045     2.6177    1.5303   
536705.7045     2.3951    1.3615   
536705.8045     2.1733    1.2352   
536705.9045     2.2276    1.1180   
536705.9995     2.5980    1.2541   
536706.1995     3.2298    1.4448   
536706.4945     2.9888    2.1064   
536706.5945     3.1127    2.5133   
536706.6954     3.5032    3.0422   
536706.7945     3.5596    3.5796   
536706.8945     3.4615    2.9704   
536706.9445     3.2981    1.7005   
536707.0445     2.7458    1.5617   
536707.1445     2.3179    2.2981   
536707.2965     1.8437    2.7069   
536707.3965     1.2668    2.5874   
536707.4965     0.9895    2.6437   
536707.8965     5.1317    2.5308   
536707.9980     4.5726    2.0068   
536708.0965     3.6963    1.3868   
536708.1965     3.1613    1.0748   
536708.2965     3.3310    0.6434   
536708.3965     3.3716    0.5641   
536708.4965     3.7048    0.5122   
536708.5965     3.9003    0.6221   
536708.6965     3.9795    0.5451   
536708.7965     3.9599    0.7839   
536708.8965     3.8546    1.1179   
536708.9965     3.3755    1.2368   
536709.0965     3.0129    1.3098   
536709.1965     3.0309    1.5706   
536709.2415     2.6390    1.5171   
536709.3415     2.8488    1.6410   
536709.4415     3.1182    1.8465   
536709.5415     3.2823    1.8557   
536709.6415     3.3242    2.0227   
536709.7415     3.1201    2.0308   
536709.8415     3.1073    2.0536   
536709.9415     3.1306    2.1606   
536710.2415     0.8453    2.0566   
536710.3415     1.7664    2.3105   
536710.4415     1.1023    1.6628   
536710.5415     0.6654    0.9779   
536710.8424     10.2293   5.9995   
536710.9415     9.3265    5.4336   
536711.0418     7.0560    4.2782   
536711.1415     5.0530    3.2937   
536711.6424     3.6524    4.3964   
536711.7415     4.2526    3.7904   
536711.8415     4.6758    3.1901   
536711.9415     4.9243    2.9879   
536712.0415     4.7025    2.3920   
536712.1415     4.5172    4.1112   
536712.2437     4.5251    4.9903   
536712.3415     4.3113    4.7494   
536712.4401     4.1061    3.7179   
536712.5400     3.6255    3.7226   
536712.6400     3.4125    3.7462   
536712.7400     3.5122    4.0606   
536713.2401     4.3458    3.5929   
536713.3401     4.1617    3.5426   
536713.4400     3.9997    3.3059   
536713.5400     3.5966    3.2733   
536713.6400     3.4783    3.5049   
536713.7400     3.5731    3.7489   
536713.9782     4.3218    3.8669   
536714.3782     4.4153    2.3879   
536714.4775     5.9728    2.2888   
536714.5775     5.3744    1.9696   
536714.6775     4.7771    1.9848   
536714.7775     4.4134    2.2302   
536714.8775     4.3910    2.1922   
536714.9775     4.2483    2.0076   
536715.0775     3.7601    2.0087   
536715.1810     2.9226    2.3027   
536715.2810     2.4462    1.3552   
536715.6810     3.1123    1.6942   
536715.7810     4.0843    2.7034   
536715.8810     4.0993    2.8750   
536715.9810     4.2314    2.9227   
536716.0810     4.3334    2.7548   
536716.1810     4.2383    2.7248   
536716.2810     4.9530    3.0524   
536716.3810     4.9951    2.3739   
536716.4810     4.9374    1.9671   
536716.5810     4.9845    2.4939   
536717.1810     3.8457    2.2021   
536717.2810     3.3122    2.1081   
536717.3810     2.5625    2.2434   
536717.6760     2.5994    2.6168   
536717.7760     2.6948    2.4606   
536717.8760     2.6082    2.0728   
536717.9760     3.7571    3.1522   
536718.1760     7.0046    4.7409   
536718.2760     10.3578   6.2245   
536718.3759     11.1777   6.7819   
536718.5760     9.9621    6.4712   
536718.6760     8.0252    5.1993   
536718.7760     7.1116    4.4483   
536718.9760     6.8722    3.5831   
536719.0760     7.4080    3.3127   
536719.2760     7.3954    2.8579   
536719.3760     7.6079    2.6411   
536719.4760     7.5810    2.3528   
536719.6760     7.6328    1.9627   
536719.8760     7.9117    2.1837   
536720.0762     8.0387    2.0971   
536720.1760     6.3086    2.0016   
536720.3760     5.7900    2.2352   
536720.5760     7.0885    2.5159   
536720.7759     8.0153    2.7867   
536720.9760     9.0424    2.5223   
536721.1760     8.3475    2.3700   
536721.4760     8.8726    3.5338   
536721.6760     8.7353    2.3166   
536721.9760     7.8159    2.4655   
536722.1760     7.3662    2.3715   
536722.4760     6.8945    1.8511   
536722.6759     6.4030    1.9141   
536723.0760     6.4140    1.4564   
536723.2760     7.0003    2.0589   
536723.4760     7.1827    1.9878   
536723.7210     7.0273    1.9109   
536723.9210     6.5191    2.0545   
536724.1210     5.8425    1.5579   
536724.3210     5.4235    1.9115   
536724.5210     5.3502    2.0939   
536724.8210     6.6875    2.5822   
536724.9210     7.3583    2.9376   
536725.1210     7.4776    3.0904   
536725.3160     7.1345    3.2247   
536725.4160     6.9553    3.1726   
536725.6160     6.9754    3.0348   
536725.8160     6.3991    3.0589   
536725.9160     6.1794    3.1002   
536726.1162     6.1192    3.0927   
536726.3160     6.4093    3.2408   
536726.5160     7.0332    3.0434   
536726.5160     6.7665    2.9681   
536726.6160     6.5585    2.6218   
536726.7160     6.4617    2.5146   
536726.9160     5.9592    2.5596   
536727.0160     6.0437    2.6494   
536727.2160     4.6054    2.3012   
536727.4160     6.3528    3.6516   
536727.5160     6.5741    4.3067   
536727.7160     6.0130    4.8826   
536727.8160     3.9948    5.7028   
536727.9160     4.7672    5.7506   
536728.1160     7.1745    6.7616   
536728.2160     8.2433    6.8672   
536728.3160     7.8148    5.7899   
536728.4160     6.1505    4.2307   
536728.6160     5.0273    2.7225   
536728.8160     5.2246    2.5165   
536728.9160     4.9666    3.1891   
536729.1160     4.8855    2.5946   
536729.2160     4.6955    2.4355   
536729.3160     4.6501    2.6582   
536729.4160     4.8169    2.7286   
536729.6169     5.2108    2.5596   
536729.7160     5.4107    2.5274   
536729.8160     5.2240    2.3055   
536730.0160     3.9310    1.6591   
536730.1160     3.2712    1.2087   
536730.2160     2.9476    0.6873   
536730.4160     2.7358    0.3747   
536730.5160     4.3932    1.0640   
536730.6160     6.5522    1.6877   
536730.7610     4.9459    1.2619   
536730.8610     3.1862    1.5113   
536730.9610     2.4593    3.0008   
536731.0610     3.5435    3.8208   
536731.2610     7.2932    3.6659   
536731.5610     5.7667    3.4453   
536731.6610     4.7033    3.4991   
536731.7612     4.9073    2.8541   
536731.8610     5.4703    2.5341   
536732.1610     5.0255    2.5949   
536732.2610     4.7722    2.7748   
536732.3610     4.6696    2.8320   
536732.4610     3.5115    2.6046   
536732.6610     3.0942    2.8104   
536732.7610     2.7326    2.9753   
536732.8610     2.7709    3.1367   
536732.9610     2.7550    3.0376   
536733.0610     3.5134    2.7907   
536733.2610     4.0826    2.6977   
536733.3610     4.1429    2.0994   
536733.4610     3.7570    1.6544   
536733.5611     1.9538    0.8813   
536733.6610     1.8763    0.8679   
536733.7610     2.0131    0.9758   
536733.8610     2.5705    0.9544   
536734.0613     2.5448    0.8487   
536734.1610     2.5420    0.8264   
536734.3610     2.1611    1.1353   
536734.4610     2.2782    1.1665   
536734.5611     2.6380    1.2684   
536734.7610     3.1851    1.4316   
536734.8610     3.6438    1.4131   
536734.9610     3.9641    1.3773   
536735.0610     3.1667    1.1939   
536735.2610     1.8726    1.2459   
536735.4610     1.6136    1.4311   
536735.5610     2.2000    1.6971   
536735.6610     2.7591    1.8387   
536735.8610     2.9043    1.7353   
536736.0612     2.8413    1.6776   
536736.1610     2.5265    1.5388   
536736.3610     2.3848    1.8966   
536736.4610     3.6660    2.4639   
536736.8610     4.8145    2.5906   
536736.9611     5.0403    2.3018   
536737.1610     2.4554    1.4309   
536737.3610     2.9746    0.7795   
536737.5610     5.3214    2.2345   
536737.6610     5.7895    3.5959   
536737.8610     3.7007    3.4185   
536738.0610     9.2697    4.2750   
536738.1610     11.3119   4.6254   
536738.3610     10.6816   4.3289   
536738.5610     8.1221    3.9476   
536738.7560     7.2094    4.7348   
536738.9560     7.4335    4.6540   
536739.0560     8.0162    5.0994   
536739.2560     8.0699    5.7284   
536739.5011     7.5313    5.6172   
536739.6010     7.6879    5.1407   
536739.8011     6.6356    4.8028   
536739.9010     7.6642    4.8440   
536740.1010     8.0120    4.4828   
536740.3010     7.3315    4.2098   
536740.4010     7.0894    4.1664   
536740.6010     7.1050    4.5195   
536740.8010     7.3339    5.0023   
536741.0010     7.7527    5.4848   
536741.1010     7.8061    5.2660   
536741.2010     7.3173    4.5844   
536741.4018     6.6779    4.2132   
536741.5010     3.6851    3.5420   
536741.7010     3.8997    3.5028   
536741.8010     4.0590    3.1265   
536741.9010     4.0879    3.3095   
536742.1010     4.1305    3.4002   
536742.2010     4.3465    3.6659   
536742.3010     4.2587    3.3818   
536742.5010     3.7898    3.5260   
536742.6010     3.5621    3.7179   
536742.7010     3.9033    3.8977   
536742.8010     2.8450    3.2021   
536742.9011     2.1030    2.6038   
536743.1013     0.5744    2.1526   
536743.2010     0.2176    1.8486   
536743.3020     1.5698    1.7936   
536743.4010     2.5773    1.8705   
536743.5023     1.6414    1.4257   
536743.6010     1.0165    0.9098   
536743.7010     1.9318    1.5686   
536743.9028     2.4205    1.9162   
536744.0010     3.2419    1.9424   
536744.1010     2.9189    2.5965   
536744.2010     2.3142    3.3491   
536744.3010     4.0117    3.5357   
536744.3960     4.9430    3.2527   
536744.4960     3.7553    2.7921   
536744.5960     2.4181    2.4326   
536744.6962     2.5934    2.0895   
536744.7960     2.7158    1.5475   
536744.8960     2.5876    1.4402   
536744.9960     2.9272    1.5560   
536745.0960     3.2990    1.4198   
536745.1960     3.3703    1.2208   
536745.2960     3.1831    1.3669   
536745.4975     2.3235    1.1962   
536745.5975     2.4360    1.2031   
536745.6975     2.6350    1.2670   
536745.7976     2.8079    1.1032   
536745.8425     3.2100    0.8613   
536745.9425     3.1762    0.4067   
536746.0425     3.0195    0.3669   
536746.1425     2.8181    0.5347   
536746.2425     2.4799    0.5090   
536746.3425     2.2873    0.5065   
536746.4426     2.4072    0.7954   
536746.5439     2.3093    1.4031   
536746.6425     2.2030    1.6302   
536746.7425     2.2241    1.6740   
536746.8425     2.8802    2.1675   
536746.9425     2.9499    2.2867   
536747.0425     2.6681    2.3352   
536747.1425     2.7472    2.6174   
536747.2425     2.9670    2.6292   
536747.2425     3.5478    2.5769   
536747.3425     4.0044    2.5702   
536747.3425     3.6136    2.3816   
536747.4425     3.1207    2.3301   
536747.5425     2.3571    2.0239   
536747.6425     2.1251    2.4423   
536747.7425     2.1758    3.4727   
536747.8425     2.3552    3.7725   
536747.8425     3.0694    3.8313   
536747.9425     4.7311    3.7425   
536747.9425     4.2362    3.5623   
536748.0426     2.4015    3.2843   
536748.1430     2.4839    2.6382   
536748.1430     3.6161    2.8319   
536748.2431     3.4415    2.9709   
536748.2431     3.2837    2.9803   
536748.3425     2.6603    2.9281   
536748.3425     3.0238    3.2682   
536748.4425     3.1673    3.2603   
536748.4425     2.5547    3.3152   
536748.5425     2.2376    3.6049   
536748.5425     2.1555    3.5754   
536748.6425     2.8986    3.5647   
536748.6425     3.6183    3.3364   
536748.7425     3.2908    2.6194   
536748.7425     2.9104    2.5051   
536748.8425     2.8793    2.2050   
536748.8425     2.6938    2.1540   
536748.9425     2.9666    2.1136   
536748.9425     3.0528    2.0354   
536749.0425     3.0254    1.2993   
536749.1425     3.5207    1.7004   
536749.2425     3.7003    1.6287   
536749.3425     3.8994    2.6398   
536749.4425     4.0339    2.4865   
536749.4425     3.9805    2.3990   
536749.5425     3.7912    2.1895   
536749.6375     3.7831    1.9741   
536749.6375     3.9040    1.8567   
536749.7375     3.8143    2.2026   
536749.8375     3.7137    2.5835   
536749.8375     4.6351    2.6830   
536749.9376     4.8444    2.7371   
536750.0376     4.7162    2.8687   
536750.1375     4.2207    2.6450   
536750.2394     4.4617    2.5705   
536750.3375     4.6095    2.4968   
536750.4375     4.6776    2.4532   
536750.4375     4.5116    2.5047   
536750.5375     4.9246    2.9126   
536750.6375     5.2918    2.8708   
536750.7375     4.9230    2.5355   
536750.8375     3.8332    2.2315   
536750.9375     2.9994    2.0584   
536751.0375     3.6032    2.2864   
536751.1375     3.7594    2.2993   
536751.2375     3.0681    2.2582   
536751.3375     2.4159    2.1620   
536751.4375     2.3747    1.9984   
536751.5375     2.2474    1.9388   
536751.6375     3.1678    1.1030   
536751.7376     3.3397    0.8752   
536751.8375     3.7444    1.1475   
536751.9375     3.4419    0.7087   
536752.0376     2.3141    0.5907   
536752.1375     2.7536    1.0392   
536752.2383     3.6912    1.2629   
536752.3400     5.1188    1.6544   
536752.4390     3.9667    1.0350   
536752.5376     2.7167    0.4823   
536752.6390     2.3769    0.5771   
536752.7375     1.9106    1.4308   
536752.8375     2.2989    1.9723   
536752.9392     3.4271    2.2439   
536753.0375     4.4782    2.5720   
536753.1375     3.4186    2.4736   
536753.2381     2.5252    2.3663   
536753.3375     2.0157    2.3571   
536753.4377     2.1885    2.1877   
536753.5375     2.3206    2.2679   
536753.6386     2.1962    2.5082   
536753.7375     2.1966    2.5100   
536753.8378     2.5119    2.7944   
536753.9375     2.4485    2.9583   
536754.0379     2.1314    2.7896   
536754.1825     1.8611    2.6353   
536754.2825     1.7366    2.6019   
536754.3825     1.2725    2.6543   
536754.4825     1.5332    2.4897   
536754.5825     1.5125    2.7066   
536754.6825     1.4484    2.7199   
536754.7825     1.6985    3.0278   
536754.9825     2.0478    2.4741   
536755.0825     1.9277    2.3028   
536755.1825     1.7430    2.5361   
536755.2825     1.3704    2.5249   
536755.3825     1.1255    2.5549   
536755.4825     1.8168    2.4931   
536755.5825     1.4125    2.4117   
536755.6825     2.0096    2.3691   
536755.7825     2.2745    2.3759   
536755.9825     2.4307    2.1141   
536756.0825     2.1752    2.2172   
536756.1825     1.9591    2.1782   
536756.2825     2.0857    2.1852   
536756.3825     1.9926    2.1713   
536756.4825     1.6541    2.4524   
536756.5825     2.0765    2.5331   
536756.6825     1.5434    2.4906   
536756.7825     1.4947    2.5083   
536756.9825     1.5418    2.2865   
536757.0845     1.7217    2.2756   
536757.1845     1.7284    2.1089   
536757.2845     1.5991    1.9133   
536757.3848     1.6011    1.6660   
536757.4844     1.6767    1.6218   
536757.5845     1.7080    1.6176   
536757.6845     2.8214    1.5739   
536757.7845     1.8881    1.5447   
536757.8845     1.5437    1.6420   
536757.9845     1.5111    1.6527   
536758.0845     1.6303    1.7389   
536758.1845     1.7613    1.6674   
536758.2845     1.7416    1.6473   
536758.3845     1.7490    1.5698   
536758.5345     1.6943    1.7183   
536758.6345     1.7209    1.6627   
536758.6345     3.1285    1.5525   
536758.7345     2.6854    1.4989   
536758.8345     2.4979    1.1763   
536758.9345     2.4154    0.9796   
536759.0345     2.2854    0.7584   
536759.1345     2.3877    0.6864   
536759.2345     2.4605    0.6108   
536759.3345     2.6110    0.7333   
536759.4345     2.6945    0.8500   
536759.5345     2.6605    0.5696   
536759.5345     3.5409    0.6033   
536759.6345     3.2629    0.5437   
536759.7345     3.2825    0.4205   
536759.8845     3.2632    0.2467   
536759.9845     3.2771    0.4215   
536759.9845     3.1255    0.4677   
536760.0845     3.0108    0.4682   
536760.1845     3.0354    0.4245   
536760.2845     3.5183    0.7255   
536760.3845     3.5438    0.5497   
536760.3845     4.4370    0.7858   
536760.4845     3.7264    0.4791   
536760.5845     3.7201    0.5252   
536760.6845     3.6501    0.4188   
536760.7845     3.8834    0.8616   
536760.7845     4.1882    0.8790   
536760.8845     4.6470    0.6737   
536761.0345     4.7555    0.9429   
536761.1346     4.1685    0.7902   
536761.1795     4.5290    0.5539   
536761.2795     3.9300    0.5527   
536761.3795     3.6086    0.6735   
536761.3795     3.4521    0.7334   
536761.4795     3.5382    0.5547   
536761.5799     3.5198    0.4569   
536761.5799     3.3468    0.4529   
536761.6795     3.3410    0.6002   
536761.7795     3.3634    0.6456   
536761.8808     3.5024    0.6936   
536761.8808     4.4568    0.6483   
536761.9808     4.3886    0.5946   
536762.0808     4.3035    0.7382   
536762.0808     4.3248    0.7879   
536762.1758     4.3572    0.9037   
536762.2758     4.1811    0.8889   
536762.3758     4.0713    0.9767   
536762.3758     3.9529    1.0645   
536762.4758     3.9673    1.0612   
536762.5758     4.0144    0.9108   
536762.5758     4.6659    0.9869   
536762.6758     4.5331    0.7320   
536762.8758     4.4941    0.5383   
536762.8758     4.3172    0.5152   
536762.9758     4.0906    0.6255   
536763.0758     4.0227    0.7527   
536763.1758     4.1104    0.7515   
536763.2758     4.3395    0.8625   
536763.3758     4.3636    0.8555   
536763.4758     4.1991    0.8016   
536763.4758     4.5110    0.8840   
536763.5758     4.3835    0.8730   
536763.6758     4.3166    1.0502   
536763.7758     4.1928    1.1729   
536763.8757     4.0535    1.3384   
536763.9758     4.1867    1.2031   
536764.0758     4.1539    1.1312   
536764.1758     4.1040    1.1774   
536764.2758     3.8902    1.1719   
536764.3758     3.8239    1.1238   
536764.4758     3.9878    1.0026   
536764.5758     4.0297    1.0305   
536764.6757     3.9985    1.1589   
536764.7758     4.0848    1.2021   
536764.8758     4.0521    1.2065   
536764.9758     4.0441    1.3162   
536765.0758     3.8869    1.4407   
536765.1758     3.8509    1.5708   
536765.2759     3.8156    1.5706   
536765.4758     3.7194    1.6530   
536765.5757     3.8253    1.7204   
536765.7757     4.0805    1.9637   
536765.8758     4.3285    2.3197   
536765.9764     4.4017    2.4978   
536766.0758     4.3543    2.5132   
536766.1745     4.2218    2.4596   
536766.2745     3.9895    2.2053   
536766.3768     3.9299    2.3620   
536766.4745     3.9480    2.3968   
536766.5745     4.2598    2.3608   
536766.6745     4.2757    2.2761   
536766.8745     4.5365    2.1861   
536767.0245     4.7455    2.2039   
536767.1245     5.3159    2.1729   
536767.2245     5.6188    2.3345   
536767.3245     5.6556    2.2688   
536767.4245     5.1600    1.9065   
536767.5245     4.7794    1.5044   
536767.6245     4.6924    1.5310   
536767.8245     5.3024    1.7525   
536767.9245     5.4837    2.1771   
536767.9745     5.6869    2.5116   
536768.1745     5.4857    2.4236   
536768.2745     5.2969    2.5733   
536768.3757     5.0215    2.5375   
536768.4745     4.9859    2.5706   
536768.6752     5.1962    2.8190   
536768.7745     5.3971    2.9801   
536768.8745     5.2390    2.9347   
536768.9745     5.7106    3.0268   
536769.1195     5.6241    2.9095   
536769.2195     5.2929    2.7992   
536769.5195     5.3306    2.2858   
536769.6201     5.5068    2.3487   
536769.6201     5.7761    2.4343   
536769.8195     5.6741    2.4183   
536769.9194     5.6609    2.3942   
536770.0195     5.4853    2.2652   
536770.2195     5.5132    1.9914   
536770.3195     5.4313    1.9410   
536770.5194     5.9739    2.2749   
536770.6195     6.2885    2.5724   
536770.7195     6.1535    2.8515   
536770.9197     5.8749    3.0650   
536771.0195     5.8590    3.0967   
536771.1195     5.6128    2.8902   
536771.3195     5.7635    2.9802   
536771.4195     6.0445    2.9521   
536771.5195     6.1154    2.9341   
536771.6145     5.9575    2.6097   
536771.8145     5.8492    2.5631   
536771.9145     5.4446    2.1278   
536772.1155     5.5796    2.0075   
536772.2156     5.5513    1.8459   
536772.3155     5.2296    1.9339   
536772.4155     5.0360    1.5449   
536772.5155     5.2243    1.6194   
536772.7155     5.6249    1.7800   
536772.9155     5.7716    2.7577   
536773.1155     5.7624    1.8596   
536773.2155     5.6686    1.8858   
536773.4155     5.4480    1.9916   
536773.6155     5.7720    2.0994   
536773.8155     5.5531    1.9167   
536773.9155     5.0499    2.1608   
536774.1155     4.7098    2.0143   
536774.2155     4.0448    1.8702   
536774.4155     3.8082    1.8165   
536774.5155     3.7011    2.1131   
536774.6155     4.5790    2.2382   
536774.8155     4.6951    2.4406   
536775.1155     4.4751    1.8968   
536775.2155     4.7460    1.8630   
536775.3155     4.5542    2.1766   
536775.5165     4.9973    2.4413   
536775.7165     4.9642    3.0319   
536775.9165     5.0052    2.7454   
536776.1165     5.1193    1.9466   
536776.2165     5.0843    2.3279   
536776.4165     4.0155    2.6014   
536776.5165     4.0638    1.9887   
536776.6165     4.2550    2.1029   
536776.8165     4.4735    2.3238   
536776.9165     4.2792    2.6621   
536777.1165     4.3669    2.5633   
536777.2165     4.2696    2.6034   
536777.4165     3.3625    2.4245   
536777.5165     3.0010    2.3631   
536777.6165     2.9646    2.2836   
536777.8165     3.1002    2.1173   
536777.9165     3.2333    2.2321   
536778.0165     3.2469    2.1589   
536778.1165     3.4323    2.2656   
536778.3165     3.6928    2.2542   
536778.4165     3.9334    2.1425   
536778.5165     4.2760    2.1398   
536778.6165     4.6632    2.0980   
536778.8165     4.9476    2.2525   
536778.9165     5.2467    2.3874   
536779.0165     5.3226    2.3635   
536779.1165     5.5712    2.4156   
536779.2165     5.7443    2.3442   
536779.3165     5.6121    2.1250   
536779.4165     5.6122    2.1102   
536779.5167     5.4385    2.1387   
536779.7165     5.6015    2.5101   
536779.8165     5.7605    2.7170   
536779.9165     5.7538    2.6905   
536780.0165     5.7148    2.4510   
536780.1165     5.8635    2.3399   
536780.2165     5.8780    2.2726   
536780.2165     5.8222    2.2501   
536780.3165     5.7793    2.3363   
536780.4165     5.8910    2.4525   
536780.5165     5.9475    2.5031   
536780.6165     5.8758    2.5675   
536780.7165     6.0340    2.6110   
536780.8165     6.1091    2.7243   
536781.0165     6.2281    2.8092   
536781.1165     6.0050    2.7869   
536781.2165     5.5220    2.6319   
536781.3165     4.9781    2.0906   
536781.4175     5.0738    2.0531   
536781.5165     5.5621    2.1299   
536781.6165     5.8260    2.4753   
536781.7178     6.1173    2.6736   
536781.8177     5.9071    2.7186   
536781.9178     5.5310    2.6328   
536782.0185     5.2183    2.3913   
536782.1185     4.9794    2.2880   
536782.2185     4.7048    2.2798   
536782.3185     4.9112    2.3313   
536782.5185     4.9546    2.2748   
536782.7185     4.9514    2.1511   
536782.8635     5.4532    2.2672   
536782.9635     5.4532    2.4325   
536783.0635     5.1890    2.2899   
536783.1635     5.0725    2.2759   
536783.2635     5.4174    2.1521   
536783.2635     5.1647    2.0341   
536783.3635     4.7370    1.8772   
536783.4635     4.7943    1.9410   
536783.5635     4.9051    1.9551   
536783.7635     5.0520    2.0730   
536783.7635     4.8854    2.1187   
536783.8635     5.0160    2.2080   
536783.9635     4.9136    2.2957   
536784.1635     4.6438    2.2593   
536784.2635     4.2838    2.6147   
536784.3635     4.3684    2.6630   
536784.4636     4.3039    2.4634   
536784.6635     4.3188    2.1276   
536784.7635     4.0516    1.8460   
536784.8635     4.1817    1.9100   
536784.9635     4.4793    1.9280   
536785.1635     4.7511    1.8771   
536785.2635     4.0186    1.6992   
536785.4635     3.8548    1.6657   
536785.5635     3.6802    1.5349   
536785.7635     3.7724    1.2817   
536785.9635     3.6514    1.2700   
536786.0635     3.5247    1.3487   
536786.2635     3.8401    1.4616   
536786.3635     3.8163    1.4895   
536786.5635     4.0752    1.5168   
536786.7635     4.2059    1.6642   
536786.9585     3.9374    1.3293   
536787.1585     3.5812    2.4358   
536787.2585     3.3485    2.4734   
536787.4585     3.3831    1.6192   
536787.6585     3.3237    1.5488   
536787.8585     3.2483    2.1903   
536788.0585     3.5123    2.2800   
536788.2585     3.7818    1.9969   
536788.3585     3.9347    1.9613   
536788.6585     3.8275    2.6785   
536788.8585     4.0013    2.7739   
536789.1592     4.6432    2.7489   
536789.3585     5.2590    2.9364   
536789.4585     5.7631    3.0702   
536789.7563     6.4593    3.5176   
536789.9564     6.9065    4.0204   
536790.1564     7.3634    4.3250   
536790.3564     7.7827    4.3667   
536790.5564     8.1324    4.8266   
536790.7564     8.2164    5.2333   
536790.9564     8.4419    5.1035   
536791.1564     8.3469    5.0261   
536791.4565     8.4832    4.5310   
536791.5564     8.4228    4.2675   
536791.7564     8.4738    3.7918   
536791.9564     8.5596    3.1935   
536792.1564     8.2553    2.2777   
536792.3586     7.8830    2.1477   
536792.4586     7.7288    1.8974   
536792.6585     7.2376    1.5455   
536792.7586     6.8237    1.4590   
536792.9586     6.5047    1.3518   
536793.0586     6.4189    1.3161   
536793.2586     5.9114    1.2279   
536793.3586     5.7532    1.1677   
536793.5586     5.7651    0.7607   
536793.6586     5.5918    0.5812   
536793.8586     5.2635    0.6906   
536793.9586     5.2854    0.7569   
536794.0586     5.2324    0.9343   
536794.2585     5.1780    1.3158   
536794.3585     5.0943    1.2034   
536794.4586     4.9694    1.2912   
536794.6586     5.1383    1.3540   
536794.7586     5.3238    1.4116   
536794.8586     5.4767    1.3626   
536794.9586     5.2893    1.1714   
536795.1585     5.4518    0.9602   
536795.2586     5.6089    0.9092   
536795.3587     5.5793    1.1272   
536795.5586     5.4494    1.6162   
536795.6586     5.3830    1.8693   
536795.7585     5.1330    2.2307   
536795.8586     5.1895    2.3267   
536795.9586     5.5900    2.4227   
536796.0585     5.9402    2.6714   
536796.2036     6.1069    2.8774   
536796.3036     6.1515    2.9999   
536796.4036     6.2717    3.0389   
536796.6036     6.2257    3.5381   
536796.7036     6.3922    3.5801   
536796.8036     6.5482    3.7454   
536796.9036     6.6882    4.0450   
536797.2035     7.0799    5.1657   
536797.3036     7.3520    5.0393   
536797.4036     7.4711    4.9152   
536797.6035     7.5529    5.3258   
536797.7036     7.4475    5.4767   
536797.8035     7.4242    5.6411   
536797.9036     7.2878    5.2982   
536798.0035     7.0348    5.1115   
536798.1036     7.0644    4.9778   
536798.3036     6.8044    4.7803   
536798.4036     6.8893    4.7193   
536798.6036     6.7180    4.7767   
536798.7036     6.9784    4.9376   
536798.7986     6.8192    4.8884   
536798.8986     6.8508    5.0121   
536798.9986     6.6752    5.0879   
536799.2003     6.6641    5.2967   
536799.2003     6.5134    5.3299   
536799.3003     6.4199    5.4558   
536799.4003     6.6235    5.5102   
536799.5003     6.8819    5.6575   
536799.6003     6.7330    5.6106   
536799.8003     6.5026    5.8276   
536799.9003     6.2744    5.7599   
536800.0003     6.1973    5.7720   
536800.1003     6.1014    5.7413   
536800.2003     5.7410    5.6052   
536800.3003     5.6259    5.7819   
536800.5006     5.4023    5.7428   
536800.5006     5.8254    5.8115   
536800.7006     6.0611    5.8685   
536800.8022     6.2047    5.7451   
536800.9006     6.4384    5.6976   
536801.0006     6.6138    5.4275   
536801.1006     6.3874    5.1767   
536801.2006     6.1729    4.9694   
536801.3008     5.5299    4.4649   
536801.4006     5.6878    4.5470   
536801.5014     5.7642    4.2896   
536801.6006     5.5998    4.3764   
536801.7006     5.3750    5.4708   
536801.8006     5.1358    6.3188   
536801.9006     4.9743    7.0828   
536802.1006     5.0357    7.8769   
536802.2006     5.1295    8.6391   
536802.3006     4.9847    9.4006   
536802.4006     5.2825    10.2332  
536802.4006     5.5480    10.3502  
536802.5006     5.6489    9.3917   
536802.6006     5.6390    8.7429   
536802.8006     5.5998    7.3062   
536802.9006     5.4086    7.2397   
536803.0006     4.9128    7.0745   
536803.1006     4.7344    6.6694   
536803.1985     4.5880    5.9446   
536803.2985     4.8508    5.5314   
536803.3995     5.0758    5.1458   
536803.3995     5.3305    5.2037   
536803.4995     5.3814    5.2402   
536803.5995     4.7477    5.0143   
536803.7995     4.2208    4.5125   
536803.8995     3.7875    3.8014   
536803.9995     3.9187    3.7178   
536804.0995     3.8100    3.8493   
536804.1995     3.9225    4.0840   
536804.2995     3.9121    4.2842   
536804.3995     4.3272    4.3314   
536804.3995     4.7169    3.9733   
536804.4995     4.9165    3.8716   
536804.5995     4.3714    4.2411   
536804.6995     4.2808    4.2766   
536804.7995     3.8860    4.8237   
536804.8997     3.6656    5.0215   
536804.8997     3.8021    4.9770   
536804.9995     3.7538    4.7282   
536805.0995     3.7289    4.6728   
536805.1995     3.7325    4.5757   
536805.2995     3.7213    4.3294   
536805.3995     3.6067    4.2222   
536805.4996     3.5649    4.1627   
536805.5447     3.6372    3.9277   
536805.5946     3.6064    3.9700   
536805.6945     3.5392    4.1116   
536805.7945     3.4496    4.1990   
536805.8945     3.4026    4.1281   
536805.8945     3.4262    4.2349   
536805.9945     3.4296    4.2150   
536806.0945     3.3877    4.0561   
536806.1945     3.1777    3.8499   
536806.2945     2.9912    3.5005   
536806.5401     3.1903    3.5633   
536806.6409     3.2480    3.7025   
536806.7401     3.0978    3.7445   
536806.7401     3.0141    3.8321   
536806.8395     3.0598    3.8800   
536807.0395     3.2806    4.2674   
536807.0395     3.2315    4.0690   
536807.1395     3.4238    3.5349   
536807.1395     3.3224    3.3734   
536807.3395     2.8623    3.2245   
536807.7395     3.7459    3.9289   
536807.7395     3.7866    4.2509   
536807.8395     3.6987    3.4817   
536807.9395     3.6739    3.3254   
536808.0395     3.6048    3.4376   
536808.0395     3.5302    3.6949   
536808.1395     3.3724    4.0276   
536808.2395     3.3525    4.0483   
536808.3395     3.2160    4.2598   
536808.3395     3.0203    4.3370   
536808.4395     2.8302    4.5738   
536808.5395     2.6104    4.2355   
536808.6395     2.6481    4.1990   
536808.7395     2.6255    4.2251   
536808.8395     2.8295    4.1126   
536808.9414     2.6976    4.3043   
536808.9414     2.7253    4.2625   
536809.0415     2.8699    4.3399   
536809.1416     3.0401    4.2464   
536809.2415     3.0243    4.0655   
536809.3420     3.0222    3.9800   
536809.4415     2.8137    3.7967   
536809.5415     2.5153    3.8641   
536809.6415     2.4166    3.8618   
536809.7415     2.3313    3.9552   
536809.8415     2.2930    4.0243   
536809.9415     2.2597    4.1581   
536810.0415     2.2350    4.1598   
536810.1415     2.3324    4.1986   
536810.2415     2.2578    4.3493   
536810.3415     2.4504    4.3728   
536810.4415     2.3976    4.4302   
536810.6425     1.9817    4.0606   
536810.7415     1.9288    3.8307   
536810.8415     2.0346    3.7623   
536810.9415     2.2076    4.3460   
536811.0415     2.3224    4.6750   
536811.1415     2.1820    4.6810   
536811.2424     1.9974    4.8245   
536811.4435     2.0756    4.4961   
536811.5435     1.8966    4.4771   
536811.5955     2.0657    4.3555   
536811.6955     2.2045    4.2571   
536811.6955     2.2228    4.3030   
536811.7955     2.2455    4.0713   
536811.8955     2.3731    4.1331   
536811.9955     2.2040    4.3937   
536812.0955     2.2361    4.6235   
536812.1955     2.2422    4.6305   
536812.1955     1.9620    4.6802   
536812.2955     1.8450    4.9313   
536812.3955     1.2347    4.8614   
536812.4955     1.2477    4.6351   
536812.5955     1.2368    4.5200   
536812.6955     1.2073    4.5095   
536812.7955     1.2759    4.3058   
536812.9955     2.6186    4.3406   
536813.0955     2.5396    4.2744   
536813.1955     2.6712    4.3826   
536813.1955     2.7895    4.3894   
536813.2955     2.9389    4.5185   
536813.3955     3.2030    4.7090   
536813.4954     3.4148    4.9924   
536813.4954     3.5242    5.1024   
536813.5955     3.6687    5.2090   
536813.8973     2.7304    4.9653   
536813.8973     2.8003    4.9588   
536813.9955     2.8224    4.9047   
536814.0956     2.7410    4.8665   
536814.1955     2.4148    4.7354   
536814.1955     2.4856    4.7288   
536814.2955     2.5184    4.6400   
536814.2955     2.4379    4.5926   
536814.3955     2.2323    4.3441   
536814.4955     1.9131    4.0885   
536814.5954     1.8993    4.0100   
536814.5954     1.8345    3.9860   
536814.6955     1.6665    4.0120   
536814.7955     1.3850    3.8712   
536814.8955     1.4730    4.0244   
536814.8955     1.4358    4.0583   
536814.9955     1.6390    4.0437   
536814.9955     1.6506    4.0563   
536815.0955     2.0023    3.8037   
536815.0955     1.9051    3.7389   
536815.1955     1.7516    3.6174   
536815.1955     1.6410    3.6025   
536815.2955     1.5866    3.6068   
536815.2955     1.4830    3.6019   
536815.3956     1.2618    3.6238   
536815.3956     1.2857    3.6878   
536815.4965     1.5184    3.8046   
536815.4965     2.6202    4.0530   
536815.5965     3.2466    4.1539   
536815.5965     3.1204    4.0518   
536815.6966     2.2172    3.7453   
536815.6966     1.6386    3.6248   
536815.7965     3.3510    3.4299   
536815.7965     4.7288    3.4574   
536815.8965     5.6900    3.2463   
536815.8965     5.8447    3.1283   
536815.9965     5.8277    2.7636   
536816.1415     6.8350    1.9757   
536816.1415     7.0769    2.1440   
536816.2435     7.2495    2.5149   
536816.2435     7.0700    2.4073   
536816.3415     7.0471    2.3148   
536816.3415     7.0044    2.1117   
536816.4415     7.1718    2.1298   
536816.4415     7.0620    2.2855   
536816.5415     6.6098    2.5050   
536816.5415     6.8590    2.5456   
536816.6415     6.6535    2.8788   
536816.6415     7.4241    3.2060   
536816.7415     7.9401    3.4402   
536816.8425     7.8387    3.5264   
536816.8425     7.8072    3.5410   
536816.8425     8.1056    3.6549   
536816.9425     8.8798    3.9795   
536816.9425     9.2985    4.2186   
536817.0425     9.7737    4.4813   
536817.0425     9.6629    4.5213   
536817.1425     8.8811    4.3394   
536817.1425     9.2656    4.2945   
536817.2429     8.6230    3.9420   
536817.2429     7.9873    3.7476   
536817.3425     7.3577    3.5538   
536817.3425     6.8444    3.4443   
536817.4425     5.3770    2.9593   
536817.5426     4.7172    2.5643   
536817.6425     3.4652    2.0611   
536817.6425     3.0997    2.0747   
536817.7438     2.4484    2.0341   
536817.7438     1.9784    2.0464   
536817.8437     2.1338    1.8442   
536817.8437     1.9715    1.7890   
536817.9955     2.1192    1.5194   
536817.9955     2.1708    1.5703   
536818.0956     2.7290    1.7635   
536818.0956     2.7290    1.7637   
536818.1957     2.8333    1.9035   
536818.2955     2.1802    2.3083   
536818.3955     1.8632    2.4273   
536818.4955     1.9340    2.4346   
536818.4955     1.9501    2.3206   
536818.5955     2.1634    2.0653   
536818.5955     2.3419    1.8332   
536818.6955     2.5636    1.6901   
536818.6955     2.7197    1.5490   
536818.7955     3.0076    1.8717   
536818.8955     2.9713    1.7649   
536818.9955     2.7075    2.0733   
536819.0955     2.9606    2.3269   
536819.1955     2.8630    2.3142   
536819.1955     2.7483    2.2399   
536819.2955     2.7221    2.0677   
536819.3955     2.4795    1.6472   
536819.3955     2.7651    1.5671   
536819.4955     3.0202    1.2211   
536819.5955     3.3298    0.9423   
536819.6955     3.5311    0.6741   
536819.7955     3.0660    0.5332   
536819.8955     2.5622    0.6279   
536819.9955     2.1586    1.0333   
536819.9955     2.1337    0.9566   
536820.0955     2.2641    0.9223   
536820.0955     2.4441    0.7566   
536820.1955     2.5572    0.7040   
536820.2955     2.8955    0.9659   
536820.3955     2.6913    1.3869   
536820.4955     1.8527    1.4603   
536820.5955     1.9248    1.3823   
536820.6955     2.3748    1.2158   
536820.9405     3.5166    2.1222   
536821.0405     3.3227    2.0162   
536821.1405     2.9031    1.9348   
536821.1405     2.7218    1.8950   
536821.2405     2.3435    2.1101   
536821.3405     2.2926    2.4958   
536821.4417     2.4734    2.8126   
536821.4417     2.6725    2.9715   
536821.5405     2.7431    2.8375   
536821.6355     2.9470    2.8131   
536821.7355     3.3111    2.7010   
536821.9355     3.3390    2.5686   
536822.0355     3.4209    2.5433   
536822.1355     3.5227    2.2590   
536822.1355     3.6642    2.3803   
536822.2355     3.9664    2.5388   
536822.3355     3.9709    2.4419   
536822.4355     3.7479    2.2766   
536822.5355     3.3858    2.4200   
536822.6355     3.4828    2.0792   
536822.7355     3.5395    1.9646   
536822.9355     3.5145    2.2139   
536823.0355     3.1979    2.0022   
536823.1355     3.3456    1.8129   
536823.2355     3.8056    1.7860   
536823.3356     4.6779    1.7770   
536823.4355     5.6670    1.8906   
536823.5355     7.1219    1.9297   
536823.6363     6.5307    1.8666   
536823.8355     5.8079    1.5975   
536823.9355     4.4711    1.4084   
536823.9355     3.3122    1.6116   
536824.1355     2.6880    2.2566   
536824.2355     2.4759    2.3672   
536824.5355     2.4710    2.0122   
536824.8355     4.4000    2.3472   
536825.1355     5.8094    2.9718   
536825.4355     6.3781    3.6443   
536825.7374     5.5645    3.8485   
536825.9366     5.0726    4.8995   
536826.1365     4.7517    5.5631   
536826.3365     5.3473    5.9404   
536826.5365     6.7725    5.7983   
536826.7365     7.3155    4.5879   
536826.9365     8.2907    3.9114   
536827.2365     9.1907    3.0585   
536827.3365     9.0386    2.3158   
536827.5365     9.1638    2.3910   
536827.7365     8.2182    2.8483   
536827.8365     7.3262    2.9620   
536828.0365     6.6710    2.7539   
536828.3385     7.9310    2.7156   
536828.6385     9.7487    3.1573   
536828.8385     10.5655   3.5097   
536828.9386     10.7750   3.4722   
536829.1385     10.4436   3.3548   
536829.2387     9.8712    3.6743   
536829.4385     9.6300    4.1218   
536829.5385     9.8869    4.1729   
536829.7385     10.2118   4.2808   
536829.8385     10.0541   4.1141   
536830.0385     10.5208   4.0027   
536830.1385     11.0305   4.0895   
536830.3385     11.4564   3.9906   
536830.4395     11.9363   4.1565   
536830.6385     12.7984   4.5068   
536830.7386     12.7144   4.3057   
536830.8385     12.4315   3.9614   
536830.9385     12.3705   3.7374   
536831.1386     12.2768   3.7131   
536831.2386     11.8020   3.6367   
536831.3385     11.8261   3.6695   
536831.5386     12.1701   3.8063   
536831.5386     11.7322   3.6243   
536831.6386     12.0205   3.7023   
536831.8386     12.6718   3.5971   
536831.9386     12.5350   3.5514   
536832.0386     12.2939   3.3356   
536832.2386     11.8419   2.8832   
536832.3386     11.5054   2.7066   
536832.4386     11.0153   2.3507   
536832.5386     9.8749    1.6485   
536832.6385     10.2114   1.6897   
536832.7385     10.5075   1.8748   
536832.9385     10.7013   2.0880   
536833.0386     10.6970   2.0860   
536833.1385     10.6723   2.1430   
536833.2386     10.6538   2.0138   
536833.4386     10.6831   1.8662   
536833.5836     10.9054   1.7267   
536833.6836     10.8085   1.7029   
536833.8345     10.4820   1.7538   
536833.9345     10.5731   1.8284   
536834.0353     10.4105   2.0213   
536834.2345     10.5955   2.4759   
536834.3345     11.1084   2.6767   
536834.4845     11.3647   2.5537   
536834.5845     11.1629   2.6568   
536834.7845     11.2988   2.5658   
536834.8844     11.4997   2.3903   
536834.9845     11.4777   2.2565   
536835.1845     11.2978   2.0810   
536835.2845     11.4537   2.0502   
536835.4845     11.5116   1.8897   
536835.5795     11.3286   2.2123   
536835.7795     11.5777   2.1428   
536835.9800     12.1248   2.2270   
536836.1795     12.6779   2.0905   
536836.2795     12.8495   1.7476   
536836.3795     13.0206   1.5140   
536836.5795     13.2427   1.5096   
536836.6807     13.3524   1.5213   
536836.9811     14.5195   1.6120   
536837.0811     14.3493   1.5068   
536837.1811     14.0246   1.4508   
536837.2813     14.0261   1.4330   
536837.4811     14.3323   1.4925   
536837.5811     14.4062   1.3356   
536837.6811     14.4745   1.2455   
536837.8811     14.6608   1.4587   
536838.0812     14.6633   1.7056   
536838.1811     14.7716   1.7977   
536838.3811     15.0606   1.9667   
536838.4811     14.7834   1.9223   
536838.6811     15.1210   1.8608   
536838.7811     15.2870   1.6410   
536838.9811     15.9254   1.9341   
536839.0822     16.3407   2.2336   
536839.3790     16.6430   2.3848   
536839.6785     15.8195   2.4001   
536839.8785     16.4390   2.7370   
536839.8785     16.3816   2.7479   
536839.9785     15.6014   2.8492   
536840.0785     15.8337   2.9272   
536840.4785     18.2047   3.2065   
536840.6785     18.6744   2.9974   
536840.7785     18.5975   3.0631   
536840.9785     18.8237   2.9949   
536841.1785     18.7720   2.8913   
536841.2785     18.6565   2.7508   
536841.4785     18.6398   2.5853   
536841.5796     18.4612   2.4699   
536841.6797     18.0084   2.3698   
536841.8785     18.2906   2.4098   
536841.9785     18.2352   2.3473   
536842.1785     18.4052   2.3167   
536842.3787     18.6274   2.3157   
536842.5785     18.8210   2.4405   
536842.6785     18.9244   2.4683   
536842.8785     19.0974   2.4141   
536843.0785     19.1869   2.4140   
536843.3785     19.6211   2.4479   
536843.4785     19.3875   2.5058   
536843.5785     19.1812   2.5802   
536843.7785     19.2101   2.5400   
536843.9786     19.3041   2.5078   
536844.0785     19.1060   2.4085   
536844.2791     19.1097   2.3144   
536844.4785     18.8692   2.1833   
536844.7785     19.0979   2.0051   
536844.9785     18.9876   2.0636   
536845.1785     19.0530   2.2331   
536845.2785     18.7784   2.3397   
536845.4786     18.8090   2.3415   
536845.8785     19.1511   2.1887   
536846.0785     19.2277   2.1387   
536846.2785     19.3716   2.0904   
536846.5235     19.5109   1.9983   
536846.7235     19.2481   1.9973   
536846.9235     19.3501   1.9716   
536847.1235     19.4727   1.8790   
536847.5235     19.9271   1.6660   
536847.7235     20.1349   1.4964   
536848.0235     20.2872   1.5203   
536848.3235     20.6333   1.6499   
536848.6185     21.5534   1.6896   
536848.8635     21.6328   1.6851   
536849.1645     22.2471   1.6366   
536849.4145     22.5068   1.6535   
536849.7145     23.0379   1.6141   
536850.0595     23.1747   1.6202   
536850.1595     22.9643   1.6412   
536850.3595     22.8857   1.5433   
536850.5595     22.6468   1.5378   
536850.7595     22.7900   1.6956   
536851.0595     23.3392   1.7983   
536851.2597     24.3019   1.7100   
536851.4595     24.4721   1.8733   
