536545.4802     2.1815    2.7821   
536545.4802     2.2122    2.7974   
536545.5802     2.3456    2.7268   
536545.5802     2.3839    2.7458   
536545.5802     2.3999    2.7258   
536545.9802     1.8081    1.9487   
536546.0802     1.8856    1.9875   
536546.1802     1.6745    1.8370   
536546.2802     1.7861    1.5464   
536546.3802     1.7450    1.6505   
536546.4802     1.4060    1.6175   
536546.5813     1.3662    1.6468   
536546.6802     1.4361    1.8565   
536546.7802     1.5326    1.5245   
536546.8802     1.6251    1.5941   
536546.9802     1.2902    1.2599   
536547.0802     1.2054    1.4587   
536547.0802     1.1297    1.5071   
536547.1802     1.1075    1.4512   
536547.2814     1.3620    1.2119   
536547.3802     1.4527    1.2707   
536547.4802     1.2703    1.0222   
536547.6802     1.5382    1.2969   
536547.8824     1.6183    1.3112   
536548.0802     1.0954    1.0150   
536548.2805     1.1225    1.1702   
536548.4814     1.2847    1.3898   
536548.5805     1.3070    1.4582   
536548.7805     1.4890    1.5320   
536548.8805     1.4331    1.4024   
536549.2807     1.7819    2.1126   
536549.3805     1.8921    2.2905   
536549.4805     1.9267    2.3581   
536549.7805     2.3151    2.8885   
536549.8805     2.3733    3.0991   
536550.0806     2.4367    4.0628   
536550.1806     2.5015    4.6676   
536550.2805     2.6288    5.1782   
536550.3805     2.5139    5.4497   
536550.4824     2.2963    5.1386   
536550.5805     2.0244    4.5831   
536550.7805     1.7277    3.3685   
536550.8806     1.6887    2.4662   
536551.1805     1.1038    0.4887   
536551.3806     1.2196    0.6010   
536551.4807     1.3371    0.4291   
536551.7806     1.2462    1.4028   
536551.8805     1.2944    1.3294   
536552.0806     1.3155    0.9394   
536552.2806     1.2649    0.8597   
536552.3805     1.2408    0.9007   
536552.5805     1.0536    1.5012   
536552.7805     1.1331    1.2629   
536552.9805     0.9225    0.9409   
536553.0805     1.5975    0.9404   
536553.2805     1.8182    1.0682   
536553.3805     1.7570    1.0975   
536553.5813     1.7434    1.1260   
536553.7805     1.8669    1.5057   
536553.8805     1.9088    1.5420   
536554.0805     1.8131    1.5838   
536554.1805     1.1167    0.8870   
536554.2805     0.9917    0.8790   
536554.3815     1.0552    0.8736   
536554.6805     1.4266    1.3489   
536555.1817     1.2576    1.1332   
536555.2805     1.2506    1.1013   
536555.3805     1.0878    1.1131   
536558.2806     0.6295    1.1428   
536558.3805     0.4881    1.1438   
536559.3806     1.5465    0.9477   
536559.4805     1.4077    1.1992   
536559.5805     1.1655    1.4448   
536559.8805     0.8233    1.2200   
536559.9805     0.8409    1.0040   
536560.0805     0.8694    1.0314   
536560.1805     0.9285    1.0657   
536561.4805     0.5563    0.8202   
536561.5806     0.5399    0.9243   
536561.6817     0.5844    1.0628   
536561.7805     0.5622    0.9943   
536561.8805     0.5859    1.0256   
536561.9805     0.6946    0.9394   
536562.0805     0.7037    1.1233   
536562.1811     0.6919    1.0466   
536562.2819     0.5730    1.1090   
536562.3835     0.4122    1.1206   
536562.4840     0.1996    1.0842   
536562.5835     0.0872    1.0962   
536562.7835     0.0641    1.1446   
536562.8835     0.1022    1.1046   
536562.9835     0.1758    1.1503   
536563.0785     0.1550    1.2280   
536563.1785     0.2127    1.4033   
536563.2795     0.6264    1.8068   
536563.3795     1.0374    2.0948   
536563.6795     1.5900    2.5244   
536563.7795     1.3217    2.1616   
536563.9803     0.4951    0.8494   
536564.0795     1.4743    1.9674   
536564.1795     1.4713    2.3336   
536564.2795     1.9375    2.9736   
536564.3795     2.2112    3.5350   
536564.4795     1.8431    3.5851   
536564.5795     1.7743    4.0313   
536564.6795     1.5670    3.7119   
536564.7795     2.0914    4.4352   
536565.1811     1.3533    1.0121   
536565.2795     1.5162    0.6859   
536565.4803     1.3360    1.5545   
536565.6798     1.2091    1.8651   
536565.8795     0.9855    0.9979   
536566.0805     1.0124    0.6681   
536566.1805     0.8862    0.8778   
536566.4785     0.8642    0.5253   
536566.5785     0.8689    0.5166   
536566.8785     0.9496    0.7827   
536566.9785     0.8568    0.6463   
536567.0785     0.8028    0.4955   
536567.1785     0.8588    0.5456   
536567.2785     1.1567    0.8347   
536567.5785     0.8262    0.8853   
536568.1235     1.1301    1.1632   
536568.4235     1.2453    1.4148   
536568.5235     1.2019    0.9749   
536568.6235     1.2264    0.7562   
536568.7235     1.1407    0.8610   
536568.8236     0.9939    0.8461   
536568.9235     0.8750    0.8874   
536569.0236     0.8870    1.1208   
536569.1236     0.8812    0.7575   
536570.3245     1.1396    1.4074   
536570.4245     1.0863    1.1760   
536570.7195     1.6952    2.0775   
536570.8195     1.3628    1.9536   
536570.9195     1.3412    2.0241   
536571.0195     1.3738    2.0552   
536571.1199     1.3505    1.9019   
536571.9200     0.6960    1.1292   
536572.0195     0.7816    1.0834   
536572.5195     1.3562    1.0966   
536572.6201     1.3412    1.2689   
536572.7201     1.0882    1.0959   
536573.1201     1.1271    0.7935   
536573.2201     1.1033    0.7049   
536573.4201     1.1838    0.6806   
536573.5201     1.2345    0.8423   
536573.9201     1.2140    0.8527   
536574.0201     1.1552    0.5476   
536574.1201     1.1398    0.3579   
536574.2201     1.1158    0.6211   
536574.4201     1.0556    1.0435   
536574.5201     0.9608    1.3604   
536574.6201     0.8155    1.9919   
536574.7201     0.6650    2.5683   
536574.8214     0.6255    2.9862   
536575.5155     1.0302    0.7705   
536575.6151     1.3282    0.1752   
536576.1157     1.8972    1.6050   
536576.2151     1.8171    1.4937   
536576.5169     1.4355    0.9774   
536576.6176     1.2996    0.8153   
536576.7151     1.1146    0.7450   
536577.2151     0.9301    0.6651   
536578.1151     0.6564    2.5576   
536578.2151     1.1404    2.9817   
536578.3151     1.9607    3.0906   
536578.4160     1.9914    2.5005   
536578.5151     1.8680    1.6910   
536578.6151     1.6391    1.3564   
536578.7151     1.9730    1.8482   
536579.5151     1.1746    1.1027   
536579.6151     1.1240    0.6118   
536579.7151     1.0423    0.8108   
536580.1152     0.8456    0.8547   
536580.2151     0.8952    0.7236   
536580.4153     0.9253    0.8669   
536580.9645     0.6226    1.3296   
536581.1151     0.5097    1.7094   
536581.2145     0.4855    1.8780   
536581.5152     0.4887    2.0382   
536581.6145     0.4672    2.0733   
536581.7145     0.4242    2.2025   
536582.1045     0.7276    1.8692   
536582.2045     0.8144    1.6706   
536582.3569     0.8422    1.2219   
536582.6045     0.9296    0.7188   
536582.6995     0.9685    0.5244   
536583.0995     0.9026    0.2491   
536583.1995     0.7130    0.3106   
536583.4995     0.5795    0.3704   
536583.5995     0.7030    0.2253   
536583.9995     0.9789    0.9246   
536584.0995     0.9886    0.9729   
536584.1995     1.0408    0.9811   
536584.2995     1.0190    0.8372   
536584.3995     0.8276    0.7719   
536584.8995     0.6566    0.9831   
536584.9995     0.9239    1.2663   
536585.0995     1.0598    1.5893   
536585.1995     1.1319    1.9006   
536585.6995     1.4707    2.4836   
536585.7995     1.5996    2.9425   
536585.8995     1.7401    3.1090   
536585.9995     1.8788    3.0724   
536587.5995     0.8551    1.9046   
536587.6994     0.8823    1.8500   
536587.7995     0.8976    1.7248   
536587.8995     0.8497    1.7668   
536588.5995     0.8065    1.4700   
536588.6995     0.7505    1.2837   
536589.5995     0.4040    4.9778   
536590.0995     0.1558    2.3636   
536590.2995     0.8132    1.3465   
536590.3995     1.3388    1.0872   
536590.4995     1.8777    0.6173   
536590.5998     1.9206    0.7689   
536590.6995     1.5570    1.5643   
536591.6995     1.3251    0.7238   
536591.8945     1.4744    0.3925   
536591.9945     1.3686    0.6414   
536592.0945     1.2838    0.6995   
536592.1945     1.4232    0.4971   
536592.2945     1.6059    0.3331   
536592.6445     1.5682    0.7223   
536592.7445     1.6410    0.6771   
536593.1445     1.7575    1.0077   
536593.3445     1.8332    1.2209   
536593.4450     1.7267    1.2787   
536593.5445     1.5761    1.1786   
536593.5944     1.4882    0.9315   
536593.6944     1.4481    0.5074   
536593.7945     1.4240    0.4875   
536593.8945     1.3649    0.5927   
536594.0395     1.0488    0.7476   
536594.1398     0.9994    0.6038   
536594.3395     1.1477    0.9681   
536594.7395     0.8296    0.7782   
536594.8395     0.8632    0.5184   
536595.2395     0.9277    0.9600   
536595.5395     0.9151    1.3286   
536595.6395     0.9187    0.7312   
536595.7395     0.8799    0.4767   
536596.3395     0.6065    0.5336   
536596.4395     0.5174    0.7129   
536596.5395     0.4860    0.8084   
536596.6395     0.5073    0.9800   
536596.7395     0.5478    1.0684   
536596.8395     0.5412    1.1113   
536596.9395     0.4420    0.9940   
536597.0395     0.4596    1.0908   
536597.1395     0.4245    1.0784   
536597.9395     0.4545    1.4693   
536598.0395     0.6762    1.7562   
536598.1395     0.8022    1.7652   
536598.7347     0.8745    2.7549   
536598.8345     1.7043    2.5233   
536598.9345     2.8319    3.1428   
536599.7845     2.5624    1.7624   
536599.9845     3.4811    3.3908   
536600.3845     1.7784    1.5611   
536600.5345     1.8513    1.5503   
536600.6345     2.1700    1.9664   
536600.9345     2.4408    1.9052   
536601.0345     2.1156    1.4813   
536601.3345     1.8046    1.2855   
536601.4845     1.8861    1.3543   
536601.9845     1.5170    1.2134   
536602.0845     1.7642    1.0379   
536602.3345     1.7957    1.2043   
536602.7345     2.1901    1.2468   
536602.8345     2.0992    1.2127   
536602.9345     1.9498    1.0801   
536603.0345     1.9159    1.0645   
536603.1345     1.8074    1.2259   
536603.2345     1.7527    1.4499   
536603.3845     1.5932    1.2272   
536603.4845     1.5720    1.2204   
536603.5845     1.5812    1.2720   
536603.6845     1.6134    1.2684   
536603.7845     1.5470    1.1831   
536603.8845     1.4203    1.2445   
536603.9847     1.3783    1.3780   
536604.0845     1.4023    1.4926   
536604.1845     1.4284    1.3907   
536604.3345     1.5820    1.3865   
536604.4345     1.6295    1.4753   
536604.6345     1.7874    2.0214   
536604.7345     1.7849    2.2432   
536604.8345     1.9631    2.0844   
536604.9345     2.1259    2.0729   
536605.0345     2.1319    2.0042   
536605.1345     2.1224    2.1015   
536605.2345     1.9593    2.0443   
536605.4845     1.1563    1.6122   
536605.5845     1.4249    1.1000   
536606.2845     0.5457    1.5108   
536607.0345     1.5680    0.9830   
536607.2845     1.0537    0.9792   
536607.3845     0.9166    0.5020   
536607.4845     1.0954    0.3566   
536607.5845     1.2066    0.7205   
536607.6845     1.2813    0.9170   
536607.7845     1.1963    0.6704   
536607.8846     1.1130    0.3147   
536608.1345     1.0072    0.3151   
536608.2345     1.2278    1.1849   
536608.3345     1.1897    1.3524   
536608.4345     1.0773    1.8280   
536608.5345     0.9700    1.8042   
536608.6345     0.9745    1.7423   
536608.7345     1.0519    2.6106   
536608.8345     1.0446    3.1225   
536608.9345     1.0594    3.8164   
536609.2849     0.9805    1.3301   
536609.3845     0.8283    0.6695   
536609.5846     0.6789    1.5636   
536609.6845     0.6454    1.3701   
536609.7795     0.5791    1.7850   
536609.8795     0.5601    2.1549   
536609.9795     0.5464    1.8635   
536610.5795     0.8794    0.4288   
536610.6795     0.9023    0.4029   
536610.9795     1.4048    1.1049   
536611.0795     1.5150    1.0556   
536611.1795     1.4618    1.1535   
536611.2795     1.4545    1.2229   
536611.3795     1.4432    1.4875   
536611.5795     1.5998    2.0435   
536611.9795     1.3367    0.8449   
536612.1795     1.2261    2.3678   
536612.2795     1.6379    2.6157   
536612.3794     1.5276    2.5173   
536612.6745     1.8639    2.3683   
536612.8745     1.3991    1.9535   
536612.9245     1.5384    2.0656   
536613.2245     1.2721    1.9732   
536613.3245     1.6102    2.2209   
536613.4245     1.6740    2.4809   
536613.5245     1.3544    2.6976   
536613.7245     2.0172    2.8182   
536613.8245     1.7865    2.3343   
536613.9745     1.6550    2.1720   
536614.1745     1.3533    1.8193   
536614.2745     1.5198    1.8569   
536614.9245     1.3909    1.2024   
536615.0245     1.2661    1.0645   
536615.5245     1.5415    1.2127   
536615.7787     1.2353    1.1405   
536615.8787     1.1730    0.9787   
536616.3787     1.1994    0.5997   
536616.4787     1.6474    0.9173   
536616.5787     1.5734    0.8154   
536616.6787     1.0700    0.9578   
536616.7787     0.8651    1.2277   
536616.8787     1.1195    0.8933   
536616.9787     1.2316    1.0002   
536617.0787     1.3078    1.0018   
536618.0787     0.9416    1.2404   
536618.1787     0.7268    0.6520   
536618.2787     0.7192    0.6094   
536618.3787     1.1979    1.5015   
536618.4787     1.1224    1.3212   
536618.7787     0.6701    1.8624   
536618.8787     0.7285    2.6692   
536619.1790     0.7671    1.4123   
536619.2787     0.3907    0.3525   
536619.3787     0.6502    0.7781   
536619.5787     0.3676    0.8938   
536619.6787     0.7951    0.5430   
536619.7787     1.4635    1.3469   
536620.2787     0.9559    1.1901   
536620.3787     0.7739    0.8782   
536620.4787     1.0203    0.9802   
536620.5787     0.9797    0.8029   
536620.9787     0.9742    0.8072   
536621.0787     0.9552    0.8557   
536621.3787     1.1232    1.1253   
536621.4787     1.0846    1.1776   
536621.7237     0.8629    1.0483   
536621.8237     0.8702    1.0144   
536622.2237     0.8155    1.2070   
536622.3755     0.8912    1.2520   
536622.4755     0.8480    1.1561   
536623.0755     0.7581    0.8039   
536623.1755     0.7705    0.7803   
536624.2755     0.6784    0.6009   
536624.3755     0.7559    0.7049   
536624.7755     0.8448    1.2770   
536625.2755     0.8981    1.8252   
536626.0755     0.7412    1.8925   
536626.1755     0.7719    2.0141   
536626.9205     0.8453    2.0535   
536627.0205     0.7142    2.0691   
536627.1205     0.6099    2.0297   
536627.2155     0.6524    2.0235   
536627.4168     0.6605    2.0749   
536627.5155     0.6929    2.0270   
536627.6157     0.8005    2.0314   
536627.7155     0.8091    2.0059   
536628.4155     0.8048    1.1014   
536628.5155     0.7948    1.0320   
536628.7638     0.7405    0.8249   
536629.1639     0.8138    1.0460   
536629.2639     0.5415    0.9946   
536629.3589     0.5476    0.8810   
536629.6589     0.5049    0.8526   
536629.7588     0.3972    0.9676   
536629.9589     0.5135    0.8504   
536630.1588     1.0138    1.0845   
536630.2588     0.8680    0.9422   
536630.4589     0.6667    0.7762   
536630.6596     0.5723    0.5975   
536630.8588     0.4416    0.7437   
536631.1589     0.5811    0.5227   
536631.6589     0.6440    0.5065   
536632.0589     0.5764    0.3420   
536632.2589     0.5761    0.3780   
536632.4588     0.6779    0.5486   
536632.6593     0.7940    0.5736   
536632.9543     0.8065    0.4786   
536633.1039     0.7316    0.3266   
536633.2039     0.6649    0.3947   
536633.3039     0.5650    0.1216   
536633.3552     0.6397    0.1643   
536633.5039     0.7059    0.0813   
536633.6038     0.7703    0.1220   
536633.9038     0.7984    0.5405   
536634.2038     0.7837    0.5148   
536634.5038     0.8682    0.7143   
536634.9038     0.9649    0.6702   
536635.5039     0.8278    0.2140   
536636.4039     0.8146    0.4930   
536636.5039     0.7551    0.4761   
536636.6039     0.7259    0.4661   
536636.7039     0.8389    0.5095   
536637.2039     0.8225    0.5550   
536637.6038     0.9324    0.8294   
536637.8039     0.9505    0.8189   
536638.1039     0.9351    0.7387   
536638.4038     0.8116    0.7905   
536638.5544     0.8102    0.7114   
536638.8545     0.7707    0.7671   
536639.2045     0.8024    0.6870   
536639.5045     0.7989    0.8224   
536639.7046     0.8105    0.8572   
536639.8545     0.8003    0.9607   
536640.3545     0.6327    1.1623   
536640.5545     0.5784    1.2045   
536640.7045     0.5925    1.1977   
536640.9045     0.6040    1.2392   
536641.0553     0.6103    1.2747   
536641.1995     0.5387    1.4770   
536641.3995     0.5305    1.5474   
536641.7995     0.4050    1.5741   
536641.9995     0.4965    1.7046   
536642.2995     0.5396    1.8035   
536642.5995     0.6073    2.0314   
536642.6995     0.5514    1.8460   
536642.9995     0.5327    1.3970   
536643.4995     0.3184    1.3436   
536643.5995     0.3405    1.3975   
536643.8995     0.3066    1.5944   
536643.9995     0.3148    1.5861   
536644.3015     0.1753    1.3959   
536644.4015     0.2744    1.3540   
536645.2015     0.6035    1.4011   
536646.4020     0.5424    0.6780   
536646.5020     0.5861    0.6068   
536646.6020     0.5389    0.5040   
536646.7020     0.4724    0.6918   
536646.8020     0.4561    0.6853   
536646.9020     0.4998    0.7459   
536647.3020     0.5767    0.6257   
536647.8021     0.4601    0.6276   
536647.9020     0.5043    0.6954   
536648.2020     0.7350    0.8090   
536648.3021     0.6819    0.8648   
536648.5574     0.7111    0.4334   
536648.7575     0.7119    0.6579   
536648.9575     0.9487    0.7488   
536649.0575     1.0087    1.0900   
536649.2585     1.0356    0.9079   
536649.3575     1.0653    0.9783   
536649.4575     1.1589    0.9333   
536649.6575     1.4260    1.6411   
536649.8025     1.4290    1.6533   
536649.9025     1.5693    1.7288   
536650.0025     1.5888    1.7487   
536650.2025     1.7179    1.8967   
536650.4025     1.8156    1.7944   
536650.5025     1.8122    1.8317   
536650.6025     1.8618    1.7341   
536650.8025     1.7920    1.7067   
536651.0025     1.8600    1.7433   
536651.1005     1.8690    1.7972   
536651.3005     1.6816    1.9461   
536651.8005     1.7842    1.4852   
536651.9005     1.7996    1.4701   
536652.0005     1.8020    1.5139   
536652.3005     1.8576    1.4644   
536652.4005     1.7747    1.2932   
536652.5005     1.8702    1.4335   
536653.1963     1.8683    1.6993   
536653.5955     1.9242    1.0661   
536653.6955     1.9094    0.7099   
536654.0955     1.6808    1.0783   
536654.4955     1.8268    0.7219   
536654.5955     1.8053    0.7830   
536654.7413     1.8029    0.8394   
536655.2385     1.6572    0.9435   
536655.3385     1.6738    1.0056   
536655.6385     1.5820    1.0680   
536656.0385     1.6571    1.1038   
536656.5385     1.7460    1.3216   
536656.6385     1.8872    1.4072   
536657.0385     2.0230    1.2373   
536657.5385     2.0578    1.4975   
536657.6385     2.1601    1.3350   
536658.1385     2.2569    1.5804   
536658.2385     2.3064    1.5746   
536659.0385     2.1236    1.6164   
536659.7385     1.4871    2.2380   
536659.8385     1.3945    2.3290   
536659.9385     1.4087    2.4390   
536660.4385     1.4905    2.7275   
536660.5385     1.4920    2.4119   
536661.0385     1.7870    2.4819   
536661.1385     1.8615    2.3442   
536662.0385     2.2959    2.5246   
536663.2385     2.2015    1.2401   
536663.3385     2.0557    1.2273   
536663.4385     1.9117    1.3184   
536663.5385     1.8213    1.4317   
536663.9385     1.4394    1.2016   
536664.2385     1.4181    1.6141   
536664.6385     1.1584    1.4115   
536664.7385     1.3234    1.5229   
536665.1385     1.2435    1.3430   
536665.2385     1.1800    0.9983   
536665.5385     1.5597    1.2623   
536665.6385     1.5799    1.5157   
536665.8385     1.4954    1.3800   
536666.1384     1.5729    1.0296   
536666.4385     1.6061    1.2251   
536666.5385     1.6066    1.1633   
536666.6385     1.6385    1.1712   
536667.1395     1.6632    1.2350   
536667.2385     1.5460    1.0584   
536667.6385     2.4228    1.1267   
536667.7385     2.4885    0.9894   
536668.3835     2.7993    0.8444   
536668.4835     2.8279    0.9932   
536668.5835     2.8753    1.1763   
536669.4835     3.6101    1.2003   
536669.5835     3.6275    1.3084   
536669.6835     3.7279    1.2587   
536669.7835     3.7352    0.9900   
536669.8835     3.7990    0.7899   
536669.9835     3.8086    0.8062   
536670.1835     3.8906    0.8621   
536670.4835     3.7754    0.9756   
536670.5835     3.7746    1.1564   
536670.6835     3.7319    1.1587   
536670.7835     3.8061    0.9320   
536671.3835     3.7574    1.2062   
536671.5835     3.7347    0.7301   
536672.2835     3.8139    0.5538   
536672.3835     3.8557    0.5396   
536673.6835     6.0879    0.2527   
536673.7835     6.1512    0.6568   
536673.9835     6.6922    0.3244   
536674.0835     6.7907    0.5356   
536674.1835     6.8295    0.3936   
536674.5835     4.2296    1.0480   
536674.6835     4.3237    1.1588   
536674.7835     4.3906    1.1495   
536674.8846     4.4947    0.8435   
536675.3846     2.5943    0.4171   
536675.6365     2.6843    0.2916   
536675.7365     2.7505    0.3934   
536676.2815     1.0424    0.3376   
536677.0815     1.1087    0.6006   
536677.1815     1.3590    1.1469   
536677.4815     2.5831    1.2212   
536677.5815     2.7148    1.1964   
536678.0815     3.5596    0.9554   
536678.1815     3.6108    1.2172   
536678.7815     4.7681    1.4974   
536678.8815     4.8544    1.3819   
536678.9815     5.0174    1.2264   
536679.6815     5.3942    1.1385   
536679.7815     5.5195    1.1663   
536680.4815     5.7695    0.7294   
536680.5815     5.5911    0.7059   
536680.7815     5.6692    0.7693   
536680.8815     5.7395    0.7392   
536681.0765     6.2141    1.4097   
536681.1765     6.3025    1.1765   
536681.2766     6.2227    1.6665   
536681.3765     6.7050    1.5024   
536681.4765     6.7970    1.7935   
536682.0765     4.4913    1.3039   
536682.1765     4.5300    1.6242   
536682.3766     4.4764    1.7934   
536682.4755     4.5256    1.8615   
536682.7755     4.8121    1.3817   
536683.6755     3.2914    1.7676   
536683.9755     3.4857    1.4494   
536684.4755     2.3062    1.6745   
536684.5755     2.2921    1.6173   
536684.9775     2.2833    1.6891   
536685.2225     1.4082    1.7203   
536685.6225     1.2277    0.9737   
536686.3225     0.8908    1.5738   
536686.7225     1.3551    0.7679   
536686.9225     1.4528    0.9371   
536687.7225     0.8219    1.1855   
536688.0225     1.1998    1.4390   
536688.1225     1.2793    1.2360   
536688.3210     1.8349    1.2078   
536688.7210     1.5419    1.5635   
536689.3210     1.5911    1.1112   
536689.4210     1.3602    1.0923   
536689.8210     1.2624    0.8627   
536690.3210     1.1047    1.0286   
536690.4210     0.9734    1.1894   
536690.5210     1.0266    1.3845   
536691.7160     1.8536    4.2429   
536691.8160     1.5084    3.0235   
536691.9160     1.1937    1.9301   
536692.0160     0.9782    1.7433   
536692.1160     0.9203    3.0323   
536694.5610     1.3903    0.7474   
536694.6610     1.3480    0.6920   
536695.8625     1.6550    0.9029   
536695.9630     1.3186    0.7929   
536696.0624     1.0666    0.6607   
536696.1624     0.9560    0.6077   
536696.2625     1.0283    0.3712   
536696.3625     1.1395    0.4558   
536696.4625     1.2164    0.8017   
536696.5625     1.2492    1.1007   
536696.6625     1.1631    1.1863   
536696.7625     1.0293    1.0394   
536696.8625     0.7533    0.7316   
536696.9626     0.5233    0.2658   
536697.0625     0.4149    0.6001   
536697.1625     0.2972    0.7102   
536697.2625     0.2965    0.5944   
536697.3629     0.3604    0.3561   
536699.9625     1.5954    1.6635   
536700.0625     1.5934    1.6424   
536700.2625     1.4366    1.7462   
536700.3625     1.3392    2.0165   
536700.4625     1.2837    2.1309   
536700.5646     1.2733    1.3343   
536701.5595     1.1957    1.4355   
536701.6595     1.3381    1.1114   
536702.2045     1.4369    1.2663   
536702.7545     0.6775    1.6340   
536702.8545     0.7155    1.9218   
536702.9545     0.7451    1.8970   
536703.0545     0.7013    1.6493   
536703.1545     0.7126    1.5492   
536703.7552     0.7646    0.7401   
536704.1045     0.8741    0.7766   
536704.5545     0.7147    3.6036   
536704.6545     1.0418    4.6988   
536704.7545     1.2190    5.1581   
536704.8545     1.1660    4.7080   
536704.9545     0.6884    3.6209   
536705.6045     1.7889    1.0137   
536706.1995     2.1935    1.0221   
536706.9445     3.5909    3.1810   
536707.0445     3.5805    3.0615   
536708.5965     3.3454    1.2095   
536708.6965     3.5755    1.3751   
536708.7965     3.6367    1.1724   
536708.8965     3.5621    1.0775   
536708.9965     3.4592    1.2988   
536709.0965     3.4863    1.7783   
536709.2415     3.3143    2.1029   
536709.3415     3.2874    2.0076   
536709.4415     3.3114    1.8695   
536709.7415     3.5242    2.0965   
536710.7416     3.5481    4.7249   
536710.8424     3.8193    4.8229   
536710.9415     4.3273    4.4793   
536711.2415     3.4920    3.2994   
536712.5400     1.8850    3.4094   
536712.6400     1.5062    3.7064   
536712.7400     1.1684    4.2137   
536713.2401     1.4498    3.2490   
536713.7400     2.8831    2.8462   
536713.9782     2.1486    2.3830   
536714.0782     2.0896    2.3978   
536714.1782     2.1033    2.7664   
536714.2782     2.0888    2.1568   
536715.0775     1.5392    2.3896   
536715.1810     1.5021    2.5208   
536715.7810     0.3491    0.7541   
536716.1810     0.7057    1.6526   
536716.2810     0.7488    1.8779   
536716.3810     0.6727    1.6560   
536717.6760     0.7043    1.1184   
536717.7760     0.7478    0.8394   
536718.1760     0.7938    1.5407   
536718.6760     0.6139    1.3107   
536719.0760     1.5320    3.6165   
536719.4760     4.0666    3.4984   
536720.0762     3.0419    2.7542   
536720.2760     3.4906    2.8888   
536720.5760     3.2102    3.7216   
536720.7759     3.2070    3.2538   
536720.9760     3.1285    2.5378   
536721.3760     3.5282    2.1169   
536721.5760     3.3399    2.4287   
536722.2760     3.3196    2.4846   
536722.5760     3.8047    2.8256   
536722.7760     3.8497    2.5012   
536723.2760     3.1413    2.2696   
536723.4760     1.9603    1.4929   
536723.8210     2.0154    1.3135   
536724.0210     2.1200    1.7610   
536724.3210     2.3491    1.5636   
536724.5210     2.3445    1.5202   
536724.8210     2.1633    1.7161   
536725.2210     1.3003    1.5720   
536725.5161     0.3590    2.3119   
536725.6160     0.7051    1.8384   
536725.9160     0.4043    1.8661   
536726.0160     0.2492    1.8244   
536726.4160     0.9978    2.6010   
536726.5160     0.7474    2.1499   
536727.1160     0.9403    0.7482   
536728.9160     0.9770    1.4045   
536729.0160     0.9844    1.2237   
536729.1160     0.8878    0.8383   
536729.2160     0.8685    0.4086   
536729.3160     0.8770    0.3595   
536729.8160     1.6374    1.5883   
536729.9160     1.5164    1.6599   
536730.1160     1.5727    1.9728   
536730.2160     1.8481    1.9551   
536730.4160     1.6645    1.7558   
536730.6160     1.0494    1.5620   
536730.8610     1.6140    2.9514   
536730.8610     1.7277    2.7734   
536731.1610     1.0001    2.1132   
536731.3609     1.8143    1.9732   
536731.4610     1.1616    2.1180   
536731.5610     1.8203    2.3684   
536731.6610     1.6389    2.6374   
536731.8610     2.0404    2.8656   
536731.9610     1.9262    2.3048   
536732.6610     1.8893    1.5567   
536732.8610     1.7553    1.3206   
536733.1610     1.7791    0.9976   
536733.2610     1.9909    0.9842   
536733.5611     1.9408    1.1063   
536735.2610     1.2116    1.0904   
536735.3610     1.3655    0.8760   
536735.4610     1.4192    0.9145   
536735.9610     0.8798    1.2766   
536736.0612     0.9753    1.3408   
536736.4610     0.9096    0.6263   
536736.8610     1.0465    1.3981   
536737.1610     1.7358    1.4853   
536737.4610     0.9609    1.1311   
536737.5610     0.8181    1.1035   
536737.8610     0.8839    0.7185   
536738.1610     0.9070    0.6905   
536738.4610     1.0486    1.1392   
536738.7560     0.7914    1.1729   
536739.0560     0.5477    1.3675   
536739.1560     0.6290    1.2909   
536739.3560     0.4920    1.5235   
536739.5011     0.4938    1.5100   
536740.0014     0.7477    1.1302   
536740.3010     0.4677    1.1638   
536740.8010     0.5309    0.8139   
536741.1010     0.6541    0.6776   
536741.5010     0.4945    0.5802   
536742.1010     0.3193    0.9970   
536742.6010     0.5216    1.1384   
536742.7010     0.4730    1.1330   
536744.0010     1.1815    1.7531   
536744.1010     0.9120    1.7356   
536744.3010     0.6504    1.1239   
536744.3960     0.6540    0.9513   
536744.7960     0.7373    0.3415   
536745.0960     0.9202    0.6360   
536745.1960     0.9288    0.5605   
536745.3975     0.8246    0.5772   
536745.5975     1.3399    0.5597   
536745.9425     1.1626    0.4428   
536746.1425     1.3123    0.5386   
536746.2425     1.3865    0.3764   
536746.5439     0.9594    0.6489   
536746.6425     0.9585    0.7113   
536746.7425     1.0115    0.4226   
536747.1425     1.1734    0.7251   
536747.4425     1.3998    0.8234   
536747.7425     1.2512    0.3074   
536748.0426     1.4574    0.4303   
536748.1430     1.3631    0.5295   
536748.3425     1.3431    0.6606   
536748.9425     1.2038    0.5955   
536749.1425     1.0460    0.6221   
536749.2425     1.0228    0.8203   
536749.5425     1.2847    0.5979   
536749.9376     1.0200    0.7232   
536750.6375     1.4752    0.3363   
536750.7375     1.2084    0.2147   
536750.8375     0.9550    0.3163   
536750.9375     0.9806    0.2200   
536751.0375     1.3174    0.2547   
536751.1375     1.4350    0.4023   
536751.4375     1.3918    0.5535   
536751.5375     1.3058    0.6615   
536751.9375     1.4565    0.6222   
536752.0376     1.6647    0.7386   
536752.1375     1.6168    0.8654   
536752.6390     1.6163    1.3522   
536753.1375     1.4755    1.7920   
536753.2381     1.4097    1.9263   
536753.7375     1.6620    2.4648   
536754.4825     1.7080    2.4133   
536754.9825     1.5671    1.3468   
536755.3825     1.5898    1.4314   
536755.7825     1.7329    1.6697   
536756.1825     1.7218    1.9863   
536756.5825     1.5083    2.2907   
536756.6825     1.1985    2.5398   
536757.1845     1.6325    1.2905   
536757.2845     1.5955    1.0474   
536757.3848     1.4731    0.5559   
536757.9845     1.7258    0.5808   
536758.0845     1.8564    0.6279   
536758.2845     1.8318    0.6772   
536758.5345     1.8386    0.5616   
536758.6345     1.6837    0.2620   
536759.6345     1.4428    0.3493   
536759.7345     1.3522    0.4553   
536760.2845     1.3486    0.9057   
536760.3845     1.4334    0.9698   
536760.4845     1.5011    0.9406   
536760.5845     1.5986    1.1526   
536760.6845     1.6772    1.3671   
536760.7845     1.6975    1.9121   
536760.8845     1.7825    1.7938   
536761.1795     1.9207    2.0835   
536762.1758     1.9934    2.4097   
536762.3758     2.0469    2.3097   
536762.4758     2.0047    2.3170   
536762.5758     2.0155    2.1212   
536763.1758     2.1378    1.6088   
536763.2758     1.9523    1.4421   
536763.9758     2.2664    1.2200   
536764.0758     2.1674    1.1190   
536764.1758     2.0956    1.0732   
536764.7758     2.1657    1.2965   
536764.8758     2.2947    1.3946   
536764.9758     2.3186    1.4682   
536765.2759     2.3954    1.3022   
536765.3758     2.3741    1.0058   
536765.6758     2.1704    0.7652   
536765.8758     2.2771    1.1408   
536765.9764     2.3267    1.4199   
536766.0758     2.3218    1.6139   
536766.7745     2.3782    2.6560   
536766.8745     2.3232    2.4167   
536767.0245     2.4793    2.0337   
536767.3245     2.4270    1.7489   
536767.4245     2.4981    1.6444   
536767.5245     2.5337    1.5091   
536767.6245     2.3899    1.6991   
536768.0748     2.3218    1.9031   
536769.1195     2.4321    2.8398   
536769.3195     2.4146    2.7985   
536769.4195     2.4258    2.3424   
536769.5195     2.5138    2.4436   
536769.6201     2.5697    2.5170   
536770.2195     2.8178    2.0409   
536770.3195     2.7367    2.0084   
536770.4195     2.6819    2.0725   
536770.5194     2.6979    2.0533   
536770.6195     2.6806    2.1649   
536770.7195     2.6955    2.3323   
536770.8195     2.6745    2.4891   
536771.8145     2.5392    2.1825   
536771.9145     2.4835    1.9656   
536772.2156     2.2839    1.2016   
536772.4155     1.8525    1.1590   
536772.5155     1.7549    0.9615   
536773.5155     1.6909    1.4001   
536774.3155     1.5860    1.1476   
536774.4155     1.7006    1.3975   
536775.3155     2.4480    1.1931   
536775.6165     2.5198    1.7138   
536775.7165     2.5346    1.8563   
536776.3165     4.4069    1.1571   
536777.2165     4.6139    1.1967   
536777.3165     4.5738    1.1695   
536778.4165     4.9405    1.2215   
536778.5165     4.9724    1.2248   
536778.9165     4.8546    1.1140   
536779.0165     4.8844    1.2486   
536779.1165     4.8938    1.3138   
536779.2165     4.9035    1.1506   
536779.3165     4.7580    0.9089   
536779.4165     4.6386    0.8865   
536779.5167     4.5647    0.9526   
536779.6165     4.5235    1.0555   
536779.7165     4.5141    1.2953   
536779.8165     4.4777    1.4016   
536779.9165     4.6026    1.5643   
536780.8165     4.2866    0.7224   
536780.9165     4.3777    0.7918   
536781.3165     3.6858    0.5764   
536781.7178     3.7088    1.0080   
536781.8177     3.6430    0.6993   
536782.2185     3.8480    1.0910   
536782.4185     3.4998    1.0322   
536782.5185     3.5581    0.9865   
536782.7185     3.3735    0.9062   
536782.8190     3.3449    0.9537   
536783.2635     2.5495    1.3918   
536783.6635     2.6993    1.7001   
536783.7635     2.6681    1.5462   
536783.8635     2.7037    1.5386   
536784.1635     3.2578    1.7658   
536784.5635     3.1958    2.2721   
536784.6635     3.1590    2.2123   
536784.7635     3.0682    1.9053   
536785.2635     3.5840    1.7322   
536785.3635     3.6618    1.9622   
536785.8635     3.5193    1.3009   
536785.9635     3.4231    1.4093   
536786.2635     3.6056    1.3318   
536786.3635     3.5694    1.2749   
536786.4635     3.5270    1.3954   
536786.7635     3.3797    1.5156   
536786.8585     3.3602    1.5599   
536787.1585     3.2193    1.5792   
536787.2585     3.0388    1.8760   
536787.4585     3.0855    1.1081   
536787.5585     3.1278    1.0987   
536787.7585     3.0929    0.9738   
536788.0585     2.8832    1.7470   
536788.3585     2.7576    2.5963   
536788.5585     2.8149    2.7771   
536789.5563     5.8610    4.0991   
536789.7563     6.4903    4.5681   
536789.9564     7.0699    4.9818   
536790.1564     7.4130    5.3742   
536791.3564     8.3360    6.4117   
536791.5564     8.2776    5.7107   
536791.7564     8.1940    5.2212   
536791.9564     8.0247    4.7531   
536792.1564     7.6335    3.8551   
536792.3586     7.2531    3.5515   
536792.7586     6.0129    2.8483   
536793.2586     4.9032    2.9461   
536793.7592     4.0031    2.1634   
536794.0586     3.7647    2.2718   
536794.3585     3.5561    2.4850   
536794.4586     3.4573    2.4788   
536794.7586     3.3851    2.4775   
536794.8586     3.2008    2.5037   
536795.0586     2.9556    2.4490   
536795.4586     2.8229    2.5521   
536795.7585     2.7562    2.7051   
536795.8586     2.7755    2.6992   
536796.3036     1.4315    2.7346   
536797.2035     1.5125    4.5663   
536797.7036     1.8143    4.3449   
536798.3036     1.3313    3.8435   
536798.4036     1.2966    3.7899   
536798.5035     1.2593    3.7916   
536798.6036     1.2334    3.7512   
536798.7986     1.3808    3.8356   
536798.8986     1.3648    3.8065   
536799.2003     1.5601    3.7873   
536799.3003     1.5228    3.9434   
536799.4003     1.5939    3.9415   
536799.6003     1.2221    3.9346   
536799.8003     1.3713    4.0257   
536799.9003     1.3660    3.9490   
536800.1003     1.7333    4.1525   
536800.4006     1.6286    3.5853   
536800.5006     1.7727    4.2156   
536800.7006     2.5826    4.5476   
536800.8022     3.0973    4.5371   
536801.0006     3.6769    3.6785   
536801.1006     3.7794    3.7568   
536801.2006     3.5375    3.6312   
536801.5014     2.6618    3.2598   
536801.6006     2.1929    3.5246   
536802.1006     1.7157    6.7894   
536802.3006     1.8100    8.1099   
536802.4006     1.6118    8.4675   
536802.5006     1.5381    7.7525   
536802.5006     1.5523    7.6438   
536802.8006     1.3888    5.5574   
536802.9006     1.5295    5.5022   
536803.1985     1.8011    4.4260   
536803.2985     1.6729    4.1116   
536803.4995     1.4900    3.8695   
536803.5995     1.3155    3.9895   
536803.6995     1.3668    3.5788   
536803.9995     1.0884    2.7044   
536804.0995     1.0767    2.9315   
536804.1995     1.0530    3.0573   
536804.2995     1.0976    2.8944   
536804.3995     1.0169    2.7520   
536804.5995     0.9728    2.7636   
536804.8997     0.8013    3.1849   
536805.0995     1.1036    3.1510   
536805.2995     1.0706    2.8678   
536805.3995     0.9723    2.8132   
536805.5447     0.7643    2.7487   
536805.6945     0.8168    3.1193   
536805.7945     1.2045    3.3634   
536805.8945     1.1151    3.0768   
536806.0945     1.2255    2.7623   
536806.6409     1.7254    2.7671   
536806.9399     1.9481    3.4296   
536807.3395     1.7773    2.9017   
536807.6399     1.7976    3.0556   
536807.9395     1.5632    2.6709   
536808.2395     1.4085    2.2828   
536808.3395     1.3851    2.0372   
536808.6395     1.4628    2.1564   
536808.9414     1.6097    2.2821   
536809.0415     1.7240    2.2184   
536809.2415     1.7931    2.5142   
536809.3420     1.7981    2.4419   
536809.5415     1.6330    1.8103   
536809.8415     1.1529    1.6901   
536810.1415     1.7782    3.1107   
536810.4415     2.1336    5.8263   
536810.7415     2.8814    2.9228   
536811.2424     2.5956    1.4961   
536811.5435     3.1252    2.6431   
536811.8955     2.8776    4.3325   
536812.1955     3.5684    3.3366   
536812.4955     3.7786    2.3345   
536812.7955     3.5881    1.8081   
536813.0955     3.5912    1.2632   
536813.1955     3.4138    0.8714   
536813.5955     2.8925    0.7395   
536813.8973     2.8773    0.3523   
536813.9955     2.9359    0.4969   
536814.3955     2.6249    0.9210   
536814.8955     2.7765    0.4408   
536814.9955     2.7294    0.5503   
536818.1957     3.3981    2.2682   
536818.7955     2.8836    1.7649   
536818.8955     3.0687    2.0395   
536819.2955     3.1396    2.1931   
536819.7955     2.6222    1.8951   
536820.1955     2.5070    1.8550   
536820.3955     2.4617    1.7869   
536821.0405     2.4925    1.8262   
536821.3405     2.4078    1.7962   
536821.7355     2.5823    1.9182   
536822.0355     2.5755    1.9754   
536822.7355     2.4717    1.7230   
536823.4355     5.9778    1.3469   
536823.9355     3.9926    1.2379   
536824.0355     3.5674    1.1832   
536824.3355     3.3081    1.0649   
536824.7355     3.3199    1.0264   
536825.1355     3.5970    1.0853   
536825.5355     4.0755    1.3632   
536825.8365     4.2740    1.5390   
536826.1365     4.2881    1.5682   
536826.4365     4.4274    1.7973   
536826.6365     4.5709    2.0366   
536826.9365     4.6188    1.8229   
536827.2365     5.0053    1.8492   
536827.7365     5.3875    1.7422   
536828.1365     5.6146    1.7336   
536828.4385     6.1224    1.7148   
536828.7385     6.2550    1.8891   
536829.0385     6.8887    1.6330   
536829.2387     7.0735    1.4188   
536829.3385     6.2936    1.2710   
536829.5385     6.3545    1.3070   
536829.9386     6.8002    1.4976   
536830.1385     7.0290    1.3581   
536830.3385     6.8391    1.2211   
536830.5389     7.2348    1.0187   
536830.9385     7.2156    0.9313   
536831.0385     7.2699    0.8360   
536831.2386     7.6402    0.9599   
536831.4386     7.9419    1.2303   
536832.0386     8.3188    0.8956   
536832.2386     8.2062    0.8575   
536832.3386     8.0862    0.9197   
536832.4386     8.1673    0.6867   
536832.5386     8.1295    0.4688   
536832.6385     8.1623    0.2538   
536832.6385     8.0503    0.3540   
536833.2386     8.5779    0.8383   
536833.3385     8.7994    0.3963   
536833.4836     8.9657    0.4862   
536833.5836     9.0005    0.4026   
536833.8345     9.3696    0.7787   
536834.9845     10.6138   1.8919   
536835.0845     9.8456    1.8538   
536835.3845     8.6264    1.7956   
536835.4845     8.1172    1.7149   
536836.0795     7.4565    1.6892   
536836.5795     7.8944    0.8449   
536837.0811     10.1653   0.6028   
536837.3811     11.2101   0.6411   
536837.4811     11.5589   0.6393   
536837.5811     11.7067   0.4977   
536837.5811     11.7099   0.5739   
536837.6811     11.7886   0.4187   
536837.7811     11.6411   0.3863   
536837.8811     11.3219   0.4241   
536837.9811     10.8540   0.4303   
536838.0812     10.8744   0.6991   
536838.1811     10.9097   0.9491   
536838.2811     11.3385   1.1611   
536838.4811     11.0276   1.7707   
536838.5811     11.3861   1.5970   
536838.7811     11.2796   1.4524   
536838.8811     11.2036   1.5035   
536838.9811     11.4670   1.4551   
536839.1775     11.7290   1.5625   
536839.3790     11.3439   1.3304   
536839.4785     10.2441   1.1394   
536839.6785     10.7248   0.9901   
536840.1785     9.5500    0.6897   
536840.4785     10.9136   0.7324   
536840.6785     10.8186   0.5040   
536841.1785     10.1743   0.7913   
536841.2785     10.1738   1.0834   
536841.3786     10.1820   1.1528   
536841.4785     10.1823   1.2963   
536841.5796     10.1758   1.4369   
536841.6797     9.7300    1.5118   
536841.7785     9.7899    1.4529   
536841.9785     9.3346    1.1912   
536842.0791     9.3092    0.9806   
536842.1785     9.3428    0.9663   
536842.2785     9.3529    0.9803   
536842.6785     9.2307    0.8231   
536842.7800     9.2119    0.5791   
536843.8785     8.5705    0.8437   
536843.9786     8.2981    1.1198   
536844.0785     8.1743    1.5913   
536844.4785     7.8242    2.5763   
536844.6785     7.9913    2.4856   
536845.1785     7.5621    2.6557   
536845.3788     7.1494    2.9054   
536845.4786     7.1086    2.9974   
536845.6785     7.2183    3.1254   
536845.8785     7.3876    2.9970   
536846.0785     7.4308    3.0872   
536846.1785     7.3728    3.0857   
536846.5235     7.3091    2.8593   
536846.8235     6.2360    2.3954   
536847.1235     6.1429    1.9122   
536847.5235     6.4392    1.5805   
536847.8235     6.3065    0.5763   
536848.0235     5.8382    0.6875   
536848.2235     5.9097    0.7673   
536848.5185     6.9266    0.4830   
536848.8635     6.9614    0.4805   
536849.0635     7.3300    0.5214   
536849.3145     7.5413    0.4162   
536849.5145     7.5578    0.3699   
536849.7145     7.9075    0.3706   
536849.9154     7.9308    0.3742   
536850.4595     8.0074    0.7904   
536850.9595     8.1021    0.9862   
536851.0595     7.7806    0.8610   
536851.4595     8.3240    0.7649   
