536579.5151     6.5466    2.3456   
536579.5151     6.6034    2.3632   
536579.6151     6.6608    3.1188   
536579.6151     6.6917    3.1173   
536579.6151     6.7646    3.1350   
536579.6151     6.7181    3.1293   
536579.6151     6.8741    3.1458   
536579.6151     6.9445    3.1672   
536579.7151     6.9576    3.6374   
536579.7151     6.8540    3.5773   
536580.1152     5.5971    2.1566   
536580.1152     5.3317    2.0449   
536580.1152     5.3620    2.0351   
536580.2151     5.6731    2.3941   
536580.3151     5.6690    2.8120   
536580.3151     5.5531    2.8352   
536580.4153     5.0377    2.5919   
536580.4153     5.0826    2.6157   
536580.5151     5.3316    2.6027   
536580.6163     5.4670    2.3544   
536580.6163     5.4021    2.3571   
536580.6163     5.3960    2.3376   
536580.7151     4.5890    1.9769   
536580.8156     4.5567    2.1608   
536580.8645     4.4180    2.2131   
536580.9645     4.7248    2.1196   
536580.9645     5.0587    2.1233   
536581.1151     5.2049    2.5469   
536581.1151     4.2762    2.3394   
536581.2145     4.2041    2.1677   
536581.2145     4.3278    2.3216   
536581.4145     3.7188    2.2105   
536581.5152     4.0635    1.9912   
536581.5152     4.1412    1.8550   
536581.6145     4.0472    1.8061   
536581.6145     4.7225    1.8431   
536581.7145     4.2836    2.1702   
536581.8150     4.4648    2.0380   
536581.9144     5.0436    2.0525   
536581.9595     4.5642    1.9790   
536582.0545     5.3705    1.7913   
536582.1045     5.0173    2.0733   
536582.2045     5.1754    2.0877   
536582.3045     5.5646    2.0001   
536582.3569     5.6713    2.0591   
536582.4045     5.3614    2.0002   
536582.5045     5.3199    2.2060   
536582.6045     4.6886    2.0477   
536582.6045     4.0157    1.8525   
536582.6995     4.2196    1.8815   
536582.7995     4.2319    1.8645   
536582.8995     3.8282    1.8129   
536583.0995     4.2162    2.2117   
536583.0995     4.1455    2.1814   
536583.1995     4.1901    2.2853   
536583.2995     4.5971    2.5448   
536583.3995     4.8131    2.3647   
536583.4995     4.8230    2.4351   
536583.5995     4.8720    2.3617   
536583.6995     4.3263    2.4125   
536583.6995     4.6005    2.4032   
536583.8995     4.3396    2.6280   
536583.8995     4.6920    2.7610   
536583.9995     4.8465    2.8129   
536584.0995     5.2435    2.9138   
536584.1995     5.1715    3.0195   
536584.2995     4.9389    2.9283   
536584.3995     4.9666    2.9095   
536584.4995     6.0626    3.1531   
536584.4995     6.7422    3.3191   
536584.5995     6.9839    3.4876   
536584.6995     6.5256    3.3314   
536584.7995     6.5862    3.9341   
536584.8995     6.5649    4.0806   
536584.9995     6.9414    4.1340   
536585.0995     6.8513    3.9614   
536585.0995     6.5555    3.7010   
536585.1995     6.0514    3.4026   
536585.2995     5.5595    3.0920   
536585.3995     5.1592    2.9639   
536585.4995     4.6181    2.6286   
536585.5995     3.6599    2.1990   
536585.6995     3.7590    2.3144   
536585.7995     4.0960    2.6849   
536585.8995     3.7345    2.6669   
536585.9995     3.8123    2.6859   
536585.9995     3.8871    2.7097   
536586.0995     3.5977    2.6133   
536586.1995     3.4059    2.4548   
536586.2994     3.1172    2.2748   
536586.3995     3.6692    2.4002   
536586.3995     3.2758    2.1670   
536586.4995     5.3894    3.0387   
536586.5995     6.1678    3.3865   
536586.6995     5.7071    3.3978   
536586.6995     5.8172    3.3643   
536586.7995     5.7818    3.4136   
536586.8995     5.5621    3.8212   
536586.8995     5.9410    3.8588   
536586.9995     5.4795    3.9036   
536587.0994     4.0930    3.5907   
536587.0994     4.0416    3.5422   
536587.1995     3.6109    3.7719   
536587.1995     3.8604    3.8456   
536587.2995     4.2277    4.1427   
536587.3995     4.3384    4.1834   
536587.4995     4.3756    3.3203   
536587.5995     4.3607    2.6236   
536587.5995     4.3111    2.5816   
536587.6994     4.0221    1.8876   
536587.7995     3.8406    1.7947   
536587.8995     3.6000    1.3989   
536587.8995     3.5321    1.3686   
536587.9995     3.5887    2.3281   
536588.0995     3.4236    3.6511   
536588.1995     3.0100    4.1564   
536588.2995     3.2220    3.9646   
536588.2995     3.2069    3.8961   
536588.3995     3.4495    2.7840   
536588.4995     3.2137    1.6591   
536588.5995     3.6881    1.2406   
536588.6995     3.7111    2.0722   
536588.7995     3.8964    3.1470   
536588.7995     3.8517    3.1385   
536588.8995     3.0143    3.7833   
536588.9995     3.1781    4.3207   
536589.0995     3.3844    3.7950   
536589.1995     3.5253    2.9580   
536589.2995     3.6232    2.3308   
536589.3995     3.7646    2.4358   
536589.4995     4.1477    2.7478   
536589.5995     4.0336    3.2039   
536589.6995     4.1241    3.2040   
536589.7995     3.8628    2.8699   
536589.8995     3.8837    2.4495   
536589.9995     3.7123    2.5487   
536590.0995     3.7067    2.6684   
536590.1995     3.3627    2.7037   
536590.2995     2.7459    2.1473   
536590.3995     2.2182    1.7307   
536590.4995     2.3840    1.8826   
536590.5998     2.0522    2.1360   
536590.6995     2.2361    2.2977   
536590.7995     1.9749    2.5124   
536590.9994     1.9186    2.7904   
536591.0995     2.0435    2.8496   
536591.1995     2.5696    2.6904   
536591.2995     3.2529    2.4344   
536591.3995     3.7406    2.4309   
536591.5995     4.1922    2.3329   
536591.6995     4.5983    2.4023   
536591.7945     4.7781    2.5705   
536591.8945     4.2716    2.3903   
536591.9945     4.0798    2.2557   
536592.0945     3.4736    2.1133   
536592.2945     3.3197    2.0504   
536592.3945     3.0011    2.1391   
536592.4945     2.7581    2.1698   
536592.6445     2.9688    2.1687   
536592.6445     2.9393    2.1715   
536592.7445     3.1552    2.2313   
536592.9445     3.3328    2.5476   
536593.0445     2.9763    2.5762   
536593.1445     3.3855    2.6717   
536593.2445     3.5060    2.7923   
536593.3445     3.4984    2.8217   
536593.4450     3.6680    2.7504   
536593.5445     3.5577    2.5939   
536593.5944     3.6159    2.2419   
536593.6944     3.3843    1.7237   
536593.7945     2.8531    1.2869   
536593.8945     2.3471    1.5251   
536594.0395     2.4002    1.4819   
536594.1398     2.2684    1.4037   
536594.2395     2.4872    1.0654   
536594.3395     2.4589    1.0921   
536594.3395     2.4357    1.1092   
536594.4395     2.7690    1.8446   
536594.5395     2.6175    2.2008   
536594.6395     2.5387    2.1629   
536594.7395     2.2257    1.3224   
536594.8395     1.8923    0.5984   
536594.9394     1.3704    0.7369   
536595.0395     0.9001    0.8606   
536595.1395     0.9293    0.8505   
536595.1395     1.0249    0.7944   
536595.3395     1.3008    1.7295   
536595.4395     1.6514    1.3675   
536595.4395     1.5836    1.3111   
536595.5395     1.3910    0.9315   
536595.6395     0.3136    0.8589   
536595.7395     0.8035    0.9931   
536595.8395     2.2409    1.6191   
536595.8395     2.6155    1.9519   
536595.9395     2.4784    2.1350   
536596.0414     2.1472    2.1335   
536596.0414     1.3578    1.8429   
536596.1395     0.9409    1.0900   
536596.2395     1.4830    0.6116   
536596.2395     2.3095    0.8613   
536596.3395     2.7632    1.5299   
536596.3395     3.7804    2.2910   
536596.3395     3.3106    2.5622   
536596.4395     3.6490    2.7281   
536596.4395     3.7421    2.9828   
536596.5395     5.0353    3.1196   
536596.5395     5.7855    3.2868   
536596.6395     6.3009    3.2760   
536596.6395     6.2565    3.1021   
536596.7395     5.3525    2.7113   
536596.7395     5.1447    2.7726   
536596.8395     4.4552    2.7774   
536596.8395     4.5760    2.6505   
536596.9395     4.4055    2.4713   
536596.9395     5.0301    2.8261   
536597.0395     5.4920    3.0117   
536597.0395     5.2795    3.0317   
536597.1395     5.2753    2.7061   
536597.1395     5.3732    2.5482   
536597.1395     5.0969    2.2682   
536597.2395     4.8910    2.0726   
536597.2395     4.6067    2.0115   
536597.3395     4.2431    1.9602   
536597.3395     4.4128    1.9499   
536597.4395     4.8499    2.1758   
536597.4395     5.0744    2.1597   
536597.5395     4.9823    2.4942   
536597.5395     4.8656    2.4270   
536597.6395     4.5841    2.7552   
536597.6395     4.5185    2.7178   
536597.7395     4.4114    3.2432   
536597.8395     4.3228    3.5393   
536597.8395     3.9801    3.4448   
536597.9395     3.9699    3.6078   
536598.0395     3.8446    3.3598   
536598.0395     3.8600    3.3829   
536598.1395     3.9745    2.9167   
536598.2395     4.1641    2.6075   
536598.3395     3.8721    2.3093   
536598.3395     3.7461    2.2940   
536598.4395     3.6025    2.3265   
536598.5395     3.8894    2.3887   
536598.6395     3.6896    2.1513   
536598.7347     3.8703    1.8729   
536598.8345     3.8718    1.5429   
536598.9345     4.0600    1.2396   
536598.9345     4.0969    1.2953   
536599.0345     4.0287    1.0418   
536599.1345     3.7665    0.9392   
536599.2345     3.7095    0.9336   
536599.3345     3.9432    0.9356   
536599.4345     4.3262    1.1077   
536599.5845     4.1138    0.9955   
536599.6845     3.7513    0.9645   
536599.7845     3.7866    0.9467   
536599.7845     3.7261    0.9858   
536599.9845     3.8589    1.1464   
536600.0845     4.0354    1.2295   
536600.1845     4.1012    1.2934   
536600.2845     4.3124    1.1628   
536600.3845     4.2255    1.2676   
536600.5345     4.5953    1.2720   
536600.6345     4.6392    1.4556   
536600.8345     4.7565    0.8868   
536600.9345     4.6579    1.1336   
536601.0345     4.5404    1.5938   
536601.2345     4.7642    1.4055   
536601.3345     4.5167    1.5342   
536601.4845     4.4712    1.7766   
536601.5845     4.3356    1.9881   
536601.7845     4.3282    1.1902   
536601.8845     4.3251    1.1922   
536601.9845     4.2614    1.2376   
536602.1845     4.2651    1.6642   
536602.2845     4.4171    1.5359   
536602.4345     4.5537    0.8852   
536602.6345     4.3092    1.4408   
536602.7345     4.3181    1.6066   
536602.8345     4.9726    1.4916   
536603.0345     5.1558    1.3905   
536603.1345     5.9741    1.3698   
536603.2345     4.1196    2.3795   
536603.3845     5.2601    1.8096   
536603.5845     3.4676    2.0917   
536603.6845     4.1962    1.5990   
536603.7845     6.0387    1.3510   
536603.8845     6.4228    1.3487   
536603.9847     6.0344    1.3429   
536604.1845     4.6037    1.4084   
536604.2845     4.5075    1.2075   
536604.3345     4.7115    1.1076   
536604.4345     4.9397    1.0284   
536604.5345     5.1471    0.9870   
536604.6345     5.0857    1.0615   
536604.7345     4.7715    0.8667   
536604.8345     4.3307    0.6919   
536604.9345     4.1771    0.4698   
536605.1345     4.0336    0.4209   
536605.2345     3.5885    0.3230   
536605.2345     3.6498    0.2905   
536605.3345     3.7884    0.2759   
536605.4845     3.9836    0.4413   
536605.5845     3.8245    0.4633   
536605.6845     3.7780    0.5629   
536605.6845     3.9897    0.7759   
536605.7845     4.5226    0.9054   
536605.8845     5.2757    1.0804   
536605.9845     5.0557    1.0185   
536606.0846     5.0131    0.9527   
536606.1845     4.1502    0.7255   
536606.2845     4.1965    0.7328   
536606.4345     4.5134    1.0101   
536606.5345     4.9460    1.2218   
536606.6345     5.0011    1.1904   
536606.6345     4.4628    1.0607   
536606.7345     4.2997    0.3524   
536606.9345     4.7152    0.8666   
536607.0345     4.8191    1.0027   
536607.1345     5.1234    1.4014   
536607.1345     4.9616    1.4572   
536607.2845     5.1233    1.1093   
536607.3845     4.7066    1.1168   
536607.4845     4.6074    0.9421   
536607.5845     4.3630    1.0533   
536607.6845     4.4062    1.0328   
536607.7845     4.4087    0.8365   
536607.7845     4.1533    0.7473   
536607.8846     4.3695    0.6321   
536608.0845     4.2606    0.7515   
536608.0845     4.1353    0.5925   
536608.2345     3.9220    1.5325   
536608.3345     3.3136    1.5919   
536608.4345     2.6519    1.7022   
536608.5345     2.1084    1.4399   
536608.6345     2.4249    2.2568   
536608.7345     2.4086    2.8295   
536608.8345     3.0448    3.2475   
536608.9345     2.6337    3.5549   
536609.0345     2.0756    3.4523   
536609.0345     2.7487    3.9669   
536609.1845     3.7235    3.0633   
536609.2849     4.0657    2.3606   
536609.3845     6.3058    2.8982   
536609.5846     7.6399    3.8437   
536609.6845     7.2225    4.1124   
536609.7795     6.1627    3.6769   
536609.8795     5.3462    2.8078   
536609.9795     5.4252    2.0767   
536609.9795     5.5300    1.9354   
536610.0795     5.9886    1.6651   
536610.1795     5.4564    1.8100   
536610.2795     4.8263    1.8398   
536610.3795     4.4854    1.8673   
536610.4795     4.2097    1.3954   
536610.5795     3.9812    0.9720   
536610.6795     3.9050    0.8583   
536610.7795     3.6077    0.8757   
536610.8795     3.5153    0.8557   
536610.9795     3.4873    0.9466   
536610.9795     3.6262    0.9809   
536611.0795     3.1034    0.8622   
536611.1795     3.0623    0.8328   
536611.3795     3.5844    0.9462   
536611.3795     3.3818    0.8696   
536611.4795     3.4364    0.9927   
536611.5795     3.4178    0.9507   
536611.6795     3.7352    0.9273   
536611.6795     4.3128    1.1922   
536611.7795     3.4078    0.7913   
536611.8795     2.3497    0.6817   
536611.9795     2.9805    0.7179   
536612.0795     4.4532    1.2662   
536612.1795     7.6060    2.4517   
536612.2795     6.3640    2.4420   
536612.3794     4.6336    2.4749   
536612.4795     3.3091    2.1636   
536612.5795     5.2922    2.1909   
536612.6745     6.5641    2.2355   
536612.7745     7.4043    2.3403   
536612.7745     6.1703    2.0757   
536612.9245     3.9384    1.6085   
536613.0245     2.9944    1.2760   
536613.1248     3.3053    1.2474   
536613.2245     4.4600    1.2785   
536613.3245     4.5579    1.2538   
536613.4245     4.3029    1.1820   
536613.5245     3.7397    1.0570   
536613.6245     3.4385    0.9940   
536613.7245     3.4575    0.8058   
536613.8245     3.8084    0.5552   
536613.9245     3.7960    0.4575   
536613.9245     3.8877    0.4657   
536613.9745     3.9033    0.5630   
536614.0746     3.6265    0.4887   
536614.1745     3.4930    0.3317   
536614.2745     3.2066    0.1850   
536614.3745     2.7692    0.3829   
536614.4745     2.9107    0.5815   
536614.5745     3.0040    0.5885   
536614.6745     2.8758    0.3811   
536614.9245     2.6000    0.3035   
536615.0245     3.1278    0.2491   
536615.1245     3.5586    0.3030   
536615.2245     3.8019    0.3717   
536615.3245     3.6232    0.5214   
536615.4247     3.4523    0.6533   
536615.5245     3.5053    0.6780   
536615.5245     3.5997    0.7201   
536615.6765     3.8989    0.7478   
536615.7787     3.8555    0.6918   
536615.8787     3.4574    0.5201   
536615.9787     3.0142    0.2626   
536616.0787     2.5204    0.2555   
536616.1787     2.8420    0.2409   
536616.2787     3.1899    0.3354   
536616.3787     3.2838    0.5452   
536616.4787     3.0680    0.9286   
536616.5787     2.9159    1.1371   
536616.6787     2.9944    1.1502   
536616.7787     3.3473    1.3525   
536616.8787     3.8640    1.3890   
536616.9787     3.3528    1.3003   
536617.0787     3.5376    1.1830   
536617.1787     2.7350    1.0430   
536617.2787     3.0001    1.1617   
536617.3787     2.8277    1.3111   
536617.4787     3.3332    1.6277   
536617.5787     3.2737    1.7569   
536617.6787     2.8429    1.9464   
536617.8787     2.9897    2.4245   
536617.9787     3.7782    2.7249   
536618.0787     3.6517    2.8716   
536618.1787     2.3696    2.8429   
536618.2787     2.1670    3.0791   
536618.3787     2.5771    2.9282   
536618.4787     3.1792    3.1245   
536618.5787     2.9686    3.3162   
536618.6788     2.7519    3.4928   
536618.7787     2.8101    3.2136   
536618.8787     2.9037    2.8442   
536618.9787     3.3683    2.3727   
536619.1790     3.6181    2.4584   
536619.2787     3.4065    2.4196   
536619.3787     3.3261    2.4844   
536619.4787     3.4356    2.4267   
536619.5787     3.3821    2.3510   
536619.7787     3.0842    1.8291   
536619.8787     2.9600    1.5969   
536619.9787     3.1026    1.5839   
536620.0789     3.2648    1.6533   
536620.2787     3.3415    1.6017   
536620.3787     3.2461    1.4626   
536620.4787     3.0000    1.1636   
536620.5787     2.8385    0.9945   
536620.7787     2.9574    1.0389   
536620.8787     3.1971    1.0335   
536620.9787     3.4482    1.1366   
536621.1787     3.3696    1.1309   
536621.2787     2.9978    1.1023   
536621.4787     3.1146    1.1667   
536621.6237     3.3118    1.2833   
536621.7237     3.2000    1.2628   
536621.8237     2.9210    1.2308   
536621.9237     2.2033    1.0769   
536622.0237     1.6793    0.9535   
536622.2237     1.9292    1.2906   
536622.3755     2.0956    1.6205   
536622.4755     2.5795    2.0692   
536622.5755     3.4009    2.1557   
536622.6755     5.1594    2.0853   
536622.7755     3.9539    1.2534   
536622.8755     3.1047    1.2795   
536622.9755     1.0584    1.0406   
536623.1755     0.6428    1.0949   
536623.2755     0.8660    0.5741   
536623.3755     4.0380    1.2889   
536623.4755     5.6943    1.8761   
536623.5755     5.8419    2.4307   
536623.6755     4.2601    2.7890   
536623.7755     1.8959    2.8775   
536623.8755     0.6973    2.3034   
536623.9755     1.1587    1.7045   
536623.9755     3.7257    1.6455   
536624.0755     5.4498    2.0843   
536624.1755     5.5081    2.2016   
536624.2755     3.9154    2.0216   
536624.3755     2.2528    1.7550   
536624.4755     1.7705    1.6008   
536624.5755     2.7001    1.7015   
536624.5755     4.0293    1.9972   
536624.6755     4.3496    2.2186   
536624.7755     4.0057    2.3361   
536624.8755     3.4329    2.3284   
536624.9755     3.0153    2.2605   
536625.0755     3.6176    2.3522   
536625.0755     4.0983    2.4678   
536625.1755     4.1176    2.5120   
536625.2755     3.5374    2.6814   
536625.3755     3.1211    2.8080   
536625.4755     3.1546    2.8570   
536625.5755     3.3221    2.9914   
536625.6755     3.2941    3.0169   
536625.7755     3.0519    3.1601   
536625.8755     2.8964    3.3396   
536625.8755     2.6146    3.3519   
536625.9755     2.8790    3.3914   
536625.9755     3.2878    3.4159   
536626.0755     3.0911    3.3707   
536626.1755     3.1095    3.4709   
536626.2755     2.8529    3.3952   
536626.3754     2.5707    3.1888   
536626.3754     2.5792    3.0168   
536626.4755     2.7920    2.9527   
536626.5755     3.2711    2.8114   
536626.5755     3.5628    2.7122   
536626.6755     3.7236    2.6219   
536626.7755     3.5522    2.5643   
536626.8755     3.0402    2.2628   
536626.9205     3.0507    2.1813   
536627.0205     3.3760    2.2500   
536627.1205     3.6580    2.3387   
536627.2155     3.8600    2.5257   
536627.2155     3.6963    2.5006   
536627.3155     3.4246    2.4429   
536627.4168     3.3125    2.4011   
536627.5155     3.1611    2.2082   
536627.6157     3.2329    2.1277   
536627.6157     3.3448    2.1211   
536627.7155     3.2981    2.0932   
536627.8155     3.3946    2.0472   
536627.9155     3.7048    2.1903   
536627.9155     3.6765    2.1858   
536628.0155     3.6305    2.1757   
536628.1155     3.5855    2.1105   
536628.2155     3.8089    2.0773   
536628.3155     3.9280    2.0264   
536628.4155     4.0717    1.9921   
536628.4155     4.1320    1.9875   
536628.5155     3.9731    1.8403   
536628.6155     3.7366    1.6034   
536628.7155     3.7036    1.5687   
536628.7638     3.5470    1.6570   
536628.8638     3.5498    1.7195   
536628.9639     3.3919    1.6516   
536628.9639     3.1669    1.6136   
536629.0638     3.1164    1.6122   
536629.1639     3.4319    1.7159   
536629.2639     3.6730    1.8973   
536629.3589     3.7005    1.9155   
536629.4589     3.5935    1.9703   
536629.4589     3.1142    1.8239   
536629.5589     2.9148    1.8375   
536629.6589     3.0082    1.8798   
536629.7588     3.3619    1.9508   
536629.8588     3.7906    2.0963   
536629.9589     4.3275    2.2304   
536629.9589     4.6233    2.3742   
536630.0589     5.1101    2.4934   
536630.1588     4.8143    2.3119   
536630.2588     4.5464    2.3512   
536630.3589     4.6516    2.5931   
536630.4589     5.6716    2.8372   
536630.4589     5.3231    2.7335   
536630.5603     4.0082    2.0619   
536630.6596     2.5895    1.5508   
536630.7589     3.2609    2.1561   
536630.7589     2.9399    2.3403   
536630.8588     2.0863    2.4577   
536630.9589     3.7607    2.8245   
536631.0591     8.1983    3.9038   
536631.0591     9.1027    4.6804   
536631.1589     8.1443    4.4656   
536631.2589     4.1307    3.6391   
536631.3589     2.8297    2.6599   
536631.4589     2.1934    1.9567   
536631.4589     3.7519    2.1011   
536631.5590     6.5134    3.3373   
536631.6589     6.8614    4.3509   
536631.6589     5.0017    5.2284   
536631.7588     2.5150    4.8608   
536631.8589     2.1954    3.7877   
536631.9589     2.9646    2.9119   
536631.9589     3.7603    2.8127   
536632.0589     4.0807    3.4528   
536632.1588     3.9889    4.1898   
536632.2589     3.4521    4.3457   
536632.3589     2.9541    3.7599   
536632.4588     3.1826    3.1798   
536632.4588     4.1046    2.9322   
536632.5589     4.6978    2.9198   
536632.6593     4.8477    2.8189   
536632.6593     3.9274    2.7298   
536632.7606     3.1895    2.5306   
536632.8589     3.0843    2.6226   
536632.9038     3.5020    2.9188   
536633.0039     3.5204    2.9736   
536633.1039     2.8106    3.0098   
536633.1039     2.4953    3.0633   
536633.2039     3.3876    3.3058   
536633.3039     3.9169    3.2888   
536633.3552     3.8437    3.1851   
536633.4039     3.4455    3.0461   
536633.5039     3.2727    3.0340   
536633.6038     3.0677    2.9698   
536633.6038     3.0437    2.8301   
536633.7039     3.0318    2.5279   
536633.7039     3.1506    2.4123   
536633.8038     3.3524    2.2864   
536633.9038     3.4772    2.3399   
536634.0038     3.1464    2.1998   
536634.0038     2.8526    2.1991   
536634.1038     2.9373    2.4563   
536634.2038     3.1674    2.4243   
536634.3039     3.2026    2.3380   
536634.4038     3.2054    2.4263   
536634.4543     3.0858    2.5594   
536634.7038     2.0753    3.4001   
536634.7038     2.7000    3.3559   
536634.8038     3.3169    3.4717   
536634.9038     3.6833    3.4101   
536635.0039     3.8169    3.5210   
536635.1038     3.2930    3.5854   
536635.1038     2.8151    3.4001   
536635.2039     2.0100    2.9194   
536635.3039     2.0738    2.6341   
536635.4039     3.6304    2.7310   
536635.5039     4.0500    2.7191   
536635.6039     3.7549    2.6692   
536635.7039     3.0477    2.1136   
536635.8038     2.7329    1.5931   
536635.9038     3.2874    1.2068   
536636.0039     4.2134    1.3247   
536636.1044     4.8606    1.5295   
536636.2039     3.8980    1.5606   
536636.3039     2.3106    1.7487   
536636.4039     2.1976    1.7688   
536636.5039     2.8743    1.7789   
536636.6039     3.3462    1.9304   
536636.7039     4.4732    2.5900   
536636.8038     4.4622    3.1065   
536636.9039     2.9354    2.9475   
536637.0039     1.7903    2.4535   
536637.1039     2.6192    2.0303   
536637.3039     3.5579    1.9423   
536637.4038     3.6377    2.0219   
536637.5039     3.4652    2.0772   
536637.6038     3.0004    2.0331   
536637.7039     2.9869    1.8548   
536637.8039     2.8220    1.5422   
536638.0039     3.6521    1.4553   
536638.1039     4.6484    1.5249   
536638.3039     4.3231    1.4962   
536638.4038     4.0136    1.4876   
536638.5544     3.5838    1.4719   
536638.6545     3.5233    1.4602   
536638.7545     3.6725    1.5468   
536638.8545     3.4713    1.6876   
536639.0545     3.4779    1.8915   
536639.2045     3.7920    2.0208   
536639.4045     3.7758    2.0705   
536639.5045     3.9298    1.9148   
536639.6045     4.2117    1.5691   
536639.8045     4.4298    1.4168   
536639.8545     4.3716    1.1519   
536640.0545     4.7270    1.2685   
536640.1545     5.2391    1.5183   
536640.2553     4.9809    1.4331   
536640.4545     4.2036    1.2852   
536640.5545     3.3016    1.3450   
536640.7045     3.2123    1.5454   
536640.8045     3.6708    1.6919   
536640.9045     4.0997    1.9176   
536641.0553     3.9894    2.0411   
536641.1047     3.9002    2.2633   
536641.1995     3.4329    2.3772   
536641.2995     3.0168    2.6146   
536641.3995     2.9717    2.8306   
536641.4995     3.2668    3.2444   
536641.5995     3.3026    3.3683   
536641.7004     3.4182    3.5150   
536641.7995     3.6414    3.6287   
536641.9995     3.1919    3.8682   
536642.0995     3.0810    3.7806   
536642.1995     3.0474    3.7057   
536642.2995     2.7860    3.9170   
536642.3995     2.4910    4.1345   
536642.4995     2.4137    4.1913   
536642.5995     2.3683    4.2264   
536642.6995     2.6334    4.0612   
536642.8008     2.6637    3.7317   
536642.8999     2.6866    3.5997   
536642.9995     2.1250    3.6846   
536642.9995     2.0514    3.8062   
536643.0995     2.4069    4.3575   
536643.1995     2.1651    4.7956   
536643.2995     1.7310    4.6334   
536643.2995     1.9952    4.5659   
536643.3998     1.6160    4.4862   
536643.4995     1.6924    4.7955   
536643.5995     2.7800    4.9425   
536643.5995     2.2305    4.6312   
536643.6995     1.5412    4.3485   
536643.7995     2.1089    4.1206   
536643.7995     2.2523    4.2150   
536643.8995     1.7468    4.3846   
536643.9995     2.5103    4.5091   
536643.9995     2.3083    4.3921   
536644.1015     1.8386    4.1761   
536644.1015     1.4678    4.0281   
536644.2015     1.3567    3.8888   
536644.3015     1.7415    4.0419   
536644.3015     1.7823    4.1811   
536644.4015     1.7832    4.0933   
536644.5015     2.4351    4.1304   
536644.5015     2.4550    4.2737   
536644.6015     1.8415    4.4394   
536644.7015     1.9948    4.7272   
536644.8015     1.6215    4.4527   
536644.8015     1.8296    4.3372   
536644.9014     1.8507    4.2133   
536645.0015     1.7910    4.1365   
536645.0015     1.7708    3.8575   
536645.1015     2.0177    3.6402   
536645.2015     2.2157    3.5160   
536645.3015     2.4560    3.3997   
536645.4015     2.1813    3.2702   
536645.4015     1.9226    3.1816   
536645.5015     1.9273    3.1077   
536645.6015     2.1124    2.9956   
536645.6015     2.5257    3.0505   
536645.7017     2.7522    2.8846   
536645.8020     2.3703    2.6621   
536645.9020     2.3004    2.5096   
536646.0021     2.1317    2.3334   
536646.0021     2.1895    2.3097   
536646.1021     2.4302    2.2968   
536646.2020     2.5264    2.2216   
536646.3020     2.7858    2.0734   
536646.4020     3.2948    2.0999   
536646.5020     2.9078    2.0590   
536646.6020     2.9207    1.8444   
536646.7020     2.8695    1.5821   
536646.7020     2.6447    1.5370   
536646.8020     2.5711    1.5438   
536646.9020     2.5188    1.4563   
536647.0020     2.4897    1.4814   
536647.1020     2.2869    1.4486   
536647.2020     2.5921    1.4902   
536647.3020     3.3840    2.1026   
536647.3020     3.3063    1.9700   
536647.4020     1.7500    1.6077   
536647.5021     1.6015    1.4636   
536647.6021     2.2576    1.2417   
536647.7020     2.7176    1.1941   
536647.8021     2.9925    1.3320   
536647.9020     2.6810    1.6679   
536648.0021     2.6491    1.6509   
536648.1021     2.3822    1.4276   
536648.2020     2.6820    1.3107   
536648.3021     2.8252    1.3461   
536648.4020     2.7759    1.2213   
536648.5021     2.7244    1.5478   
536648.6575     2.5291    1.0363   
536648.6575     2.5095    0.7482   
536648.7575     2.5986    0.2346   
536648.8575     3.5062    0.4853   
536648.9575     6.0856    1.3860   
536649.0575     5.6293    1.5034   
536649.1575     3.4059    1.0482   
536649.2585     4.3226    1.9231   
536649.3575     6.0195    2.4284   
536649.4575     8.0024    3.0113   
536649.5575     8.4783    3.3578   
536649.6575     4.7508    1.9070   
536649.6575     2.4262    1.0830   
536649.8025     2.5223    0.5925   
536650.0025     1.3243    0.7675   
536650.1025     3.5024    0.6781   
536650.1025     4.7635    0.9028   
536650.2025     3.9405    0.9426   
536650.3025     2.2411    0.6045   
536650.4025     1.6452    1.0080   
536650.5025     2.1150    0.6733   
536650.6025     2.2493    0.7360   
536650.7025     3.0726    0.7181   
536650.8025     2.4143    0.7829   
536650.9025     1.6142    1.0223   
536651.0025     1.5970    1.0781   
536651.1005     1.8229    0.9195   
536651.2005     1.6794    0.8745   
536651.2005     1.9222    0.9128   
536651.3005     1.9737    0.8461   
536651.4005     1.8910    0.8064   
536651.5005     1.3618    0.8408   
536651.6005     1.8342    0.8600   
536651.7005     2.1568    1.0027   
536651.8005     2.1041    0.8871   
536651.9005     1.4867    0.9278   
536652.0005     0.9708    1.2832   
536652.1005     1.1376    1.4208   
536652.3005     0.9107    1.4092   
536652.4005     1.4019    1.3273   
536652.5005     2.2306    1.3702   
536652.6005     2.1475    1.3723   
536652.7005     1.7842    1.2648   
536652.8005     1.0279    1.4348   
536652.9005     1.0843    1.6081   
536653.0005     1.3375    1.4317   
536653.1005     0.9364    0.9985   
536653.2955     1.3262    1.0362   
536653.2955     1.2836    1.0662   
536653.3955     1.0198    0.8470   
536653.5955     1.2293    1.4285   
536653.6955     1.6998    1.6414   
536653.7955     2.0670    2.0128   
536653.8955     1.9080    1.7792   
536654.0955     1.6419    1.0644   
536654.1955     1.8966    1.4078   
536654.2955     2.4908    1.9947   
536654.3955     2.6232    2.2363   
536654.5955     2.4871    2.2325   
536654.5955     2.3466    2.1800   
536654.7413     2.3246    2.2354   
536654.8405     2.5540    2.3371   
536655.0385     3.1295    2.7303   
536655.1385     2.9735    3.2032   
536655.2385     2.8520    3.3946   
536655.4385     2.7909    3.4584   
536655.5385     2.7981    3.4059   
536655.8385     2.3284    3.1601   
536655.9385     2.3177    3.2557   
536656.1385     2.4597    3.3357   
536656.2385     2.4266    3.3118   
536656.3385     2.3861    3.3680   
536656.4385     2.5374    3.3502   
536656.5385     2.7769    3.3111   
536656.7385     3.0154    3.2964   
536656.8385     3.0606    3.1889   
536656.9385     2.8185    2.9763   
536657.0385     2.4691    2.7781   
536657.2385     2.3766    2.7263   
536657.3384     2.1905    2.7240   
536657.4384     2.1725    2.7633   
536657.5385     2.2176    2.6836   
536657.6385     2.1912    2.6386   
536657.7385     2.2027    2.5755   
536657.8385     2.3794    2.3807   
536657.9385     2.5622    2.1824   
536658.0385     2.5978    2.1152   
536658.1385     2.5998    1.9872   
536658.2385     2.4834    1.9908   
536658.3388     2.9078    1.9941   
536658.4385     3.1613    2.0696   
536658.5385     3.2492    2.0774   
536658.6389     3.1559    2.1479   
536658.7385     3.0757    2.1606   
536658.8385     3.0932    2.1363   
536658.9385     3.1792    2.0404   
536659.0385     3.4421    1.9263   
536659.1385     3.3668    1.7449   
536659.2385     3.4746    1.6796   
536659.3385     3.4403    1.8921   
536659.3385     3.5153    1.9640   
536659.4385     2.9079    2.0367   
536659.5385     3.0502    1.9839   
536659.6393     3.6924    2.1687   
536659.7385     4.2637    2.4322   
536659.8385     3.7008    2.3686   
536660.0385     2.9805    2.3265   
536660.1385     2.3684    2.3933   
536660.2393     2.9034    2.4950   
536660.2393     2.8765    2.4175   
536660.3408     3.1125    2.4552   
536660.4385     3.8345    2.5053   
536660.5385     4.5663    2.6871   
536660.6389     4.7556    2.6024   
536660.7385     4.1996    2.4643   
536660.8385     3.7846    2.4867   
536660.9385     3.6199    2.6064   
536661.0385     3.3918    2.4956   
536661.1385     3.1711    2.4520   
536661.2385     3.2456    2.4563   
536661.2385     3.0003    2.4739   
536661.3385     2.7181    2.6107   
536661.4384     2.3785    2.7330   
536661.5385     2.4702    2.8215   
536661.6385     2.5506    2.9415   
536661.7385     2.6033    2.9099   
536661.8385     2.4547    2.7957   
536661.8385     2.5673    2.8438   
536661.9385     2.8575    2.8852   
536662.0385     2.9324    2.8479   
536662.1385     3.3109    2.7938   
536662.2385     3.4901    2.7216   
536662.3385     3.5884    2.5678   
536662.4385     3.7676    2.4199   
536662.5385     3.6520    2.1672   
536662.6385     3.6235    2.1281   
536662.6385     3.6846    2.0873   
536662.7385     3.5148    2.0833   
536662.9384     3.3951    2.0288   
536662.9384     3.7166    2.1540   
536663.0386     3.7710    2.0583   
536663.1385     3.3879    1.8683   
536663.2385     3.3387    1.8392   
536663.3385     3.2618    1.8857   
536663.3385     3.3559    1.9788   
536663.4385     3.2332    1.9177   
536663.5385     3.0359    1.8984   
536663.6385     2.9913    1.9026   
536663.7385     2.9583    1.9198   
536663.7385     3.2202    1.9753   
536663.8385     3.2199    1.9323   
536663.9385     3.0834    1.8834   
536664.0385     3.0540    1.9798   
536664.1385     3.1634    2.0629   
536664.2385     3.0590    2.0762   
536664.2385     2.9366    2.0033   
536664.3385     2.6557    1.9685   
536664.4385     2.6353    1.9335   
536664.5385     2.6369    1.9843   
536664.6385     2.8590    2.0387   
536664.7385     2.6781    1.9431   
536664.8385     2.7910    2.0052   
536664.8385     2.9667    2.0201   
536664.9391     2.8860    1.9156   
536665.0385     2.9467    1.8718   
536665.1385     2.9616    1.8850   
536665.2385     2.9340    1.8332   
536665.3385     2.7025    1.6138   
536665.3385     2.5018    1.5329   
536665.4385     2.8214    1.4668   
536665.5385     3.0181    1.4919   
536665.6385     2.8512    1.4968   
536665.7385     3.0851    1.5611   
536665.7385     3.0212    1.5797   
536665.8385     3.3002    1.6539   
536665.9385     3.3666    1.6484   
536666.0385     3.1176    1.6186   
536666.1384     2.9537    1.6067   
536666.2385     3.2049    1.7406   
536666.2385     3.3776    1.7838   
536666.3385     3.3074    1.6304   
536666.4385     3.4134    1.6964   
536666.5385     3.4256    1.5753   
536666.6385     3.4840    1.5772   
536666.7387     3.5662    1.7897   
536666.8385     3.3701    1.9641   
536666.8385     3.4341    1.9944   
536666.9385     3.5256    1.8145   
536667.0385     3.8827    1.8271   
536667.1395     4.3291    1.8689   
536667.2385     4.6229    1.8760   
536667.3395     5.3919    1.9808   
536667.3395     5.0897    1.8584   
536667.4385     4.9783    1.8423   
536667.5385     4.8381    1.8105   
536667.6385     5.0524    1.8517   
536667.7385     5.4532    1.8760   
536667.8835     5.5309    1.8316   
536667.9835     5.5267    1.9268   
536668.0835     5.6832    1.9978   
536668.1835     5.1823    1.6097   
536668.2835     4.9127    1.4627   
536668.3835     5.0750    1.4462   
536668.4835     5.1789    1.6571   
536668.5835     5.2671    1.7588   
536668.6835     4.8578    1.6544   
536668.7835     4.8334    1.4920   
536668.8835     4.6752    1.1953   
536668.9835     4.4209    1.0521   
536669.0835     4.8187    1.3920   
536669.1835     4.9170    1.5650   
536669.2835     4.9136    1.4811   
536669.3835     4.9137    1.3886   
536669.4835     4.9207    1.3891   
536669.6835     5.0487    1.6636   
536669.7835     5.1033    1.6438   
536669.8835     5.1366    1.4413   
536669.9835     5.2513    1.4481   
536670.1835     5.3487    1.5441   
536670.2835     5.6481    1.6106   
536670.3835     5.4872    1.4015   
536670.4835     5.4986    1.4459   
536670.5835     5.5154    1.6289   
536670.6835     5.5215    1.8455   
536670.8835     5.6527    1.7317   
536670.9835     5.6343    1.6292   
536671.0835     5.7141    1.6985   
536671.1835     5.7612    1.7197   
536671.2835     5.6266    1.5970   
536671.3835     6.1663    1.4450   
536671.5835     6.3381    1.6682   
536671.6835     6.1489    1.7901   
536671.7835     5.9337    1.9147   
536671.8835     5.9005    2.1251   
536671.9835     5.8644    2.1126   
536672.1835     5.9164    1.9777   
536672.2835     6.1003    1.8869   
536672.3835     6.2681    1.9054   
536672.5835     6.8121    1.8776   
536672.5835     7.1248    1.9037   
536672.6835     6.9835    1.8190   
536672.7835     7.0869    1.6856   
536672.9835     7.3039    1.5861   
536673.0347     7.1887    1.6579   
536673.1835     7.5105    1.8150   
536673.2835     7.4793    1.7205   
536673.2835     7.4367    1.7094   
536673.3835     7.4513    1.6528   
536673.4835     7.6862    1.5489   
536673.5835     7.5671    1.5091   
536673.7350     7.6461    1.5905   
536673.7835     8.2301    1.9347   
536673.8835     8.2703    1.9501   
536673.9835     8.5971    2.0810   
536674.0835     8.6791    2.2456   
536674.1835     8.5613    2.1259   
536674.2835     5.1505    2.1234   
536674.3835     5.1899    2.1712   
536674.4835     5.7918    2.4130   
536674.5835     5.5398    2.4763   
536674.6835     5.5143    2.5806   
536674.6835     5.6101    2.5958   
536674.9846     6.2788    2.3421   
536675.0846     6.0039    2.0967   
536675.1846     6.1219    1.9763   
536675.2846     5.3632    2.2016   
536675.3846     5.1844    2.1296   
536675.4365     5.3364    2.1117   
536675.5365     5.5730    2.1720   
536675.6365     5.7210    2.1273   
536675.7365     5.7113    2.1500   
536675.8365     5.5092    2.0487   
536675.9365     5.5575    2.0194   
536676.0365     5.7142    1.9989   
536676.1365     6.2718    2.1415   
536676.2365     6.1046    2.0861   
536676.2365     6.1087    2.0941   
536676.2815     4.6801    2.0806   
536676.2815     4.7455    2.1192   
536676.3815     4.7970    2.2138   
536676.4815     5.0379    2.3089   
536676.5815     4.9109    2.2564   
536676.5815     5.3109    2.4302   
536676.6815     5.0729    2.2866   
536676.7815     4.8271    2.2072   
536676.8815     4.7123    1.9833   
536676.8815     4.6728    1.9552   
536676.9815     4.5075    2.0209   
536677.0815     4.3865    2.1523   
536677.0815     4.3552    2.1405   
536677.1815     4.1247    2.1742   
536677.2815     3.3964    2.0569   
536677.2815     3.3797    1.8645   
536677.3815     3.5143    1.9743   
536677.4815     3.7995    1.9939   
536677.4815     3.8936    1.9724   
536677.5815     4.0811    2.0157   
536677.5815     4.1860    2.0227   
536677.6815     4.3052    2.0594   
536677.6815     4.6086    2.1355   
536677.7815     4.8992    2.0727   
536677.8815     4.9618    2.1014   
536677.8815     5.0702    2.0831   
536677.9815     5.4112    1.9862   
536677.9815     5.6501    2.0924   
536678.0815     5.6671    2.1862   
536678.0815     5.7360    2.1896   
536678.1815     5.8184    2.2390   
536678.1815     5.9424    2.2331   
536678.2815     6.2846    2.3999   
536678.2815     6.2647    2.3807   
536678.3815     6.3349    2.3186   
536678.4815     6.3825    2.2751   
536678.4815     6.4874    2.3085   
536678.5815     6.4845    2.2607   
536678.6815     6.4046    2.0904   
536678.6815     6.3933    2.1010   
536678.7815     6.3470    2.1982   
536678.7815     6.5407    2.2346   
536678.8815     6.5222    2.2712   
536678.9815     6.6219    2.4752   
536678.9815     6.4074    2.4350   
536679.0815     6.2855    2.4238   
536679.1815     6.2635    2.5356   
536679.2815     6.4493    2.6063   
536679.2815     6.6417    2.6024   
536679.3815     6.5528    2.4711   
536679.4815     6.3232    2.3170   
536679.5815     6.1556    2.3020   
536679.5815     6.3284    2.3776   
536679.6815     6.3417    2.4416   
536679.7815     6.5004    2.5540   
536679.7815     6.6618    2.5834   
536679.8815     6.5535    2.5831   
536679.9815     6.3688    2.4475   
536680.0815     5.9886    2.2372   
536680.0815     6.5330    2.3103   
536680.1815     6.5118    2.2471   
536680.2815     6.2353    2.0555   
536680.3815     5.9056    1.9093   
536680.4815     5.9691    2.0601   
536680.5815     6.2081    2.2790   
536680.6815     6.7973    2.4881   
536680.6815     6.6536    2.3821   
536680.7815     6.4197    2.1528   
536680.8815     6.1296    2.0514   
536680.9815     5.8676    2.3169   
536681.0765     5.3192    2.4713   
536681.1765     5.1478    2.2334   
536681.2766     4.8725    2.2174   
536681.3765     4.9176    2.0651   
536681.4765     4.7614    2.2380   
536681.5765     5.2740    2.7473   
536681.6765     5.4844    2.3787   
536681.7765     5.3018    2.1264   
536681.7765     5.2158    2.1352   
536681.8765     5.1697    2.2744   
536681.9765     4.9940    2.3138   
536682.0765     4.9713    2.1859   
536682.1765     4.8772    2.3469   
536682.2765     4.9192    2.5129   
536682.3766     4.4092    2.3000   
536682.4755     3.9850    2.1555   
536682.5755     3.6584    1.9439   
536682.6755     3.4111    1.7305   
536682.7755     3.3591    1.6727   
536682.7755     3.3284    1.7148   
536682.8755     3.1434    1.5843   
536682.9755     2.8249    1.4998   
536683.0755     2.5352    1.6812   
536683.1755     2.4993    2.0181   
536683.2755     2.5486    2.1253   
536683.3755     2.1681    2.1146   
536683.4755     2.2196    2.1416   
536683.5755     1.9985    2.0447   
536683.6755     1.7926    1.9631   
536683.6755     1.7924    2.0333   
536683.7755     1.9454    2.0436   
536683.8755     2.1890    1.7752   
536683.9755     1.8799    1.7032   
536684.0755     1.7883    1.6128   
536684.1755     1.7083    1.7798   
536684.1755     1.6187    1.8348   
536684.2755     1.9119    1.7141   
536684.3755     1.8637    1.6242   
536684.3755     1.9500    1.5002   
536684.4755     2.1566    1.6161   
536684.5755     2.5389    1.6399   
536684.6757     2.6798    1.8136   
536684.6757     1.8234    2.1901   
536684.7775     1.9654    2.8974   
536684.8775     1.9152    3.3724   
536684.8775     1.2982    3.4060   
536684.9775     1.6853    3.3540   
536685.1225     1.2795    3.1643   
536685.2225     1.8268    3.1091   
536685.2225     1.3080    3.2308   
536685.3225     1.3022    2.8946   
536685.4226     1.3575    2.4744   
536685.5225     1.2032    1.9521   
536685.5225     1.6992    2.3026   
536685.6225     1.9614    2.3247   
536685.7225     1.9537    2.4375   
536685.8225     1.5767    2.3662   
536685.9225     1.2757    2.2602   
536685.9225     1.3266    2.3575   
536686.0225     1.3941    2.7753   
536686.1225     1.6460    3.1758   
536686.1225     1.1450    3.1467   
536686.2225     1.2286    3.2941   
536686.3225     1.2541    2.9247   
536686.3225     1.1859    3.1045   
536686.4225     1.2305    3.1106   
536686.5225     1.2408    2.9132   
536686.5225     1.1200    2.9628   
536686.6225     1.2134    2.3512   
536686.7225     1.1450    2.1216   
536686.8225     1.2900    1.9253   
536686.8225     1.2877    1.6372   
536686.9225     1.2227    1.5519   
536687.0225     1.2738    1.7735   
536687.0225     1.6295    1.9053   
536687.1225     1.5245    2.1112   
536687.1225     1.5306    2.1502   
536687.2226     1.5333    2.3113   
536687.3225     1.4969    2.5504   
536687.3225     1.7006    2.4334   
536687.4225     1.6244    2.4321   
536687.4225     1.7942    2.4248   
536687.5225     2.0013    2.4634   
536687.5225     1.6638    2.4738   
536687.6225     1.5795    2.5682   
536687.7225     1.5357    2.7153   
536687.7225     1.7679    2.8286   
536687.8225     1.8973    2.8740   
536687.8225     1.3701    2.5631   
536687.9225     1.5866    2.1636   
536687.9225     1.6780    1.7796   
536688.0225     1.2874    2.5385   
536688.1225     1.6046    2.7708   
536688.1225     1.7465    2.8069   
536688.2225     2.0519    2.7870   
536688.2225     3.3434    2.6773   
536688.3210     3.3022    2.3151   
536688.3210     2.0390    2.0299   
536688.4210     1.1925    2.0014   
536688.4210     1.4900    2.2942   
536688.5211     2.3383    2.0774   
536688.5211     2.6669    2.0035   
536688.6210     2.5785    1.9196   
536688.7210     2.3558    1.8235   
536688.7210     2.4555    1.8660   
536688.7210     2.6334    1.8301   
536688.8210     3.1009    1.9898   
536688.8210     3.4902    1.8963   
536688.9210     4.0693    2.3045   
536689.0210     4.7350    2.9737   
536689.0210     5.1688    3.2169   
536689.1210     5.3448    3.5077   
536689.1210     5.3025    3.5876   
536689.2210     5.0884    3.6194   
536689.2210     4.9345    3.6174   
536689.3210     5.1842    3.4039   
536689.3210     4.9838    3.2972   
536689.4210     5.1328    3.0194   
536689.4210     5.2223    2.9551   
536689.5210     5.2351    2.8715   
536689.5210     5.2897    2.8673   
536689.6209     5.5004    2.9746   
536689.7210     5.3205    2.9348   
536689.8210     5.2083    2.9143   
536689.8210     5.1247    2.9845   
536689.9210     5.0568    2.9040   
536689.9210     4.7558    2.8973   
536690.0210     4.3923    2.8126   
536690.0210     3.9159    2.8641   
536690.1210     3.9252    2.9756   
536690.2210     3.8496    2.8898   
536690.2210     4.0751    2.8576   
536690.3210     4.3068    2.6112   
536690.3210     3.9693    2.5911   
536690.4210     3.7746    2.5056   
536690.5210     3.7131    2.5033   
536690.5210     3.6264    2.5628   
536690.6210     3.7033    2.3871   
536690.6210     3.6792    2.3879   
536690.7210     3.7925    2.2620   
536690.8210     3.8917    2.3390   
536690.8210     3.9679    2.3883   
536690.9210     4.0509    2.2994   
536691.0210     4.0729    2.1812   
536691.0210     4.4637    2.3085   
536691.1210     4.4852    2.2536   
536691.2211     4.4249    2.1709   
536691.2211     4.4315    2.2131   
536691.3160     4.2784    2.3758   
536691.4160     3.8665    2.6181   
536691.4160     3.5876    2.5377   
536691.5160     3.7019    2.8145   
536691.6160     4.1368    2.8973   
536691.6160     4.1991    2.8656   
536691.7160     4.6219    3.0637   
536691.8160     5.0616    2.3610   
536691.8160     5.3051    2.4287   
536691.9160     5.5228    2.0833   
536691.9160     5.7651    2.2043   
536692.0160     5.6660    3.6795   
536692.1160     5.6028    4.7819   
536692.1160     5.7757    4.8669   
536692.2160     5.7526    5.4169   
536692.2160     5.6176    5.3091   
536692.3160     5.4755    4.7426   
536692.3160     5.2710    4.7641   
536692.4160     5.4579    3.8168   
536692.5160     5.7087    3.2785   
536692.5160     5.7232    3.3516   
536692.6160     5.9533    2.8840   
536692.6160     6.0626    2.8245   
536692.7160     6.3106    2.6939   
536692.8160     6.3770    2.6487   
536692.8160     6.3568    2.6130   
536692.9160     6.5841    2.5942   
536693.0160     6.6695    2.5632   
536693.0160     6.5585    2.5177   
536693.1160     6.4643    2.5414   
536693.1160     6.2265    2.4820   
536693.2160     5.8846    2.6090   
536693.3160     5.5242    2.7188   
536693.3160     5.1542    2.7446   
536693.4160     4.6687    2.7741   
536693.4160     4.2603    2.7843   
536693.5160     4.3345    2.6485   
536693.6160     4.2728    2.5356   
536693.6610     4.0324    2.3227   
536693.7610     3.7379    2.1956   
536693.7610     3.4327    2.2499   
536693.8610     3.3076    2.2822   
536693.9610     3.2979    2.1560   
536693.9610     3.4610    2.0815   
536694.0610     3.2333    1.8618   
536694.1610     3.1690    1.8924   
536694.2610     3.2416    2.3487   
536694.2610     3.2374    2.2978   
536694.3610     3.0980    2.3638   
536694.4610     3.1404    2.5789   
536694.4610     3.3669    2.5848   
536694.5610     3.4298    2.3730   
536694.6610     3.5553    2.2292   
536694.7610     3.7259    2.2638   
536694.7610     3.7345    2.3471   
536694.8610     3.8066    2.2459   
536694.9610     3.8063    2.1003   
536694.9610     3.8197    2.1391   
536695.0610     4.0162    2.1918   
536695.1610     3.7762    2.0824   
536695.1610     3.4917    1.8998   
536695.2610     3.6890    2.0682   
536695.3610     3.6514    2.4144   
536695.3610     3.3098    2.3510   
536695.4625     3.2123    2.7200   
536695.5625     3.1647    2.7944   
536695.6625     3.0369    2.2919   
536695.6625     3.0735    2.2904   
536695.7625     3.1555    2.4510   
536695.8625     3.2838    2.8907   
536695.9630     3.6741    2.7767   
536695.9630     3.8714    2.8690   
536696.0624     3.9203    2.5695   
536696.1624     3.7114    2.4178   
536696.1624     3.7724    2.4350   
536696.2625     3.5083    2.3240   
536696.2625     3.4257    2.3028   
536696.3625     3.5716    1.9626   
536696.4625     3.9138    1.7432   
536696.5625     3.7948    1.7260   
536696.5625     3.6556    1.7798   
536696.6625     3.5997    1.6947   
536696.7625     3.4419    1.5343   
536696.9626     3.0655    1.4633   
536696.9626     2.7571    1.3460   
536697.0625     2.9310    1.7495   
536697.1625     2.8623    1.7328   
536697.1625     2.9130    1.8556   
536697.2625     2.7744    1.6237   
536697.3629     2.8127    1.6054   
536697.4625     2.9733    1.7166   
536697.4625     2.8736    1.8100   
536697.5625     2.9062    2.1366   
536697.6625     2.9440    2.2746   
536697.6625     3.0291    2.0666   
536697.7625     2.9053    1.8351   
536697.8625     2.7651    1.8197   
536697.9625     2.6427    1.9903   
536697.9625     2.6176    2.3586   
536698.0625     2.6584    2.5228   
536698.1625     2.6756    1.8358   
536698.1625     2.6939    1.6747   
536698.3625     2.5989    1.6412   
536698.3625     2.6839    1.6560   
536698.4625     2.5673    1.4653   
536698.4625     2.6717    1.5124   
536698.5625     2.6352    1.6502   
536698.5625     2.6858    1.7451   
536698.6625     2.6711    2.0635   
536698.6625     2.7208    2.0354   
536698.7625     2.7734    2.3697   
536698.8625     2.8886    1.9681   
536698.8625     3.0322    1.6628   
536698.9625     3.0734    0.9661   
536699.0625     2.9169    2.2823   
536699.0625     2.8936    2.0494   
536699.1625     2.9578    3.4434   
536699.2625     3.1229    5.0518   
536699.2625     2.9567    5.2409   
536699.3625     2.8828    5.6815   
536699.4625     2.9930    4.8583   
536699.4625     3.2003    4.5746   
536699.5625     3.4238    3.2693   
536699.6625     3.7345    3.0706   
536699.6625     3.8415    3.3542   
536699.7625     3.7971    3.3637   
536699.8625     3.9950    3.4576   
536699.8625     4.1611    3.4679   
536699.9625     4.3453    3.5781   
536700.0625     3.9058    3.7730   
536700.0625     3.8566    3.8084   
536700.1625     3.9298    3.8327   
536700.2625     4.2430    3.8251   
536700.3625     4.4155    3.8163   
536700.4625     4.3949    3.8342   
536700.4625     4.3815    3.6574   
536700.5646     4.6200    2.7597   
536700.6595     4.6618    2.5666   
536700.6595     4.4884    2.5220   
536700.7594     4.4528    3.1616   
536700.7594     4.5573    3.1538   
536700.8595     4.6015    3.6110   
536700.9595     4.6890    3.9741   
536700.9595     5.0516    4.1213   
536701.0595     4.9784    4.1371   
536701.0595     5.1168    4.0178   
536701.0595     5.1249    3.6346   
536701.1595     5.0720    3.4814   
536701.1595     4.9950    3.6479   
536701.2595     5.4035    4.0762   
536701.3595     5.2741    3.6279   
536701.8045     3.1216    2.9893   
536701.8045     2.9523    3.0869   
536701.9045     3.0937    3.3272   
536702.0046     3.2455    3.5200   
536702.0046     3.4765    3.4808   
536702.1045     3.3546    3.3435   
536702.1045     3.3351    3.2926   
536702.1045     3.3447    3.1870   
536702.2045     3.2479    2.9775   
536702.3045     3.2022    2.9084   
536702.6545     2.2380    3.0791   
536702.6545     2.2727    3.1037   
536702.7545     2.1433    3.2037   
536702.8545     1.9802    3.2888   
536702.8545     2.0369    3.2799   
536702.9545     2.0872    3.1556   
536703.0545     2.2261    2.9892   
536703.0545     2.2002    2.8735   
536703.1545     2.1871    2.8593   
536703.4545     1.8549    2.4737   
536703.4545     1.9311    2.5129   
536703.6045     2.0149    2.6084   
536703.6045     1.9876    2.5798   
536703.7045     1.7943    2.7795   
536703.7552     1.6356    2.6414   
536703.8045     1.5018    2.6727   
536703.9045     1.6367    2.5754   
536704.0045     1.9746    2.2655   
536704.0045     2.2445    2.0857   
536704.3545     1.6698    3.1344   
536704.3545     1.2909    3.1399   
536704.4545     1.5394    3.3186   
536704.5545     1.7361    3.1706   
536704.6545     0.7505    3.3138   
536704.7545     0.4139    3.6554   
536704.8545     0.7201    3.7973   
536704.8545     0.8745    3.7747   
536705.0545     1.3567    3.1496   
536705.0545     1.6002    3.2236   
536705.1545     1.6094    2.5412   
536705.2545     1.5996    2.1266   
536705.2545     1.4366    2.1871   
536705.4045     1.3045    2.1538   
536705.4045     1.7618    2.2428   
536705.5045     2.1550    2.0716   
536705.6045     2.3057    2.0172   
536705.6045     2.7679    2.0747   
536705.7045     3.0407    2.0699   
536705.8045     2.6590    2.1087   
536705.9045     2.3410    2.1366   
536705.9995     2.5504    2.3457   
536706.0997     2.9127    2.3668   
536706.1995     2.9387    2.3456   
536706.1995     2.8026    2.4639   
536706.2972     3.0540    2.3625   
536706.3945     2.9624    2.1522   
536706.3945     1.9947    1.8459   
536706.4945     1.4163    1.7183   
536706.4945     1.5601    1.7358   
536706.5945     1.7742    2.0384   
536706.6954     1.8140    2.5632   
536706.7945     2.1639    3.5892   
536706.8945     2.5536    3.0138   
536706.9445     3.0406    1.9451   
536707.0445     3.5503    1.8538   
536707.0445     4.1175    1.8603   
536707.1445     4.1785    2.8578   
536707.2965     6.1437    4.0164   
536707.3965     4.8404    4.0129   
536707.4965     3.9245    3.0848   
536707.4965     3.9402    3.1681   
536707.5989     4.1056    2.9648   
536707.6980     3.9675    2.9353   
536707.7972     4.6190    3.2251   
536707.7972     4.8552    3.0513   
536707.8965     4.3437    2.7787   
536707.9980     4.3343    2.5155   
536707.9980     3.9246    2.5320   
536708.0965     3.1341    2.2596   
536708.1965     3.0638    2.1205   
536708.2965     3.0600    1.7624   
536708.2965     3.2356    1.5592   
536708.3965     3.4938    1.4536   
536708.4965     3.8418    1.2335   
536708.5965     3.6222    1.5167   
536708.6965     3.7568    1.4764   
536708.7965     4.1987    1.6441   
536708.8965     4.1258    1.8377   
536708.9965     3.7363    1.9648   
536709.0965     3.2410    1.9622   
536709.1965     3.3278    1.7816   
536709.2415     3.3843    1.8685   
536709.3415     3.3830    1.9183   
536709.4415     3.3265    2.0878   
536709.5415     3.2732    2.0454   
536709.6415     3.3940    2.1980   
536709.7415     3.4086    2.2898   
536709.7415     4.0517    2.4228   
536709.8415     5.8957    2.5927   
536709.9415     7.5941    2.9943   
536710.0415     7.4370    3.2482   
536710.1415     5.9825    3.6476   
536710.3415     5.8958    3.0752   
536710.4415     5.4639    2.6172   
536710.5415     4.3738    2.3742   
536710.5415     3.5285    2.1375   
536710.6415     3.1641    2.1791   
536710.7416     3.1456    2.3515   
536710.8424     3.4513    2.5865   
536710.9415     4.3757    2.6905   
536711.0418     5.8218    2.8507   
536711.1415     6.3652    3.1908   
536711.2415     6.4362    4.1784   
536711.4415     5.3995    5.4075   
536711.5415     5.3278    5.2712   
536711.6424     4.2853    4.1961   
536711.7415     3.7836    2.9208   
536711.8415     3.4984    2.2347   
536711.9415     3.3722    2.6214   
536712.0415     3.7210    2.2348   
536712.1415     4.1034    4.0093   
536712.2437     4.5232    4.8629   
536712.3415     4.7446    4.7027   
536712.4401     4.8807    3.6515   
536712.5400     4.7169    3.5939   
536712.6400     4.4547    3.7599   
536712.7400     4.2178    4.1411   
536712.8400     4.4396    4.3857   
536712.9400     4.8562    4.1196   
536713.0400     4.7642    3.9694   
536713.1400     4.6889    3.6995   
536713.2401     4.4322    3.9908   
536713.3401     3.8989    3.9427   
536713.5400     3.3880    3.5523   
536713.6400     2.6008    3.8804   
536713.7400     1.9527    4.3234   
536713.8832     2.3152    4.6118   
536713.9782     3.7269    4.2564   
536714.0782     5.2980    3.7341   
536714.1782     6.1606    3.5045   
536714.2782     6.3041    2.3469   
536714.4775     5.5641    2.3129   
536714.5775     4.6728    2.1729   
536714.6775     4.1969    2.2466   
536714.7775     4.0906    2.4331   
536714.8775     4.1607    2.3314   
536714.9775     4.4338    2.2422   
536715.0775     4.5589    2.3431   
536715.1810     4.6274    2.5949   
536715.2810     4.7454    1.9230   
536715.3810     4.7389    1.6076   
536715.4810     4.3133    1.2450   
536715.5810     3.9874    1.3842   
536715.7810     3.8864    2.2626   
536715.8810     3.4515    2.3390   
536715.9810     3.6971    2.5545   
536716.0810     3.9890    2.5738   
536716.1810     4.1776    2.5995   
536716.2810     4.2743    2.6933   
536716.3810     4.1481    2.5294   
536716.4810     4.1630    2.6027   
536716.5810     4.2992    2.8202   
536716.6809     4.2557    2.6492   
536716.7809     3.8004    2.2715   
536716.8809     1.9395    2.0796   
536716.9810     1.4582    2.7947   
536717.0810     1.3923    2.2107   
536717.2810     0.4353    1.7903   
536717.3810     6.5959    3.8226   
536717.4810     9.0148    4.9161   
536717.5810     10.9672   5.6063   
536717.7760     10.0132   4.9778   
536717.8760     7.6345    4.0238   
536717.9760     5.6727    3.0255   
536718.0760     4.4595    2.5139   
536718.2760     4.3314    2.8939   
536718.3759     4.2776    3.1702   
536718.4760     4.0429    3.4603   
536718.5760     3.9509    3.5938   
536718.7760     4.3583    3.5991   
536718.8760     4.9967    3.4989   
536718.9760     5.4189    3.3777   
536719.0760     5.7132    3.2452   
536719.2760     5.4545    2.8355   
536719.3760     5.3649    2.5426   
536719.4760     5.1833    2.3237   
536719.5760     4.9270    2.3123   
536719.6760     4.6893    2.2138   
536719.8760     4.2629    1.8936   
536719.9760     4.0810    1.9236   
536720.1760     4.2784    2.4811   
536720.3760     5.0035    2.3810   
536720.4760     5.5766    2.1990   
536720.6760     5.8080    1.8092   
536720.8760     5.4289    1.5615   
536721.0760     5.1701    1.8780   
536721.3760     5.1306    2.2660   
536721.5760     5.0628    2.5778   
536721.7760     4.5175    1.3470   
536721.9760     4.3321    1.8256   
536722.2760     4.4125    2.0536   
536722.4760     4.3115    1.8969   
536722.6759     5.2224    2.4748   
536722.9760     6.2274    1.5717   
536723.1760     6.7394    2.4936   
536723.3776     4.8666    2.9768   
536723.6210     4.6228    2.9008   
536723.7210     6.9327    2.5364   
536723.9210     6.4507    2.5000   
536724.1210     5.6162    2.4509   
536724.3210     5.1096    2.5859   
536724.5210     5.1934    2.6884   
536724.6210     5.1572    2.6689   
536724.8210     4.7053    2.4373   
536725.0210     3.8061    2.3816   
536725.1210     3.2042    2.2642   
536725.3160     2.7795    2.6373   
536725.4160     3.3267    2.8475   
536725.6160     3.7783    2.9907   
536725.7160     4.7958    3.2093   
536725.9160     4.7685    3.4469   
536726.0160     4.9698    3.6565   
536726.1162     5.4167    3.3931   
536726.3160     5.3401    3.3636   
536726.4160     6.1345    3.3548   
536726.5160     5.9880    2.9864   
536726.7160     5.7166    2.7610   
536726.8160     5.5861    3.1432   
536726.9160     5.7298    3.2531   
536727.0160     5.9450    3.0128   
536727.2160     5.3535    2.6350   
536727.4160     4.3619    2.3729   
536727.5160     3.9851    2.3953   
536727.7160     3.2326    2.1414   
536727.8160     3.1983    2.4678   
536727.9160     3.6851    3.0176   
536728.0160     3.5494    3.2564   
536728.2160     2.7788    3.7849   
536728.3160     3.4218    4.7509   
536728.4160     6.6917    5.5835   
536728.5160     10.7638   6.6871   
536728.7160     11.7945   6.0285   
536728.8160     10.6845   5.7939   
536728.9160     9.1415    4.8041   
536729.0160     8.5156    3.7163   
536729.2160     8.2398    3.2575   
536729.3160     8.7870    3.5650   
536729.4160     8.6250    3.6297   
536729.5160     8.9036    3.4930   
536729.7160     8.9326    3.4060   
536729.8160     9.1102    3.2318   
536730.0160     9.5932    3.3025   
536730.1160     9.7768    3.3381   
536730.2160     7.4078    2.6244   
536730.3160     6.4021    2.7661   
536730.5160     7.5928    3.4723   
536730.6160     8.7339    3.7114   
536730.7610     10.0991   4.3192   
536730.8610     8.8172    4.5289   
536730.9610     9.6648    4.3008   
536731.1610     9.8553    3.7783   
536731.2610     8.9022    3.5194   
536731.3609     8.4635    3.1990   
536731.4610     7.8409    3.1095   
536731.6610     7.3051    3.0941   
536731.7612     7.3453    2.9846   
536731.9610     8.1131    3.2556   
536732.0610     8.4021    3.2747   
536732.1610     8.3179    3.0024   
536732.2610     7.5553    2.6899   
536732.4610     6.7416    2.0745   
536732.5610     6.2097    2.1118   
536732.6610     6.0043    2.1783   
536732.8610     7.3813    2.8297   
536732.9610     8.1651    3.1838   
536733.0610     8.2763    3.2138   
536733.2610     7.9329    3.2353   
536733.3610     7.8909    2.9134   
536733.4610     7.9553    2.8144   
536733.6610     7.3833    2.6440   
536733.7610     7.0997    2.5656   
536733.8610     7.0123    2.5281   
536734.0613     7.4430    2.5704   
536734.2610     8.1021    3.2714   
536734.3610     7.8596    3.2014   
536734.3610     7.6059    3.0960   
536734.5611     7.5453    3.1864   
536734.6610     6.9699    3.0250   
536734.8610     7.0218    3.3684   
536734.9610     5.0712    3.1642   
536735.2610     6.5073    4.5124   
536735.3610     6.5260    4.8125   
536735.5610     5.6289    5.1400   
536735.6610     2.8285    5.3893   
536735.8610     3.6334    5.3927   
536736.0612     6.8678    5.6907   
536736.1610     8.5964    5.4126   
536736.3610     8.4161    4.8724   
536736.5611     6.5596    4.0294   
536736.7610     5.5552    3.5791   
536737.0613     5.9955    3.5508   
536737.1610     5.4420    3.6765   
536737.3610     5.1286    3.4040   
536737.5610     4.9095    3.3270   
536737.7610     4.8435    3.2296   
536737.9610     5.0490    2.9553   
536738.1610     5.5568    3.0363   
536738.3610     5.7165    3.2986   
536738.4610     5.5408    3.1942   
536738.7560     4.2631    2.6347   
536738.9560     3.6622    2.2900   
536739.1560     3.5949    2.0969   
536739.3560     3.3443    1.8578   
536739.5011     5.5445    2.3792   
536739.7011     8.2392    3.0553   
536739.9010     6.0614    2.2277   
536740.0014     3.3258    2.2169   
536740.1010     3.1625    3.4044   
536740.3010     2.7959    4.6358   
536740.6010     7.2739    4.4935   
536740.7015     8.1666    4.0884   
536740.9013     5.3718    4.1464   
536741.1010     4.1473    3.8477   
536741.2010     4.5738    3.3602   
536741.4018     5.6487    3.1634   
536741.5010     5.7018    3.0745   
536741.7010     4.9757    3.3492   
536741.8010     4.5874    3.6362   
536742.0010     4.5412    3.7399   
536742.2010     3.4554    3.3695   
536742.3010     2.9402    3.4005   
536742.5010     2.6402    3.6843   
536742.6010     2.6684    4.0254   
536742.7010     2.6410    3.9590   
536742.9011     3.2863    3.6791   
536743.0014     4.0516    3.3575   
536743.1013     4.3360    3.0501   
536743.3020     4.1672    2.8663   
536743.4010     2.0443    2.1205   
536743.5023     1.9781    2.1074   
536743.6010     2.1473    2.1301   
536743.7010     2.8247    2.4867   
536743.8010     2.6799    2.6158   
536744.0010     2.7518    2.5164   
536744.1010     2.3453    2.4288   
536744.2010     2.4650    2.3064   
536744.3010     2.8779    2.3584   
536744.3960     3.6291    2.2789   
536744.5960     4.3541    2.0585   
536744.5960     4.7343    1.9476   
536744.7960     3.7603    1.4181   
536744.8960     2.3764    1.1903   
536744.9960     1.9611    1.4238   
536745.0960     2.6572    1.6885   
536745.1960     3.4339    1.6749   
536745.2960     3.5619    1.6668   
536745.3975     3.3883    1.5063   
536745.4975     2.8875    1.3700   
536745.6975     2.9050    1.6392   
536745.7976     4.7949    2.1582   
536745.9425     7.1376    2.4632   
536746.0425     7.4979    2.4393   
536746.2425     4.0704    1.5775   
536746.3425     3.3866    1.0980   
536746.4426     7.1236    2.6030   
536746.5439     8.6005    3.9572   
536746.5439     4.9818    3.7731   
536746.6425     9.5511    4.6264   
536746.7425     12.5376   4.6321   
536746.8425     12.0170   4.2474   
536746.9425     9.3776    3.6139   
536747.0425     9.2617    4.4618   
536747.1425     9.4139    4.4953   
536747.3425     9.6439    4.5609   
536747.4425     9.9992    4.9720   
536747.5425     10.0193   5.1122   
536747.6425     10.2003   4.9430   
536747.7425     8.3062    5.0471   
536747.7425     8.4301    5.0900   
536747.8425     8.8397    4.7406   
536747.9425     8.3817    4.4683   
536748.0426     8.4113    4.3646   
536748.1430     8.7758    4.7691   
536748.2431     8.8660    5.1344   
536748.3425     8.9181    5.4421   
536748.4425     8.8051    5.1993   
536748.5425     8.4232    4.4340   
536748.6425     7.9841    4.0053   
536748.7425     4.4780    3.4177   
536748.8425     4.6999    3.1500   
536748.9425     4.9697    2.9030   
536749.0425     5.0813    2.6742   
536749.1425     4.8863    2.8842   
536749.2425     4.8968    3.1045   
536749.3425     4.6700    3.8402   
536749.4425     4.0896    3.7880   
536749.5425     3.7807    3.7586   
536749.6375     4.0487    3.8091   
536749.7375     2.1325    3.5953   
536749.8375     1.6431    3.1452   
536749.9376     0.3200    2.8004   
536750.0376     0.4670    2.6632   
536750.1375     1.8712    2.4736   
536750.2394     3.3653    2.5015   
536750.3375     2.4521    1.9798   
536750.4375     1.4361    1.5273   
536750.5375     2.4300    1.7670   
536750.6375     2.9736    1.8364   
536750.7375     4.0758    1.8882   
536750.8375     4.1677    2.6481   
536750.9375     3.1648    3.3709   
536751.0375     4.0013    3.6603   
536751.1375     5.2834    3.5072   
536751.2375     3.9625    3.1776   
536751.3375     2.5673    2.7988   
536751.4375     3.0871    2.5723   
536751.5375     3.2023    2.1738   
536751.6375     2.9389    1.7735   
536751.7376     3.3165    1.6715   
536751.8375     3.8064    1.4855   
536751.9375     3.9181    1.3627   
536752.0376     3.7733    1.5090   
536752.1375     3.4980    1.5713   
536752.2383     2.8898    1.6109   
536752.3400     2.7020    1.7361   
536752.4390     2.8313    1.9277   
536752.5376     3.0820    2.1287   
536752.6390     3.3536    2.1303   
536752.6390     3.9978    1.8237   
536752.7375     4.1321    1.6082   
536752.8375     4.0713    1.3501   
536752.9392     3.9258    1.2617   
536753.0375     3.7399    1.2718   
536753.1375     3.4455    1.3388   
536753.2381     3.0562    1.5959   
536753.3375     3.1116    2.0988   
536753.4377     2.9677    2.4827   
536753.5375     2.8089    2.7010   
536753.6386     2.5131    3.0009   
536753.7375     2.3905    3.2689   
536753.8378     2.4250    3.6090   
536753.8378     2.8238    4.0696   
536753.9375     2.8327    4.3095   
536754.0379     2.7829    4.2172   
536754.0825     3.0631    4.1614   
536754.1825     3.1979    4.1927   
536754.2825     3.2172    4.2753   
536754.3825     3.6516    4.4762   
536754.3825     4.1348    4.6154   
536754.4825     3.7235    4.3545   
536754.5825     3.2018    4.3100   
536754.6825     2.8531    4.1227   
536754.7825     2.8359    3.8499   
536754.7825     3.1223    3.6784   
536754.8825     2.8231    3.8101   
536754.8825     2.5549    4.3195   
536754.9825     2.3527    4.4823   
536755.0825     2.4876    4.6286   
536755.0825     2.3876    4.5381   
536755.1825     2.2472    4.7964   
536755.1825     4.4094    4.8785   
536755.2825     3.8955    4.7761   
536755.3825     2.2757    4.3858   
536755.3825     3.6017    4.1147   
536755.4825     3.3931    3.9329   
536755.4825     2.6395    3.8221   
536755.5825     3.7751    4.1039   
536755.5825     3.6840    4.2444   
536755.6825     4.1184    3.9579   
536755.6825     3.8313    3.8501   
536755.7825     3.6149    3.9124   
536755.7825     3.3158    4.4564   
536755.8825     3.2716    4.4892   
536755.8825     3.1907    4.4290   
536755.9825     3.5659    4.5683   
536756.0825     3.6094    4.6880   
536756.0825     2.8223    4.7403   
536756.1825     2.6725    4.9035   
536756.1825     3.5917    4.7776   
536756.2825     3.5198    4.2758   
536756.3825     3.2881    4.0605   
536756.3825     3.3721    4.0280   
536756.4825     3.3204    4.0845   
536756.5825     3.5978    3.9523   
536756.5825     3.6385    3.9140   
536756.6825     3.5795    3.6508   
536756.7825     3.5261    3.8378   
536756.8825     4.3766    3.7552   
536756.8825     4.5013    3.7565   
536756.9825     4.5549    3.5837   
536757.0845     4.6347    3.4837   
536757.1362     4.8294    3.3295   
536757.1845     4.8375    3.1224   
536757.2845     4.7172    2.7180   
536757.3848     4.6967    2.4022   
536757.4366     4.8809    2.3316   
536757.4844     4.6641    2.3339   
536757.5845     4.4062    2.4337   
536757.6845     5.4342    2.4902   
536757.7845     5.6691    2.4647   
536757.8845     5.5216    2.4732   
536757.8845     5.2614    2.3274   
536757.9845     5.1389    2.1795   
536758.0845     5.4095    2.1267   
536758.1845     5.6710    1.9902   
536758.2845     5.6154    1.8877   
536758.3845     5.4069    1.8492   
536758.4345     5.7015    2.4026   
536758.5345     6.0951    2.5822   
536758.6345     5.7302    2.4171   
536758.7345     4.5945    2.1515   
536758.8345     3.8471    1.9155   
536758.9345     3.6636    2.0339   
536759.0345     4.1373    1.9656   
536759.1345     4.2576    2.0772   
536759.2345     3.4708    1.7633   
536759.3345     2.8157    1.6434   
536759.3345     2.8472    1.4044   
536759.4345     2.7983    1.4581   
536759.5345     3.3083    1.3891   
536759.6345     3.9881    1.3514   
536759.7345     4.2878    1.3028   
536759.8845     4.6891    1.1452   
536759.9845     4.8299    0.4204   
536760.0845     3.7214    1.0053   
536760.1845     4.5932    1.5385   
536760.2845     5.8418    1.9894   
536760.3845     7.5721    2.1635   
536760.4845     5.9845    1.5724   
536760.5845     4.0778    0.7505   
536760.6845     3.5686    1.0208   
536760.7845     2.7014    1.3589   
536760.8845     3.1370    0.8960   
536761.0345     4.2978    0.9982   
536761.1346     5.4672    1.5022   
536761.1795     4.2034    1.3078   
536761.2795     3.2378    1.0944   
536761.3795     2.6629    1.0183   
536761.4795     2.9949    1.0004   
536761.5799     3.1452    1.1124   
536761.7795     2.9135    1.3138   
536761.8808     2.9189    1.3499   
536761.9808     3.1427    1.3698   
536762.0808     2.9898    1.5054   
536762.1758     2.7331    1.4728   
536762.2758     2.5630    1.4686   
536762.3758     2.4796    1.5356   
536762.4758     2.0132    1.4716   
536762.5758     2.3416    1.3644   
536762.6758     2.2095    1.4879   
536762.8758     2.1766    1.4432   
536762.9758     2.2699    1.6409   
536763.1758     2.8941    1.4166   
536763.2758     2.5946    1.5000   
536763.3758     2.3171    1.7003   
536763.4758     2.1189    1.5650   
536763.6758     2.0893    1.5061   
536763.6758     3.0023    1.3191   
536763.8757     2.5967    1.4459   
536763.9758     3.1160    1.5086   
536764.0758     3.3999    1.5165   
536764.2758     3.7143    1.7161   
536764.3758     3.4729    1.6972   
536764.4758     3.1909    1.5321   
536764.6757     3.2516    1.5992   
536764.7758     3.1792    1.5714   
536764.8758     2.8698    1.6076   
536764.9758     3.6255    1.5360   
536765.1758     3.0566    1.7025   
536765.2759     3.1727    1.9393   
536765.4758     3.0888    2.2229   
536765.5757     3.0504    2.4662   
536765.6758     3.1020    2.5694   
536765.8758     3.1565    2.6847   
536765.9764     3.3227    2.6012   
536766.0758     3.5375    2.6562   
536766.2745     3.5906    2.8760   
536766.2745     4.8117    2.9564   
536766.4745     3.5314    3.2104   
536766.5745     3.0939    3.3342   
536766.6745     3.1131    3.2851   
536766.7745     3.3561    3.3038   
536766.9245     3.6685    2.9595   
536767.0245     3.9205    2.8161   
536767.1245     3.9685    2.6368   
536767.3245     3.8112    2.6849   
536767.4245     3.7343    2.5945   
536767.4245     5.2135    2.6036   
536767.5245     4.7335    2.5066   
536767.7245     4.5120    2.4230   
536767.8245     4.4127    2.3523   
536767.9245     4.2800    2.2975   
536767.9745     4.4201    2.3561   
536768.0748     4.5450    2.4389   
536768.1745     4.6352    2.6176   
536768.2745     4.7582    2.7742   
536768.3757     4.7755    2.5730   
536768.4745     5.8836    2.4974   
536768.5746     5.5571    2.4136   
536768.6752     5.5596    2.3979   
536768.7745     5.5411    2.4270   
536768.8745     5.6003    2.4781   
536768.9745     5.4972    2.5203   
536768.9745     5.3922    2.4404   
536769.1195     5.4286    2.5182   
536769.2195     5.9363    2.7004   
536769.3195     5.9100    2.6740   
536769.4195     7.0777    2.3568   
536769.4195     6.2696    2.0418   
536769.5195     6.2796    1.9650   
536769.6201     6.1583    2.1092   
536769.7195     6.4879    2.0400   
536769.8195     6.8720    2.1195   
536769.9194     7.3936    2.3928   
536770.0195     7.6092    2.5592   
536770.0195     7.3319    2.5461   
536770.1195     6.7866    2.0856   
536770.2195     7.3260    1.8720   
536770.3195     6.5949    1.7375   
536770.4195     6.2046    1.7294   
536770.4195     6.0425    1.6830   
536770.5194     6.1113    1.8486   
536770.6195     6.0180    2.0334   
536770.6195     5.7980    2.0701   
536770.7195     5.7326    2.3679   
536770.8195     5.7131    2.5759   
536770.9197     5.8668    2.8524   
536771.0195     6.9724    3.1094   
536771.0195     6.9150    3.0971   
536771.1195     6.8492    3.0350   
536771.2195     6.9658    2.9089   
536771.3195     6.9581    2.7677   
536771.3195     6.7275    2.6431   
536771.4195     6.6101    2.2623   
536771.5195     6.4395    2.2437   
536771.5195     6.5167    2.2267   
536771.6145     6.5632    2.2452   
536771.7145     7.2100    2.5725   
536771.8145     7.0363    2.5608   
536771.9145     6.9358    2.2937   
536772.0145     6.8597    2.1079   
536772.1155     6.5087    1.9928   
536772.1155     6.3684    2.0252   
536772.2156     6.2318    1.8538   
536772.3155     6.2375    2.1517   
536772.3155     6.1748    2.2038   
536772.4155     5.7442    1.6119   
536772.4155     6.0501    1.7205   
536772.5155     5.9101    1.6812   
536772.6159     5.7986    1.4393   
536772.7155     5.7941    1.4851   
536772.8155     5.4983    2.4919   
536773.0155     5.8280    2.4596   
536773.1155     5.7786    2.1428   
536773.2155     5.6801    2.1238   
536773.2155     5.3917    1.9450   
536773.3155     5.2342    1.7643   
536773.5155     5.3148    2.1640   
536773.6155     5.5479    2.1115   
536773.7155     5.4401    1.9425   
536773.8155     5.4814    1.9317   
536773.9155     5.3685    1.9511   
536774.0155     5.3060    1.9958   
536774.1155     4.9758    2.0133   
536774.2155     4.8955    1.9838   
536774.4155     4.6587    1.9841   
536774.5155     4.4503    2.0152   
536774.6155     4.4867    2.0923   
536774.8155     4.6872    2.4157   
536774.9155     4.9356    2.6583   
536775.0155     4.9017    2.6491   
536775.2155     4.8052    2.5357   
536775.3155     3.9601    2.2597   
536775.5165     4.0072    2.3248   
536775.6165     4.4425    2.6114   
536775.7165     4.4864    2.7674   
536775.8165     4.5054    2.9724   
536776.0165     4.7314    2.1913   
536776.1165     5.5415    2.2015   
536776.2165     5.8549    2.5608   
536776.3165     4.5883    2.3007   
536776.4165     4.3514    2.5632   
536776.5165     4.6926    1.8985   
536776.6165     4.8726    1.9964   
536776.8165     5.0413    2.3229   
536776.9165     4.6749    2.4460   
536777.1165     4.3780    2.3621   
536777.2165     3.8980    2.3495   
536777.3165     3.6947    2.5208   
536777.5165     3.9303    2.7136   
536777.6165     4.1493    2.8923   
536777.8165     3.9995    2.5740   
536777.9165     4.4824    2.6810   
536778.0165     4.3018    2.4324   
536778.2165     3.8560    2.3353   
536778.3165     3.7605    2.1754   
536778.5165     3.9834    2.0278   
536778.6165     4.1836    2.0358   
536778.7165     4.5811    2.1119   
536778.8165     4.4233    2.2604   
536778.9165     4.3914    2.2949   
536779.1165     4.1413    2.1423   
536779.2165     4.0042    1.9673   
536779.3165     3.8354    1.8666   
536779.5167     4.6079    1.9527   
536779.6165     5.0404    2.1465   
536779.7165     4.8646    2.4346   
536779.9165     4.4132    2.4141   
536780.0165     4.2892    2.3774   
536780.1165     3.9920    2.2515   
536780.2165     4.1111    2.4307   
536780.4165     4.5155    2.5871   
536780.5165     4.7768    2.5975   
536780.6165     4.6411    2.3178   
536780.8165     4.6924    2.2237   
536780.9165     4.2011    1.9501   
536781.0165     4.4187    2.2296   
536781.2165     4.7927    2.6072   
536781.3165     4.6928    2.3651   
536781.5165     4.7733    2.2763   
536781.6165     4.9566    2.4294   
536781.7178     5.1917    2.4869   
536781.9178     5.3395    2.5308   
536782.0185     5.1056    2.2406   
536782.1185     5.0566    2.0658   
536782.3185     5.1253    1.9592   
536782.5185     5.2969    2.0438   
536782.7185     5.0880    2.0039   
536782.8190     4.4575    2.0268   
536782.9635     4.2394    1.9083   
536783.1635     3.4809    1.7618   
536783.2635     5.7352    2.1947   
536783.3635     5.8913    2.2923   
536783.5635     6.1794    2.2932   
536783.7635     6.2529    2.1381   
536783.8635     6.6414    2.2197   
536784.0634     6.6282    2.4356   
536784.1635     6.9310    2.6484   
536784.2635     6.9093    2.6891   
536784.3635     7.2590    2.7327   
536784.4636     7.2434    2.6927   
536784.6635     7.3389    2.6320   
536784.7635     7.2839    2.5534   
536784.9635     7.0857    2.4712   
536785.1635     6.6714    2.1279   
536785.3635     6.1944    1.8801   
536785.4635     6.1014    1.9220   
536785.6635     6.1515    1.9739   
536785.8635     6.2687    2.0691   
536786.0635     5.8994    2.2340   
536786.1635     5.9708    2.2650   
536786.3635     6.0673    2.2007   
536786.5635     5.1214    1.6210   
536786.7635     4.6734    1.3736   
536786.9585     4.5586    0.9101   
536787.1585     4.7232    2.1545   
536787.2585     4.5798    2.5977   
536787.4585     4.3670    1.7047   
536787.6585     4.6488    1.4681   
536787.8585     4.9825    2.4241   
536788.0585     5.3520    2.7616   
536788.2585     5.7984    2.6926   
536788.4585     6.2426    2.9963   
536788.6585     6.6031    3.6700   
536788.8585     7.1900    3.9626   
536789.0585     7.5966    3.9362   
536789.2585     8.2656    4.3064   
536789.5563     9.0887    4.4811   
536789.7563     9.4514    4.9217   
536790.0564     10.0052   5.6518   
536790.2564     10.2108   6.0207   
536790.3564     10.3901   6.2236   
536790.6564     10.7496   6.8849   
536790.8564     10.8731   7.1787   
536791.0581     10.9553   6.9387   
536791.3564     11.1568   6.7961   
536791.5564     11.1540   6.0832   
536791.6564     11.2116   5.6704   
536791.8564     11.2332   4.9228   
536791.9564     11.4580   4.5490   
536792.1564     11.2760   3.7160   
536792.3586     10.8422   3.7225   
536792.5595     10.8008   3.1029   
536792.6585     10.6383   2.8299   
536792.8585     10.5497   2.2146   
536793.0586     10.1565   1.7514   
536793.2586     9.4716    1.4680   
536793.4586     8.7281    1.3387   
536793.5586     8.6949    1.3977   
536793.6586     9.1518    1.0586   
536793.8586     9.2919    0.9905   
536793.9586     9.5676    1.1409   
536794.1586     9.2887    1.4388   
536794.3585     8.7831    1.6953   
536794.4586     8.4119    1.8662   
536794.6586     8.0510    1.8911   
536794.7586     7.7106    1.8700   
536794.9586     7.9949    1.9838   
536795.0586     8.0062    2.0568   
536795.2586     8.1104    1.8203   
536795.3587     8.0429    1.9219   
536795.5586     8.6280    2.4262   
536795.6586     8.6134    2.4243   
536795.7585     8.2878    2.6178   
536795.9586     8.1208    2.8630   
536796.0585     7.8994    2.9871   
536796.2036     7.7636    3.0031   
536796.4036     7.4171    2.7642   
536796.4036     6.8938    2.6981   
536796.5036     6.8723    2.9069   
536796.7036     6.8018    2.7427   
536796.8036     6.7726    2.6733   
536796.9036     6.5946    2.8025   
536796.9036     6.6328    2.7161   
536797.1036     6.4419    3.4876   
536797.2035     6.0101    3.5976   
536797.3559     6.1148    3.1745   
536797.5036     6.3657    3.1578   
536797.7036     6.4448    3.7504   
536797.8035     6.5384    3.9432   
536797.9036     6.3503    3.6623   
536798.1036     6.2652    3.5356   
536798.3036     5.9428    3.4625   
536798.4036     6.2510    3.5246   
536798.5035     6.5398    3.5952   
536798.7036     6.7242    3.9657   
536798.7986     6.0008    3.7643   
536798.8986     5.8709    3.8350   
536799.1003     5.6343    3.8101   
536799.2003     5.6657    3.9415   
536799.4003     5.4640    3.9197   
536799.5003     5.3649    3.9764   
536799.6003     5.6173    4.1213   
536799.7003     5.5787    4.0941   
536799.8003     5.9723    4.2893   
536799.9003     6.2387    4.2307   
536800.1003     5.8521    3.7260   
536800.2003     5.2912    3.3408   
536800.3003     4.9518    3.3444   
536800.5006     4.9466    3.2403   
536800.6006     4.7054    3.1081   
536800.7006     4.6629    3.2234   
536800.8022     5.0384    3.5291   
536800.9006     5.4776    3.4152   
536801.0006     5.7215    3.1243   
536801.1006     5.3948    2.5532   
536801.3008     5.3014    2.6277   
536801.4006     5.5481    2.9141   
536801.6006     5.8611    2.6538   
536801.6006     6.0834    2.7269   
536801.7006     5.9190    3.6126   
536801.8006     5.7402    4.4058   
536801.9006     5.9837    5.3272   
536802.1006     6.2343    6.3077   
536802.2006     6.5075    7.0991   
536802.3006     6.3672    7.7080   
536802.4006     6.3707    8.2189   
536802.5006     6.1438    6.8955   
536802.6006     6.1218    6.2427   
536802.7015     6.1101    5.5292   
536802.8006     6.1869    4.9336   
536802.9006     6.4669    5.1254   
536803.0006     6.3830    5.1062   
536803.1006     6.2529    5.0995   
536803.1985     6.1474    4.6174   
536803.2985     6.1281    4.2322   
536803.3995     5.8423    3.9178   
536803.4995     5.7656    4.0328   
536803.5995     5.8618    4.1166   
536803.5995     5.6976    4.2081   
536803.6995     5.6805    3.8923   
536803.7995     6.0134    3.5071   
536803.8995     5.8991    3.1676   
536803.9995     5.5367    3.2161   
536804.0995     5.4279    3.4177   
536804.1995     5.2846    3.6147   
536804.2995     5.1166    3.6182   
536804.3995     5.1630    3.6947   
536804.4995     5.0652    3.8677   
536804.5995     5.2078    3.9243   
536804.6995     5.3388    4.0767   
536804.7995     5.5005    4.3086   
536804.7995     5.3690    4.2395   
536804.8997     5.5538    4.1336   
536804.9995     5.8017    3.9050   
536805.0995     5.7138    3.9142   
536805.1995     5.4586    3.9678   
536805.2995     5.1981    3.9198   
536805.3995     4.7006    4.1335   
536805.4996     4.6440    4.3099   
536805.5447     5.1746    4.1513   
536805.5946     5.5623    4.4122   
536805.6945     5.7983    4.6409   
536805.7945     5.8274    4.6424   
536805.8945     5.8398    4.5433   
536805.9945     5.6504    4.4335   
536806.0945     5.6034    4.4780   
536806.1945     5.6736    4.3534   
536806.2945     5.6943    4.0066   
536806.3395     6.4390    3.8900   
536806.4403     6.1078    4.1055   
536806.5401     6.0856    4.2352   
536806.6409     6.0309    4.3671   
536806.7401     6.0213    4.4114   
536806.8395     5.8963    4.3152   
536806.9399     5.8072    4.3567   
536807.0395     5.6914    4.2954   
536807.0395     5.4299    4.1828   
536807.1395     5.4751    3.8882   
536807.2395     5.4453    3.4258   
536807.3395     5.1213    3.4518   
536807.4395     5.2438    3.3338   
536807.5395     5.0476    3.0903   
536807.6399     5.4130    3.2981   
536807.7395     5.2901    3.5712   
536807.8395     5.3131    3.4401   
536807.9395     4.9941    3.7233   
536807.9395     4.8983    3.8242   
536808.0395     4.6984    4.1017   
536808.1395     4.7164    4.2347   
536808.2395     4.8896    4.3195   
536808.2395     5.1050    4.4345   
536808.3395     4.9815    4.6538   
536808.4395     4.7803    4.7748   
536808.5395     4.5957    4.4438   
536808.6395     4.5124    4.5018   
536808.7395     4.3962    4.5148   
536808.8395     3.9441    4.6087   
536808.8395     3.8008    4.6492   
536809.0415     3.5118    4.8587   
536809.0415     3.9992    4.8631   
536809.1416     4.2451    4.6476   
536809.2415     4.4834    4.3255   
536809.3420     4.7605    4.2415   
536809.4415     4.9250    4.1096   
536809.4415     4.7068    4.0096   
536809.5415     4.4737    3.9691   
536809.6415     4.0335    4.1082   
536809.7415     4.2581    4.3035   
536809.7415     4.3947    4.2513   
536809.8415     4.3932    4.3268   
536809.9415     4.1585    4.3999   
536810.0415     3.8621    4.5721   
536810.1415     3.6386    4.8000   
536810.1415     3.5810    4.9152   
536810.2415     3.6395    5.1294   
536810.3415     3.5548    5.2278   
536810.4415     3.8013    5.4416   
536810.4415     4.0523    5.5062   
536810.5415     4.1700    4.9846   
536810.6425     4.2707    4.8417   
536810.7415     4.2554    4.7056   
536810.8415     4.1908    4.4488   
536810.8415     3.6331    4.2788   
536810.9415     3.5012    4.7475   
536811.0415     3.3994    5.0861   
536811.1415     3.5504    5.0254   
536811.2424     3.6890    5.0038   
536811.2424     3.9251    4.9941   
536811.4435     3.4804    4.0054   
536811.5435     3.1675    4.1455   
536811.5955     2.8585    3.6116   
536811.6955     3.0520    3.8043   
536811.7955     3.1031    3.5526   
536811.7955     3.3794    3.1441   
536811.8955     3.8349    3.8851   
536811.8955     4.0615    4.0000   
536811.9955     4.1587    4.2571   
536812.0955     4.2575    4.4095   
536812.0955     3.7525    4.6710   
536812.1955     3.7249    4.6174   
536812.2955     3.5417    4.8690   
536812.2955     3.5052    4.9952   
536812.3955     3.5877    4.8653   
536812.3955     3.5240    4.6847   
536812.4955     3.5992    4.4350   
536812.5955     3.6449    4.3103   
536812.5955     3.7038    4.2800   
536812.6955     3.7679    4.1351   
536812.7955     3.8336    3.8007   
536812.7955     3.9006    3.7750   
536812.8955     3.9909    3.6283   
536812.9955     4.0395    3.6408   
536812.9955     4.0118    3.7384   
536813.0955     4.0579    3.6253   
536813.0955     4.0546    3.7764   
536813.1955     4.1072    3.9902   
536813.2955     4.0981    4.0274   
536813.3955     4.0479    3.9485   
536813.3955     4.0615    3.9467   
536813.5955     4.4104    4.1729   
536813.6955     4.4677    4.1142   
536813.6955     4.4927    4.1813   
536813.7955     5.0245    4.2122   
536813.7955     5.2467    4.2529   
536813.9955     5.7507    4.1720   
536813.9955     5.3198    4.0124   
536814.0956     4.9655    3.7683   
536814.0956     4.8007    3.6249   
536814.1955     4.7533    3.9011   
536814.4955     5.7310    4.0574   
536814.5954     5.9626    4.4224   
536814.6955     5.4139    4.0806   
536814.6955     5.3432    3.9274   
536814.7955     5.1255    3.8034   
536814.8955     5.1116    4.1489   
536814.8955     5.0396    4.4114   
536814.9955     4.9234    4.2893   
536815.0955     4.7433    4.0922   
536815.0955     4.4821    4.1890   
536815.1955     4.3394    4.3413   
536815.1955     4.0748    4.4111   
536815.2955     4.4570    4.3170   
536815.3956     4.1188    4.4983   
536815.3956     4.0096    4.4768   
536815.4965     4.1869    4.4089   
536815.5965     4.0674    4.5205   
536815.6966     4.0875    4.4530   
536815.6966     4.4278    4.4357   
536815.7965     4.7366    4.3556   
536815.8965     4.7497    4.1413   
536815.8965     4.6412    4.0890   
536815.9965     4.5747    3.9903   
536816.1415     4.2414    3.9889   
536816.2435     4.0512    4.1013   
536816.2435     3.9763    4.1486   
536816.3415     3.9116    4.1501   
536816.4415     4.0038    4.0022   
536816.5415     3.9369    3.9439   
536816.5415     3.8590    3.9330   
536816.6415     3.8898    3.8669   
536816.7415     3.9347    3.8254   
536816.8425     4.1731    3.8603   
536816.9425     4.2135    3.8814   
536816.9425     4.4979    3.9180   
536817.0425     4.5037    3.7724   
536817.1425     4.2345    3.8840   
536817.2429     4.0861    3.8521   
536817.3425     3.9992    3.7270   
536817.4425     4.0046    3.8467   
536817.4425     4.1049    3.8526   
536817.5426     4.2483    3.9918   
536817.6425     4.3874    4.0303   
536817.7438     4.4138    4.0686   
536817.8437     4.4941    3.9502   
536817.8437     4.3544    4.0223   
536817.9955     4.7560    3.8630   
536818.0956     4.8026    3.8488   
536818.1957     4.9956    3.9259   
536818.3955     4.2170    4.0264   
536818.4955     4.3254    3.9665   
536818.5955     4.3208    3.4020   
536818.6955     4.3909    3.2300   
536818.6955     4.4095    3.2043   
536818.7955     4.1645    3.3789   
536818.8955     4.1845    3.3451   
536819.0955     3.9292    3.7953   
536819.0955     3.7238    3.8197   
536819.1955     3.6989    3.7083   
536819.1955     3.3559    3.6586   
536819.2955     3.2854    3.3576   
536819.3955     3.0646    3.0867   
536819.4955     3.0147    2.8952   
536819.4955     3.0295    2.9054   
536819.5955     3.2785    2.9896   
536819.6955     3.4421    3.0235   
536819.7955     3.2165    3.0483   
536820.0955     4.3303    3.0291   
536820.1955     4.2462    3.0168   
536820.2955     4.3854    3.2063   
536820.4955     4.4071    3.2327   
536820.5955     4.5878    3.3554   
536820.5955     4.7802    3.4592   
536820.6955     4.9677    3.5498   
536820.8410     5.3192    3.6955   
536820.9405     5.5330    3.7866   
536821.0405     5.7177    3.7231   
536821.4417     4.8733    3.6257   
536821.5405     4.9202    3.7302   
536821.6355     4.8189    3.8344   
536821.6355     4.7432    3.7774   
536821.7355     4.5514    3.6427   
536821.8356     4.0737    3.4501   
536821.9355     4.1540    3.1948   
536821.9355     4.1327    3.1731   
536822.0355     4.0476    2.9688   
536822.0355     3.9683    2.9258   
536822.1355     3.7039    2.7347   
536822.3355     3.4650    2.5107   
536822.4355     3.3703    2.7107   
536822.5355     3.2975    2.9157   
536822.6355     3.1030    2.9342   
536822.7355     2.8712    2.9255   
536822.8355     2.7071    2.7209   
536822.9355     2.7700    2.9318   
536823.0355     2.5432    2.8893   
536823.0355     2.8502    2.9987   
536823.1355     3.3721    3.0883   
536823.2355     3.4869    3.0888   
536823.2355     3.3576    3.0534   
536823.3356     4.1609    3.0198   
536823.3356     3.8501    3.0380   
536823.4355     5.5152    3.1442   
536823.4355     6.3651    3.3581   
536823.5355     7.4876    3.5392   
536823.5355     6.7063    3.3037   
536823.6363     5.7774    3.4694   
536823.6363     6.9547    3.6274   
536823.7355     7.7913    3.6301   
536823.8355     7.1798    2.4005   
536823.8355     7.6429    2.4979   
536823.9355     8.2939    2.8580   
536823.9355     8.1914    2.8432   
536824.0355     8.1493    2.8546   
536824.0355     8.1174    2.7610   
536824.1355     8.2137    2.8164   
536824.2355     8.4092    2.8642   
536824.3355     8.4263    2.9996   
536824.4357     8.5301    3.1599   
536824.6360     8.1597    3.0711   
536824.7355     8.6013    3.1691   
536824.9355     8.9280    3.4238   
536825.0355     8.6134    3.3912   
536825.2354     9.7628    3.9233   
536825.3355     10.1900   4.1039   
536825.5355     10.5758   4.3792   
536825.7374     10.5302   4.4088   
536825.8365     10.5837   4.4935   
536825.9366     11.0717   4.6246   
536826.0365     12.0794   4.9888   
536826.2365     12.7327   5.2327   
536826.3365     13.3145   5.3696   
536826.4365     13.2868   5.3008   
536826.5365     12.7690   5.1457   
536826.6365     12.4087   4.9208   
536826.7365     12.9230   4.9068   
536826.7365     12.4668   4.7758   
536826.8370     12.1188   4.5388   
536826.9365     11.4097   4.3516   
536827.1365     10.7293   4.1789   
536827.2365     10.1739   4.2028   
536827.3365     9.5564    4.0981   
536827.4365     8.5553    3.8818   
536827.6365     8.3689    3.8706   
536827.7365     7.8996    3.5695   
536827.7365     6.1728    3.0792   
536827.8365     6.2223    3.0799   
536827.9365     5.9121    2.8646   
536828.0365     5.3405    2.8477   
536828.2365     5.0941    2.9509   
536828.3385     5.0556    2.9755   
536828.4385     5.1172    2.8190   
536828.5385     4.6394    2.8583   
536828.5385     4.5900    2.9069   
536828.7385     4.7406    2.8515   
536828.8385     4.7452    2.8863   
536828.8385     4.4008    2.8398   
536828.9386     4.3740    2.7400   
536829.1385     4.5630    2.7954   
536829.2387     4.5428    2.6531   
536829.3385     4.4174    2.6661   
536829.4385     4.4290    2.4976   
536829.5385     4.4273    2.2644   
536829.6385     4.4734    2.0010   
536829.7385     4.7232    1.7224   
536829.8385     4.9462    1.5916   
536829.9386     4.9201    1.7838   
536830.0385     5.1470    1.9881   
536830.1385     5.5871    2.1575   
536830.2392     5.5970    2.0372   
536830.3385     5.7479    1.9510   
536830.4395     6.0062    2.1001   
536830.5389     6.1842    2.2471   
536830.6385     6.1411    2.5755   
536830.7386     5.9597    2.5669   
536830.8385     5.9563    2.4616   
536830.8385     5.7258    2.2174   
536830.9385     6.0573    2.0843   
536831.0385     6.3269    1.7431   
536831.1386     6.5068    1.6604   
536831.2386     6.5215    1.6450   
536831.3385     6.6482    1.5594   
536831.4386     6.5731    1.7195   
536831.5386     6.3197    1.6745   
536831.6386     6.1948    1.8732   
536831.8386     6.6860    1.2179   
536831.8386     6.6871    1.2586   
536831.9386     6.6377    0.8940   
536832.0386     6.8223    0.8415   
536832.1386     7.0624    0.6278   
536832.2386     7.0426    0.9089   
536832.3386     6.8453    1.3405   
536832.4386     6.9400    1.2181   
536832.5386     7.2712    0.8704   
536832.7385     8.1325    1.8175   
536832.8385     8.1273    2.0506   
536832.9385     7.9605    2.0045   
536832.9385     7.7372    1.9886   
536833.0386     7.7468    1.9464   
536833.1385     7.4764    2.2603   
536833.2386     7.4912    2.6969   
536833.3385     7.5858    2.9772   
536833.4386     7.6942    3.2149   
536833.4836     7.7450    3.0476   
536833.5836     7.9738    2.8429   
536833.6836     8.1645    2.5016   
536833.9345     9.0501    1.5766   
536834.0353     9.0512    0.9145   
536834.1345     9.2488    0.6574   
536834.2345     9.5189    0.5623   
536834.3345     9.7026    0.5904   
536834.3845     9.6524    0.5409   
536834.5845     9.7120    0.7900   
536834.6847     9.7252    1.0327   
536834.7845     9.9966    1.0301   
536834.8844     10.2078   1.1706   
536834.9845     10.2987   1.0219   
536835.0845     10.3695   0.8517   
536835.1845     10.4392   1.0244   
536835.2845     10.6368   1.1025   
536835.3845     10.7904   0.9687   
536835.4845     10.8603   0.8768   
536835.5795     10.9058   0.8856   
536835.7795     11.0310   0.7872   
536835.8795     11.3037   1.0758   
536836.0795     11.6629   1.3730   
536836.1795     12.0522   1.3963   
536836.2795     12.1963   1.2258   
536836.3795     12.5517   0.9828   
536836.4795     12.5851   1.1893   
536836.5795     12.8567   1.2897   
536836.7795     13.4722   2.2217   
536836.9811     14.3239   2.1596   
536837.0811     14.5503   1.5771   
536837.0811     14.7120   1.3488   
536837.1811     13.9290   1.7684   
536837.2813     13.6746   2.2613   
536837.3811     13.7718   2.6514   
536837.4811     13.8923   2.7377   
536837.5811     14.0698   2.2482   
536837.6811     14.8493   2.3141   
536837.7811     15.3098   3.0601   
536837.8811     15.4237   4.0498   
536837.9811     14.6566   4.2053   
536837.9811     14.4063   5.2566   
536838.0812     14.3862   6.0996   
536838.2811     15.2068   6.9824   
536838.3811     15.5001   7.3899   
536838.4811     15.7653   6.1861   
536838.5811     16.8827   5.2941   
536838.6811     17.9983   4.2330   
536838.7811     18.4429   3.5008   
536838.8811     18.7102   3.8002   
536839.0822     18.4608   4.2256   
536839.1775     18.2456   4.5793   
536839.2785     18.0081   4.3174   
536839.3790     19.3640   3.8498   
536839.4785     20.7413   3.6602   
536839.5785     21.8920   3.6829   
536839.7785     22.7796   3.3123   
536839.8785     22.1764   3.1252   
536839.8785     21.5505   3.0884   
536839.9785     20.3702   3.4647   
536839.9785     20.4981   3.6972   
536840.0785     20.0731   3.5521   
536840.3785     21.9516   3.3716   
536840.5785     22.8095   3.5158   
536840.6785     23.2046   3.5814   
536840.7785     24.0615   3.9654   
536840.8785     24.0276   3.8349   
536841.0785     23.8441   3.5707   
536841.1785     23.6197   3.3641   
536841.2785     23.4359   3.2939   
536841.3786     22.8881   3.0906   
536841.4785     22.9057   3.0597   
536841.5796     23.1895   3.2661   
536841.6797     22.6641   3.2485   
536841.7785     23.1760   3.4753   
536841.8785     23.0912   3.4284   
536842.0791     22.6431   3.2144   
536842.1785     21.9249   2.8711   
536842.2785     21.4941   2.6683   
536842.4785     20.9417   2.5486   
536842.5785     19.5593   2.0138   
536842.5785     19.9221   2.1580   
536842.6785     20.1766   2.3871   
536842.8785     20.3422   2.4151   
536842.9785     20.2846   2.3433   
536843.1785     20.2947   2.3332   
536843.3785     20.5676   2.2649   
536843.4785     20.2007   2.1739   
536843.5785     20.1352   2.1954   
536843.6793     20.0123   2.1310   
536843.8785     19.3442   1.8999   
536843.9786     19.2081   1.8500   
536844.0785     18.9468   1.8199   
536844.2791     18.9114   1.8602   
536844.4785     19.3573   1.9451   
536844.6785     19.7914   1.8807   
536844.8785     19.5797   1.6959   
536844.9785     19.2794   1.7707   
536845.1785     19.3847   1.9306   
536845.2785     18.9483   1.9303   
536845.4786     18.5870   1.9376   
536845.7785     19.0507   1.9968   
536845.9785     19.0348   2.0792   
536846.1785     18.8480   2.0429   
536846.4235     19.0412   2.0305   
536846.6235     19.1825   1.8598   
536846.7235     18.9826   1.9050   
536846.9235     19.2033   1.8918   
536847.2235     19.6430   1.7485   
536847.5235     20.0030   1.7222   
536847.8235     20.3583   1.6092   
536848.0235     20.4437   1.6306   
536848.2235     20.3498   1.5732   
536848.5185     21.0404   1.4924   
536848.7185     21.0587   1.4567   
536849.0635     21.7158   1.5381   
536849.3145     22.0050   1.4774   
536849.5145     22.0984   1.5252   
536849.8145     22.6199   1.6908   
536850.0595     22.8049   1.6959   
536850.2595     22.7027   1.7434   
536850.4595     22.8186   1.7423   
536850.6595     22.5336   1.7149   
536850.9595     22.8913   1.7046   
536851.1595     22.8755   1.8764   
536851.3595     23.7721   1.7065   
536851.4595     24.0427   1.7749   
