536590.9994     6.6110    3.7339   
536590.9994     6.6597    3.7553   
536590.9994     6.7084    3.7316   
536590.9994     6.7565    3.7309   
536590.9994     6.8287    3.7447   
536590.9994     6.7771    3.7511   
536591.0995     6.9425    3.8731   
536591.0995     7.0164    3.8918   
536591.0995     7.0231    3.8761   
536591.0995     6.9482    3.8299   
536591.4995     5.7143    3.2428   
536591.5995     5.4531    3.0710   
536591.5995     5.5017    3.0553   
536591.6995     5.9072    2.9082   
536591.6995     5.7977    2.9561   
536591.7945     5.7045    2.9896   
536591.7945     5.1947    2.7239   
536591.8945     5.1894    2.7357   
536591.8945     5.4451    2.8033   
536591.9945     5.6962    2.6907   
536591.9945     5.6852    2.6717   
536591.9945     5.6958    2.6477   
536592.0945     4.9836    2.2760   
536592.1945     4.7953    2.2802   
536592.1945     4.7314    2.2325   
536592.2945     5.1878    2.0911   
536592.2945     5.5844    2.0811   
536592.3945     5.2911    2.7358   
536592.4945     4.1643    2.6325   
536592.4945     4.1383    2.5392   
536592.6445     4.0713    2.8903   
536592.7445     3.5420    2.6860   
536592.7445     4.2254    2.3540   
536592.7445     4.4633    2.1714   
536592.9445     4.3818    2.4785   
536592.9445     5.1092    2.5049   
536593.0445     4.2585    2.9239   
536593.0445     4.5193    2.8445   
536593.1445     5.2161    2.9332   
536593.2445     4.8138    2.9372   
536593.2445     5.8778    2.7888   
536593.3445     5.3189    3.0800   
536593.4450     5.4896    3.0973   
536593.5445     5.8914    3.0279   
536593.5944     5.9945    2.8890   
536593.5944     5.6043    2.8306   
536593.6944     5.5455    2.2118   
536593.7945     4.9386    1.9033   
536593.7945     4.3923    1.6630   
536593.8945     4.6568    2.1486   
536594.0395     4.6343    2.3042   
536594.0395     3.9031    2.4728   
536594.1398     4.2041    2.6057   
536594.2395     4.1188    2.3184   
536594.2395     4.1886    2.3256   
536594.3395     4.4290    2.5148   
536594.4395     4.8149    2.8793   
536594.4395     4.7381    2.9389   
536594.5395     4.9414    3.2583   
536594.6395     4.0719    3.2979   
536594.7395     4.4485    2.7841   
536594.8395     3.9385    2.2997   
536594.8395     4.2589    2.4263   
536594.9394     4.3855    2.3362   
536595.0395     4.8126    2.6943   
536595.0395     4.6802    2.7213   
536595.1395     4.3930    3.0058   
536595.2395     4.4125    3.5643   
536595.3395     5.6441    3.8454   
536595.4395     6.3840    3.4639   
536595.4395     6.6627    3.4745   
536595.5395     6.3538    2.8034   
536595.6395     5.9030    3.5600   
536595.7395     5.7765    3.9718   
536595.8395     6.1583    4.0382   
536595.8395     6.1940    3.8722   
536595.9395     6.0544    3.4841   
536596.0414     5.7143    2.9554   
536596.1395     5.3891    2.5557   
536596.2395     4.8855    2.4773   
536596.2395     4.4079    2.2540   
536596.3395     3.5808    2.1758   
536596.4395     3.5929    2.5108   
536596.4395     3.8298    2.7488   
536596.6395     3.4721    2.4141   
536596.6395     3.5120    2.5163   
536596.7395     3.5973    2.4038   
536596.8395     3.2475    2.3618   
536596.9395     3.0222    2.4010   
536597.0395     2.8485    2.0731   
536597.1395     3.5246    2.0682   
536597.1395     3.2040    1.9122   
536597.2395     5.3559    2.6630   
536597.2395     6.1883    2.8689   
536597.3395     5.6455    2.8557   
536597.4395     5.8106    2.9358   
536597.5395     5.7772    3.1393   
536597.5395     5.2774    3.2776   
536597.6395     5.6512    3.6970   
536597.7395     5.1289    3.9393   
536597.8395     4.1692    3.6279   
536597.8395     4.1306    3.6677   
536597.8395     3.7013    3.5313   
536597.9395     4.0071    3.7810   
536598.0395     4.2691    3.7682   
536598.1395     4.2245    3.3276   
536598.2395     4.2798    2.9474   
536598.3395     4.2818    2.7837   
536598.4395     4.2991    2.8464   
536598.5395     3.9947    2.8070   
536598.6395     3.8066    2.5747   
536598.7347     3.5837    2.3265   
536598.7347     3.5210    2.3018   
536598.8345     3.5643    2.0403   
536598.9345     3.5030    1.6527   
536599.0345     3.1065    1.4774   
536599.1345     3.3408    1.6778   
536599.2345     3.3020    1.8444   
536599.3345     3.4574    1.9549   
536599.4345     3.2286    2.0456   
536599.5845     3.6978    2.1067   
536599.5845     3.5890    2.3502   
536599.6845     3.8580    2.3536   
536599.7845     3.8071    2.3275   
536599.9845     3.0676    2.2025   
536600.0845     3.2130    2.2456   
536600.1845     3.2945    2.4148   
536600.2845     3.3800    2.4927   
536600.3845     3.5219    2.4233   
536600.5345     3.6721    2.3105   
536600.6345     4.1021    2.2956   
536600.7345     3.9842    2.0904   
536600.8345     4.0448    1.8416   
536601.0345     3.7657    2.6330   
536601.1345     3.7741    2.6126   
536601.3345     3.5991    2.6737   
536601.4845     3.6194    2.9779   
536601.5845     3.1402    3.3171   
536601.6845     2.8158    2.6685   
536601.8845     2.4351    1.8359   
536601.9845     2.6362    1.8309   
536602.1845     2.3443    2.3456   
536602.2845     2.5850    2.1912   
536602.4345     2.2937    1.9117   
536602.5345     2.2656    1.9547   
536602.7345     2.3219    2.4233   
536602.8345     2.7854    2.3623   
536602.9345     3.5526    2.1849   
536603.1345     3.9599    2.6165   
536603.2345     4.2830    2.9781   
536603.3845     4.5069    2.9231   
536603.4845     4.6086    2.9387   
536603.5845     4.0157    2.8077   
536603.6845     3.9441    2.6338   
536603.7845     3.4304    2.3151   
536603.9847     3.2857    1.9938   
536604.0845     2.9581    1.9493   
536604.1845     2.7916    1.7954   
536604.2845     3.0738    1.5319   
536604.3345     2.9883    1.5177   
536604.5345     3.2516    1.7267   
536604.6345     3.3119    1.9413   
536604.7345     2.8852    1.7911   
536604.8345     3.2177    1.8944   
536604.9345     3.3395    1.8521   
536605.0345     3.2662    1.9074   
536605.1345     3.4724    2.0075   
536605.2345     3.3537    2.0255   
536605.3345     3.5708    1.9123   
536605.3345     3.3390    1.8780   
536605.4845     2.9646    1.8613   
536605.5845     2.5259    1.6185   
536605.6845     2.7015    1.3390   
536605.7845     2.5307    1.2800   
536605.8845     2.7893    1.1939   
536605.9845     2.7451    1.1259   
536606.0846     2.7127    1.1375   
536606.1845     3.0657    1.2842   
536606.2845     2.8360    1.3872   
536606.4345     2.7544    1.4252   
536606.5345     2.4668    1.7414   
536606.6345     2.1389    1.5569   
536606.7345     1.6724    0.9918   
536606.7345     1.1662    1.0214   
536606.8345     1.2443    0.8819   
536606.9345     1.3736    0.8134   
536607.0345     1.7257    0.8838   
536607.1345     2.1444    0.8302   
536607.2845     2.2774    0.8305   
536607.2845     2.2414    0.8071   
536607.3845     0.9002    0.9938   
536607.4845     0.4790    1.2725   
536607.4845     1.1418    1.7326   
536607.5845     1.2361    2.1204   
536607.6845     1.1815    2.2105   
536607.7845     1.0960    1.9525   
536607.7845     0.7819    1.7065   
536607.8846     2.1446    1.1269   
536607.8846     2.1275    0.8329   
536608.0845     2.7785    1.0018   
536608.0845     2.8440    1.3878   
536608.0845     3.3861    2.1502   
536608.1345     2.6012    2.3542   
536608.2345     3.1542    2.3478   
536608.2345     3.0373    2.5468   
536608.3345     4.4904    3.3461   
536608.3345     5.3284    3.5743   
536608.4345     5.8937    4.5890   
536608.4345     6.0325    4.4479   
536608.5345     5.0610    4.0143   
536608.5345     4.7251    4.0336   
536608.6345     3.8388    3.3000   
536608.6345     4.1366    3.2443   
536608.7345     4.0888    3.7762   
536608.7345     4.5454    4.0595   
536608.8345     4.9210    4.9031   
536608.8345     4.6346    4.8661   
536608.8345     4.8897    4.7316   
536608.9345     5.1662    5.4292   
536608.9345     5.0685    5.2519   
536609.0345     4.9967    5.2641   
536609.0345     4.6850    5.1549   
536609.1845     4.3449    3.3874   
536609.1845     4.5644    3.3981   
536609.1845     5.0907    3.5081   
536609.2849     5.3834    2.5437   
536609.3845     5.3109    2.2666   
536609.3845     5.2140    2.2066   
536609.3845     4.9187    2.1087   
536609.5846     4.8852    1.9177   
536609.5846     4.7684    1.8775   
536609.6845     4.7658    2.2858   
536609.6845     4.4710    2.1697   
536609.7795     4.4501    2.2813   
536609.8795     4.3203    1.9437   
536609.8795     4.3364    1.9531   
536609.9795     4.4940    1.3602   
536610.0795     4.6843    1.0312   
536610.0795     4.3651    0.9707   
536610.1795     4.1964    1.2467   
536610.2795     4.0292    1.5062   
536610.3795     4.2713    1.8167   
536610.3795     4.0838    1.7606   
536610.4795     4.3644    1.4724   
536610.5795     4.3514    1.2164   
536610.6795     4.5556    1.2763   
536610.6795     4.5486    1.3414   
536610.7795     4.5119    1.3442   
536610.8795     4.2445    1.2084   
536610.9795     4.2739    1.1947   
536610.9795     4.5233    1.2688   
536611.0795     4.8595    1.3410   
536611.1795     4.6485    1.2276   
536611.2795     4.2456    1.1021   
536611.3795     4.2927    1.2954   
536611.4795     4.1974    1.4370   
536611.4795     4.3503    1.4787   
536611.5795     4.5120    1.5946   
536611.6795     4.5641    1.4153   
536611.7795     4.8820    1.1244   
536611.8795     4.6676    1.2338   
536611.8795     5.0408    1.3742   
536611.9795     4.9615    1.4795   
536612.0795     5.0661    1.7325   
536612.1795     5.0073    1.9576   
536612.2795     4.9069    1.8599   
536612.3794     5.2051    1.7895   
536612.4795     4.9690    1.4496   
536612.5795     5.0335    1.3702   
536612.6745     4.9354    1.4308   
536612.6745     4.8776    1.4315   
536612.7745     4.8741    1.3840   
536612.8745     4.8117    1.4570   
536613.0245     4.8221    1.2271   
536613.0245     4.9455    1.3061   
536613.1248     5.0413    1.4505   
536613.2245     4.7722    1.4962   
536613.3245     4.7451    1.6437   
536613.4245     5.4042    1.8603   
536613.5245     5.6334    1.8380   
536613.6245     6.7106    1.9674   
536613.7245     4.1619    1.8699   
536613.8245     5.5194    1.8997   
536613.9245     3.3937    1.5636   
536614.0746     4.5623    1.3499   
536614.0746     6.4347    1.9822   
536614.1745     6.7677    2.1450   
536614.2745     6.5098    2.0996   
536614.3745     4.8899    1.7476   
536614.4745     4.7334    1.5517   
536614.5745     5.0464    1.5370   
536614.6745     5.4032    1.6534   
536614.6745     5.7718    1.5945   
536614.9245     5.5125    1.2395   
536614.9245     5.1106    1.0528   
536615.0245     5.0364    0.9018   
536615.1245     5.0072    0.8711   
536615.2245     4.6350    0.8594   
536615.3245     4.7787    0.8572   
536615.4247     4.9108    0.8196   
536615.5245     5.0226    0.9636   
536615.5245     4.7261    1.0187   
536615.6765     4.4590    1.1861   
536615.7787     4.5887    1.3133   
536615.7787     5.1241    1.4113   
536615.8787     5.9764    1.4556   
536615.9787     5.7920    1.2916   
536616.0787     5.7386    1.3041   
536616.1787     4.8499    1.0785   
536616.2787     4.9928    1.0263   
536616.3787     5.2863    1.1723   
536616.4787     5.8210    1.2779   
536616.4787     5.8793    1.2643   
536616.5787     5.3356    1.1059   
536616.6787     5.1079    1.1895   
536616.8787     5.5489    1.6177   
536616.9787     5.6517    1.7466   
536617.0787     5.8753    1.9157   
536617.1787     5.6207    2.1020   
536617.2787     5.7495    2.1620   
536617.2787     5.2495    2.0661   
536617.3787     5.2284    1.9997   
536617.4787     4.9781    1.9010   
536617.5787     5.0712    1.8546   
536617.6787     5.1019    1.8497   
536617.7787     4.8314    1.8475   
536617.8787     5.1273    2.0438   
536617.9787     4.9735    2.0258   
536618.0787     4.9794    2.0109   
536618.1787     4.9599    1.7429   
536618.2787     4.4216    1.5129   
536618.3787     3.8583    1.3912   
536618.4787     3.5015    1.6660   
536618.5787     4.1771    1.9770   
536618.6788     4.0841    1.8372   
536618.7787     4.9541    2.1585   
536618.8787     4.4760    2.2249   
536618.9787     3.4898    1.7399   
536619.0787     3.7385    1.4034   
536619.1790     4.2302    1.8218   
536619.2787     4.2209    2.2611   
536619.3787     6.4405    3.3442   
536619.4787     6.4208    4.1402   
536619.5787     7.1437    4.6722   
536619.6787     6.7983    4.2488   
536619.7787     5.9020    3.5651   
536619.8787     5.3084    2.9888   
536619.9787     5.5420    2.8409   
536620.0789     5.7945    2.7789   
536620.1787     6.3132    2.9932   
536620.2787     5.7348    2.6536   
536620.3787     5.1358    2.2196   
536620.4787     4.8536    1.7672   
536620.5787     4.7084    1.5026   
536620.6787     4.5538    1.3754   
536620.7787     4.5299    1.4306   
536620.9787     4.2126    1.3425   
536621.0787     4.0922    1.3418   
536621.1787     4.0229    1.3273   
536621.2787     4.1532    1.4698   
536621.3787     3.6487    1.3144   
536621.4787     3.6279    1.4008   
536621.6237     4.2619    1.6246   
536621.7237     4.0842    1.6693   
536621.8237     4.1979    1.7673   
536621.9237     4.3262    1.8605   
536622.0237     4.6046    1.9131   
536622.2237     5.0941    1.9235   
536622.2755     3.8960    1.6131   
536622.3755     2.8552    1.1613   
536622.4755     3.5781    1.2888   
536622.5755     5.0044    1.8609   
536622.6755     8.3116    2.9035   
536622.7755     6.4806    2.7279   
536622.9755     4.2163    2.5337   
536623.0755     2.6912    2.3811   
536623.1755     5.0917    2.5359   
536623.2755     6.8321    2.6007   
536623.3755     7.9487    2.7600   
536623.4755     6.4758    2.4222   
536623.5755     4.0529    1.7996   
536623.6755     3.0781    1.5417   
536623.7755     3.5431    1.4830   
536623.8755     5.0345    1.6987   
536623.9755     5.2604    1.5691   
536624.1755     5.0338    1.4987   
536624.2755     4.3513    1.3285   
536624.3755     3.9792    1.3098   
536624.4755     3.9951    1.4069   
536624.5755     4.4310    1.5931   
536624.6755     4.4115    1.6241   
536624.7755     4.5291    1.6937   
536624.8755     4.5244    1.7460   
536624.8755     4.2020    1.6564   
536624.9755     4.1130    1.5707   
536625.1755     3.9258    1.5651   
536625.2755     3.5077    1.5103   
536625.3755     3.7781    1.6012   
536625.4755     3.8899    1.6119   
536625.6755     3.6501    1.5502   
536625.7755     3.3392    1.5197   
536625.8755     2.8887    1.5118   
536625.9755     3.2542    1.6640   
536626.0755     3.8418    1.8151   
536626.1755     4.2275    2.0507   
536626.2755     4.4297    2.1763   
536626.3754     4.1280    2.2107   
536626.4755     3.8292    2.2519   
536626.5755     3.8672    2.3077   
536626.6755     3.9391    2.3566   
536626.7755     4.2790    2.4973   
536626.9205     4.2342    2.3870   
536627.0205     3.8311    2.2927   
536627.1205     3.4419    2.1703   
536627.2155     2.9856    2.0767   
536627.3155     3.3473    2.1461   
536627.4168     3.6886    2.3388   
536627.5155     3.6467    2.3824   
536627.6157     3.1679    2.3838   
536627.7155     2.8605    2.4482   
536627.8155     2.9487    2.3987   
536627.9155     3.3845    2.4989   
536628.0155     4.1447    2.6240   
536628.0155     3.7078    2.4175   
536628.1155     4.0789    2.4353   
536628.2155     3.3090    2.1723   
536628.3155     3.5795    2.1969   
536628.4155     3.2452    2.1383   
536628.5155     3.5858    2.2959   
536628.6155     3.3080    2.4036   
536628.7155     2.5957    2.5475   
536628.7638     2.6041    2.6962   
536628.8638     3.2945    3.0044   
536628.9639     3.0483    3.0610   
536629.0638     1.5717    2.8927   
536629.1639     1.2016    2.9610   
536629.2639     1.3947    3.2516   
536629.3589     2.0189    3.3938   
536629.4589     1.8334    3.2934   
536629.5589     1.6584    3.2172   
536629.6589     1.8441    3.1275   
536629.6589     2.0294    3.0213   
536629.7588     2.7388    2.8930   
536629.8588     3.1990    2.8467   
536629.9589     3.1162    2.6745   
536630.0589     3.1838    2.5366   
536630.1588     3.4837    2.3466   
536630.2588     3.5124    2.2079   
536630.3589     3.3137    1.9158   
536630.3589     3.2543    1.7889   
536630.4589     3.4564    1.8141   
536630.5603     3.6846    1.7490   
536630.6596     3.7642    1.8456   
536630.7589     3.6192    1.7042   
536630.7589     3.2908    1.6594   
536630.8588     3.1356    1.4981   
536630.9589     3.2785    1.3381   
536631.0591     3.6065    1.3700   
536631.1589     3.8944    1.3567   
536631.2589     3.6341    1.3388   
536631.3589     3.3827    1.2088   
536631.4589     3.6211    1.1471   
536631.4589     3.9390    1.1642   
536631.5590     3.9721    0.9518   
536631.6589     3.7493    0.7479   
536631.7588     3.1208    0.5891   
536631.8589     2.7667    0.8871   
536631.8589     3.3935    1.3682   
536631.9589     4.0673    1.8073   
536632.0589     4.8726    2.1292   
536632.1588     5.7614    2.2016   
536632.2589     7.1623    2.2934   
536632.3589     5.1172    1.6179   
536632.3589     3.3555    1.5126   
536632.4588     0.9339    1.2420   
536632.5589     0.9224    1.0829   
536632.6593     1.1663    0.8800   
536632.6593     4.8269    1.7181   
536632.7606     6.3748    2.3131   
536632.8589     5.7447    2.7810   
536632.9543     3.3459    3.0279   
536633.0039     0.5463    2.9592   
536633.1039     0.6752    2.2039   
536633.1039     0.4619    1.7380   
536633.2039     3.6836    1.7944   
536633.3039     5.5836    2.1807   
536633.4039     5.5386    2.2838   
536633.5039     3.7031    1.9944   
536633.5039     1.9658    1.6836   
536633.6038     1.5475    1.5387   
536633.7039     2.6244    1.5392   
536633.7039     4.0507    1.8405   
536633.8038     4.2793    1.9572   
536633.8038     3.7353    2.0136   
536633.9038     3.0369    1.9183   
536634.0038     2.5595    1.7436   
536634.0038     3.2658    1.8178   
536634.1038     3.7965    2.2094   
536634.1038     3.7906    2.2516   
536634.2038     3.0341    2.2672   
536634.3039     2.4042    2.3313   
536634.4038     2.4736    2.3383   
536634.4543     2.5793    2.4143   
536634.5038     2.4567    2.4803   
536634.5038     2.1685    2.5377   
536634.7038     1.7868    2.7176   
536634.7038     1.4659    2.7294   
536634.8038     1.7237    2.8236   
536634.8038     2.2157    2.8553   
536634.9038     1.9643    2.8524   
536634.9038     1.9658    2.8691   
536635.0039     1.7644    2.9870   
536635.0039     1.6134    2.7858   
536635.1038     1.7144    2.8153   
536635.1038     2.0494    2.7246   
536635.2039     2.7602    2.5989   
536635.3039     3.1011    2.6104   
536635.4039     3.4500    2.6829   
536635.4039     3.3477    2.5681   
536635.5039     2.9372    2.2455   
536635.6039     3.0536    2.2043   
536635.6039     3.5287    2.2203   
536635.7039     3.8547    2.2753   
536635.8038     4.0221    2.4229   
536635.9038     3.8301    2.3204   
536635.9038     3.6163    2.2431   
536636.0039     3.5569    2.0362   
536636.1044     3.4789    1.9440   
536636.2039     3.6311    1.9034   
536636.3039     3.6156    1.9591   
536636.4039     3.6182    1.8078   
536636.5039     3.7847    1.8048   
536636.6039     4.1334    1.8772   
536636.7039     4.1084    1.8644   
536636.8038     4.0822    1.8279   
536636.8038     4.0732    1.7622   
536636.9039     4.4143    1.7515   
536637.0039     4.6716    1.7297   
536637.1039     4.8732    1.8042   
536637.2039     5.0139    1.7351   
536637.3039     4.7064    1.6211   
536637.4038     4.5569    1.4137   
536637.6038     4.5677    1.1681   
536637.7039     4.3753    1.1253   
536637.8039     4.3118    1.1846   
536637.9039     4.0550    1.1962   
536638.0039     3.8108    1.1611   
536638.1039     3.8124    1.0496   
536638.2038     4.2614    1.1368   
536638.4038     4.4513    1.2408   
536638.5544     4.4050    1.3522   
536638.6545     4.2542    1.4312   
536638.7545     3.7335    1.2792   
536638.8545     3.5134    1.2700   
536639.0545     3.6543    1.4227   
536639.2045     4.0568    1.6127   
536639.3045     4.4385    1.7571   
536639.4045     4.9156    2.0492   
536639.6045     5.2029    2.2369   
536639.7046     5.8495    2.3726   
536639.8545     5.8343    2.1956   
536639.9545     6.0908    1.9898   
536640.1545     6.5551    2.1195   
536640.2553     7.5323    2.4649   
536640.4545     7.0791    2.4057   
536640.5545     4.9697    2.1611   
536640.7045     2.9464    1.7975   
536640.8045     3.6964    3.0081   
536640.9045     3.3043    3.2522   
536641.0553     3.1375    3.3970   
536641.1995     3.0829    4.1261   
536641.2995     7.5889    5.2316   
536641.3995     7.7923    6.1156   
536641.5995     6.5519    6.0076   
536641.7004     3.2454    5.1414   
536641.7995     3.2723    4.0740   
536641.8995     2.0947    3.3359   
536641.9995     3.0272    3.7247   
536642.0995     5.2869    5.0618   
536642.1995     4.7884    6.1143   
536642.3995     2.0255    6.9289   
536642.4995     2.1401    6.4725   
536642.5995     2.6995    5.5494   
536642.6995     1.8270    4.6497   
536642.8008     2.6240    4.5605   
536642.8999     2.6949    4.9711   
536642.9995     2.4867    5.5086   
536643.0995     2.3341    5.7418   
536643.1995     2.0348    5.2903   
536643.2995     2.0984    4.5038   
536643.3998     3.0667    4.1808   
536643.4995     3.6878    4.2179   
536643.5995     3.9763    4.2081   
536643.6995     2.8714    4.3139   
536643.7995     2.2016    4.0247   
536643.7995     2.0204    4.1891   
536643.8995     2.2290    4.4200   
536643.9995     2.1827    4.4800   
536644.1015     1.6487    4.5117   
536644.2015     1.6352    4.3733   
536644.2015     1.9848    4.6517   
536644.3015     2.3656    4.5247   
536644.4015     2.3201    4.3986   
536644.5015     1.9442    4.2338   
536644.5015     1.8500    4.2487   
536644.6015     1.7694    4.0566   
536644.7015     1.7973    4.1056   
536644.7015     1.7862    3.8239   
536644.8015     1.8720    3.8047   
536644.9014     2.1548    3.7347   
536645.0015     2.3298    3.7872   
536645.0015     2.0598    3.7637   
536645.1015     1.9200    3.7710   
536645.2015     2.0994    3.7241   
536645.3015     2.4318    3.7345   
536645.4015     2.5242    3.6890   
536645.5015     2.2268    3.8598   
536645.6015     2.0911    3.7821   
536645.7017     1.7507    4.0702   
536645.8020     2.3034    4.1545   
536645.9020     1.6727    4.1072   
536646.0021     1.6459    4.1190   
536646.0021     2.0106    4.0334   
536646.1021     2.3726    4.0502   
536646.2020     1.9822    3.8589   
536646.2020     1.6885    3.6578   
536646.3020     1.7559    2.9326   
536646.4020     1.6247    2.5649   
536646.5020     2.7781    2.5323   
536646.6020     3.1957    2.5632   
536646.7020     2.8984    2.2569   
536646.8020     2.4353    1.7153   
536646.9020     2.5080    0.9914   
536647.0020     3.6475    0.7959   
536647.1020     4.8304    1.0202   
536647.1020     5.3574    1.1224   
536647.2020     3.8393    1.0021   
536647.3020     2.2606    1.2517   
536647.4020     2.3121    1.2736   
536647.5021     2.8265    1.1196   
536647.6021     2.9081    1.3469   
536647.7020     3.6469    2.0089   
536647.7020     3.2098    2.5009   
536647.8021     1.5797    2.4334   
536647.9020     0.5121    1.8936   
536648.0021     1.9457    1.4272   
536648.1021     3.2827    1.6251   
536648.2020     3.2201    1.9143   
536648.3021     2.8517    2.0939   
536648.4020     2.3760    1.7794   
536648.5021     2.4537    1.7544   
536648.5574     2.4028    1.4174   
536648.6575     3.4771    0.9752   
536648.7575     4.5673    1.1866   
536648.8575     4.3308    0.8954   
536648.9575     3.9952    0.8022   
536649.0575     3.5313    0.5111   
536649.1575     3.4633    0.8299   
536649.2585     3.5283    0.7767   
536649.2585     3.2446    0.7994   
536649.3575     3.1879    0.8425   
536649.5575     3.5212    0.6370   
536649.6575     3.6360    0.4942   
536649.6575     3.9826    0.2757   
536649.8025     4.6554    0.4366   
536649.9025     5.2640    0.7869   
536650.0025     5.7661    1.6055   
536650.1025     6.4746    1.9160   
536650.1025     7.1645    2.0720   
536650.2025     6.7885    1.8609   
536650.3025     5.5873    1.2836   
536650.4025     4.4037    0.7336   
536650.5025     4.1210    0.6023   
536650.6025     4.5955    0.8403   
536650.6025     4.9760    0.9169   
536650.7025     4.6809    0.6291   
536650.8025     4.2809    0.6235   
536650.9025     3.4972    0.7731   
536650.9025     2.8441    0.9894   
536651.0025     2.6115    1.2221   
536651.1005     2.7854    1.5155   
536651.2005     2.6882    1.5944   
536651.3005     2.9245    1.5956   
536651.3005     3.1130    1.7091   
536651.4005     2.6971    1.7204   
536651.5005     2.5553    1.7452   
536651.6005     2.5904    1.9714   
536651.8005     1.9301    2.5038   
536651.8005     1.6032    2.6662   
536651.9005     1.4690    2.7408   
536652.0005     1.4189    2.7652   
536652.1005     1.7256    2.5682   
536652.2005     1.8320    2.3045   
536652.3005     1.8314    2.1563   
536652.4005     1.6607    2.4445   
536652.4005     2.7001    2.6265   
536652.5005     3.3397    3.0645   
536652.6005     2.9713    3.4387   
536652.6005     2.5500    3.4214   
536652.7005     3.0141    3.4904   
536652.8005     2.0182    3.5956   
536652.9005     1.6266    3.9562   
536652.9005     1.5199    3.8996   
536653.0005     1.3505    3.6595   
536653.1005     1.1457    2.8448   
536653.1963     1.6093    2.4230   
536653.2955     2.2576    2.3572   
536653.2955     1.5481    2.6029   
536653.3955     0.9723    2.8712   
536653.4955     1.5176    3.1914   
536653.4955     2.0618    3.0836   
536653.5955     2.6911    3.1239   
536653.6955     2.0952    3.3351   
536653.7955     1.6795    3.8148   
536653.8955     1.4548    3.8332   
536653.9955     2.0391    3.3888   
536653.9955     3.9601    3.4879   
536654.0955     4.2174    3.5874   
536654.1955     2.9133    3.9826   
536654.2955     2.0889    4.1834   
536654.3955     1.7247    3.8564   
536654.4955     2.0814    3.7643   
536654.5955     2.0880    3.7381   
536654.6955     1.7723    3.6997   
536654.8405     1.5590    3.3975   
536654.9385     1.9504    3.1126   
536655.0385     1.4801    3.1498   
536655.1385     1.5492    3.2603   
536655.2385     1.3482    3.4410   
536655.2385     1.3992    3.3610   
536655.3385     1.3334    3.3575   
536655.4385     1.3633    3.4392   
536655.5385     1.5149    3.4140   
536655.6385     1.5686    3.3397   
536655.7385     1.1982    3.3278   
536655.8385     1.1976    3.1730   
536655.9385     1.0726    3.0887   
536656.0385     1.1342    3.0666   
536656.1385     1.1619    3.1010   
536656.2385     1.2118    3.1117   
536656.3385     1.4487    3.1322   
536656.5385     1.9184    3.2551   
536656.6385     1.5159    3.2514   
536656.7385     1.5437    2.9785   
536656.8385     1.5215    2.7931   
536656.9385     1.3613    2.6716   
536657.0385     1.3024    2.5635   
536657.1385     1.2031    2.6046   
536657.2385     1.1842    2.6679   
536657.3384     1.4593    2.7374   
536657.5385     1.7926    2.6108   
536657.6385     2.2488    3.0263   
536657.7385     2.2627    2.8957   
536657.8385     0.8214    2.6960   
536657.9385     1.4599    2.6271   
536658.0385     1.1781    2.4630   
536658.1385     1.4668    2.4295   
536658.2385     1.9445    2.4806   
536658.3388     1.1642    2.8426   
536658.4385     1.1987    2.7383   
536658.5385     1.1749    2.4367   
536658.6389     1.4832    2.2510   
536658.7385     1.4944    2.1528   
536658.8385     1.3840    2.3192   
536658.9385     1.3116    2.5373   
536659.1385     1.2654    2.3280   
536659.2385     1.4410    1.9428   
536659.3385     2.2859    1.4114   
536659.3385     3.9368    1.5725   
536659.5385     7.0970    2.4582   
536659.6393     6.5776    2.4011   
536659.7385     4.1497    1.7826   
536659.8385     5.8755    2.0496   
536659.9385     8.1060    2.5247   
536660.0385     10.7418   3.2339   
536660.1385     11.3682   3.4080   
536660.2393     6.2181    2.2749   
536660.3408     3.3977    2.3743   
536660.4385     2.9814    2.4371   
536660.6389     1.9975    2.0785   
536660.7385     4.1355    2.3664   
536660.8385     4.8337    2.8648   
536660.9385     3.5085    3.1197   
536661.0385     1.7617    2.8736   
536661.1385     0.6738    2.7652   
536661.2385     1.3028    2.6212   
536661.3385     2.7270    2.9193   
536661.4384     3.2628    2.9403   
536661.5385     2.2664    2.8448   
536661.6385     1.6865    3.0182   
536661.7385     1.8794    3.1967   
536661.8385     1.9766    3.1529   
536661.9385     1.9839    3.1353   
536662.0385     2.1210    3.1326   
536662.2385     2.0010    2.9403   
536662.3385     1.9123    2.7706   
536662.4385     2.7999    2.7541   
536662.5385     3.0892    2.5342   
536662.6385     3.3430    2.5328   
536662.7385     3.3105    2.4540   
536662.8385     2.7281    2.2954   
536662.9384     2.1616    2.2154   
536663.0386     1.9609    2.1827   
536663.1385     1.9688    2.1701   
536663.2385     2.1601    2.1389   
536663.3385     2.6912    2.2686   
536663.4385     2.9255    2.2757   
536663.5385     2.4120    2.0495   
536663.6385     1.8050    1.9235   
536663.7385     1.9065    1.9312   
536663.8385     2.1498    1.7286   
536663.9385     1.6583    1.5832   
536664.0385     1.8039    1.7778   
536664.0385     1.8717    1.8425   
536664.1385     1.8858    1.8867   
536664.2385     1.7245    1.9174   
536664.3385     2.0175    2.1119   
536664.4385     2.3915    2.1956   
536664.5385     2.3512    2.1291   
536664.6385     2.1570    2.0574   
536664.7385     2.4936    2.1877   
536664.8385     3.3035    2.5755   
536664.9391     3.5999    2.6064   
536665.0385     3.5951    2.3968   
536665.0385     3.3873    2.3464   
536665.1385     3.3344    2.3546   
536665.2385     3.6721    2.3866   
536665.3385     4.3357    2.4636   
536665.4385     4.2003    2.5595   
536665.5385     4.1525    2.5262   
536665.6385     3.9710    2.3489   
536665.7385     3.8368    2.4158   
536666.0385     3.1113    2.5359   
536666.1384     3.0731    2.6693   
536666.2385     3.0948    2.6735   
536666.3385     2.9463    2.5551   
536666.4385     3.1620    2.6319   
536666.5385     3.3024    2.6281   
536666.6385     3.5413    2.6444   
536666.7387     3.6740    2.6764   
536666.8385     3.6701    2.7063   
536667.0385     3.5687    2.5769   
536667.1395     3.1021    2.4178   
536667.2385     2.7028    2.2852   
536667.2385     2.4741    2.2395   
536667.3395     4.5034    2.4062   
536667.3395     4.3283    2.4443   
536667.4385     4.2254    2.2424   
536667.5385     4.3912    2.2135   
536667.6385     4.4932    2.1091   
536667.7385     4.3738    2.0964   
536667.8835     4.2849    1.8579   
536667.8835     4.3087    1.8097   
536667.9835     4.7199    1.9508   
536668.0835     5.0640    2.0983   
536668.1835     5.1839    1.9656   
536668.2835     5.1044    1.9038   
536668.3835     5.1526    1.8888   
536668.4835     5.2608    1.9640   
536668.5835     5.2808    1.9430   
536668.6835     5.3676    1.9903   
536668.6835     5.3542    1.9713   
536668.7835     5.6754    1.9125   
536668.8835     5.7082    1.8683   
536668.9835     5.9630    1.9305   
536669.0835     5.6783    1.9159   
536669.1835     5.9102    2.0123   
536669.2835     6.4789    2.1933   
536669.3835     6.9044    2.1463   
536669.4835     6.5032    2.0095   
536669.5835     5.9945    2.0143   
536669.6350     5.7174    2.0589   
536669.7835     6.2273    2.2590   
536669.7835     6.1226    2.2067   
536669.8835     6.4807    2.1213   
536669.9835     7.1587    2.2307   
536670.0835     7.7349    2.3659   
536670.1835     7.8455    2.4394   
536670.2835     7.3530    2.1624   
536670.3835     7.1247    1.9922   
536670.3835     6.9713    1.9881   
536670.4835     6.6083    1.9004   
536670.5835     6.4359    1.9704   
536670.5835     6.4269    1.9522   
536670.6835     6.1420    2.1440   
536670.7835     6.0362    2.0326   
536670.8835     5.9074    2.0570   
536670.9835     6.0588    2.0600   
536670.9835     6.0214    2.0868   
536671.0835     6.0645    2.0408   
536671.1835     5.7484    1.9374   
536671.2835     5.9380    1.9320   
536671.2835     6.2458    2.0001   
536671.3835     6.2932    1.7130   
536671.4835     6.7679    1.8357   
536671.5835     6.9255    2.0182   
536671.5835     6.8811    1.9584   
536671.6835     6.9824    1.9885   
536671.7835     6.7057    1.9250   
536671.8835     6.6254    2.0763   
536671.9835     6.6376    2.0577   
536672.0835     6.7043    2.0190   
536672.1835     6.9782    2.0968   
536672.1835     7.3169    2.2420   
536672.2835     7.5013    2.2753   
536672.3835     7.1561    2.2109   
536672.4835     7.4367    2.1544   
536672.5835     7.6916    2.1825   
536672.6835     7.7424    2.2124   
536672.7835     7.7114    2.0119   
536672.7835     7.7037    2.0611   
536672.8835     7.9533    1.9035   
536672.9835     8.0769    1.9565   
536673.0347     8.2003    2.0525   
536673.0835     8.2777    2.0148   
536673.1835     8.2367    2.0389   
536673.2835     8.2928    1.9898   
536673.3835     8.4944    2.0053   
536673.4835     8.7080    1.9008   
536673.5835     8.5144    1.7989   
536673.6835     8.5507    1.7737   
536673.7835     8.5597    1.9958   
536673.9835     9.0540    2.2253   
536674.0835     9.3122    2.3840   
536674.1835     9.1248    2.1923   
536674.1835     9.1110    2.2049   
536674.2835     6.2252    2.2959   
536674.2835     5.9877    2.2096   
536674.3835     6.0439    2.2317   
536674.4835     6.1006    2.2777   
536674.5835     5.9592    2.3018   
536674.5835     6.2135    2.3321   
536674.6835     6.3044    2.4881   
536674.7835     6.4398    2.6394   
536674.8846     6.4379    2.3888   
536674.9846     6.3675    2.2862   
536675.0846     6.2588    2.2617   
536675.1846     6.4644    2.2302   
536675.1846     6.5771    2.2765   
536675.2846     5.1379    2.0134   
536675.3846     5.1363    2.0282   
536675.3846     5.2692    2.0606   
536675.5365     5.5984    2.0858   
536675.6365     5.8149    2.0470   
536675.6365     6.1622    2.1559   
536675.7365     6.3636    2.2546   
536675.9365     6.7195    2.2961   
536676.0365     6.5752    2.1508   
536676.1365     6.3290    2.0186   
536676.1365     6.1779    1.9567   
536676.2365     6.0723    1.9313   
536676.2815     5.6606    2.1002   
536676.3815     5.6641    2.1050   
536676.4815     5.6999    2.1549   
536676.5815     5.1474    1.9578   
536676.6815     4.7639    1.7649   
536676.7815     4.8820    1.7876   
536676.8815     4.9887    1.5764   
536676.8815     5.0389    1.5862   
536676.9815     4.6554    1.5842   
536677.0815     4.5180    1.8190   
536677.1815     4.2100    1.8521   
536677.2815     4.0499    1.5143   
536677.3815     4.0546    1.4731   
536677.4815     4.0495    1.3320   
536677.5815     4.0694    1.3648   
536677.6815     3.9952    1.4399   
536677.7815     4.0711    1.3061   
536677.8815     3.9701    1.3644   
536677.9815     4.0243    1.2161   
536678.0815     3.7664    1.2491   
536678.1815     3.8959    1.3020   
536678.1815     3.3555    1.1700   
536678.2815     3.5435    1.2536   
536678.3815     3.1856    1.1605   
536678.4815     3.2647    1.1276   
536678.5815     3.0037    1.1994   
536678.6815     2.7758    1.1421   
536678.7815     2.0535    1.0296   
536678.8815     1.8884    1.1856   
536678.9815     1.5045    1.3081   
536679.0815     1.6613    1.5023   
536679.1815     1.5216    1.6608   
536679.2815     1.7102    1.9730   
536679.3815     1.4603    2.0076   
536679.4815     0.9905    1.8540   
536679.5815     0.9207    1.7884   
536679.7815     0.7773    1.7482   
536679.8815     1.1349    1.7710   
536679.9815     1.6975    1.7760   
536680.0815     1.8469    1.7310   
536680.0815     2.1910    1.7684   
536680.2815     1.9056    1.4393   
536680.3815     2.2221    1.3361   
536680.4815     2.2822    1.4336   
536680.5815     2.3443    1.5316   
536680.6815     2.6077    1.6813   
536680.7815     2.3257    1.6248   
536680.7815     2.2821    1.6185   
536680.8815     2.1786    1.7484   
536680.8815     2.0065    1.7364   
536680.9815     1.7364    1.7634   
536681.0765     1.4671    1.7609   
536681.1765     2.0415    2.1222   
536681.2766     2.0569    2.4117   
536681.2766     2.0465    2.4065   
536681.3765     1.9668    2.5785   
536681.4765     1.7256    2.7731   
536681.5765     1.4953    3.0294   
536681.6765     0.9840    2.4025   
536681.7765     0.8665    1.9830   
536681.8765     0.8875    2.1648   
536681.9765     0.8914    2.2344   
536682.0765     0.7796    2.2804   
536682.1765     1.1644    2.6675   
536682.2765     1.1394    2.7132   
536682.3766     1.0321    2.4895   
536682.3766     1.0941    2.4731   
536682.5755     1.4755    2.1761   
536682.6755     1.4400    1.6589   
536682.7755     1.5837    1.5793   
536682.8755     1.7236    1.8179   
536682.9755     2.1521    1.9936   
536683.0755     2.6199    1.9560   
536683.0755     3.3667    2.0955   
536683.1755     3.8707    2.2605   
536683.2755     3.6448    2.0367   
536683.3755     3.8384    1.9512   
536683.4755     3.8652    2.0479   
536683.5755     4.0882    2.1588   
536683.5755     3.8474    2.2072   
536683.6755     3.3921    2.1789   
536683.7755     3.4761    2.0771   
536683.8755     3.5260    1.8981   
536683.8755     3.9865    1.9781   
536683.9755     3.5998    1.8295   
536683.9755     3.5702    1.8084   
536684.0755     3.5142    1.9149   
536684.1755     3.5258    1.8989   
536684.1755     3.5253    1.8988   
536684.2755     3.5929    1.9464   
536684.3755     3.5679    2.0080   
536684.3755     3.8480    2.0598   
536684.4755     3.6009    2.0501   
536684.4755     3.8492    2.2077   
536684.5755     3.5133    2.3308   
536684.6757     3.0160    2.6202   
536684.6757     2.7589    2.6035   
536684.7775     2.7794    3.0302   
536684.8775     2.6072    3.5589   
536684.8775     2.5613    3.5398   
536684.9775     2.5487    3.5176   
536684.9775     2.3355    3.4469   
536684.9775     2.3253    3.4278   
536685.1225     2.4729    3.3400   
536685.1225     2.6239    3.4076   
536685.1225     2.8530    3.4453   
536685.2225     2.7416    3.3412   
536685.2225     2.8724    3.1337   
536685.3225     2.9558    2.9020   
536685.3225     3.2457    3.0410   
536685.4226     3.3857    2.6706   
536685.4226     3.7203    2.7109   
536685.4226     3.8394    2.7099   
536685.5225     4.1233    2.4146   
536685.5225     4.4226    2.4910   
536685.6225     4.7332    2.4536   
536685.6225     4.8113    2.4810   
536685.7225     4.9909    2.4230   
536685.7225     5.3318    2.5092   
536685.8225     5.5562    2.7269   
536685.8225     5.6292    2.7439   
536685.9225     5.7310    3.0823   
536685.9225     5.8366    3.1242   
536686.0225     6.0112    3.6094   
536686.0225     6.2998    3.6639   
536686.0225     6.6093    3.7630   
536686.1225     6.5922    3.9178   
536686.1225     6.7824    3.8766   
536686.2225     6.8786    3.7908   
536686.3225     6.9852    3.5892   
536686.3225     7.0141    3.5300   
536686.4225     6.9858    3.3335   
536686.4225     6.9648    3.3390   
536686.5225     6.8355    3.4163   
536686.5225     7.0589    3.4549   
536686.6225     7.1030    3.1105   
536686.6225     7.2583    3.1551   
536686.7225     6.9922    2.9474   
536686.7225     6.9396    2.8677   
536686.8225     6.9024    2.8201   
536686.8225     7.0916    2.8842   
536686.9225     7.3731    2.9428   
536686.9225     7.2840    2.9015   
536687.0225     7.0606    2.9688   
536687.0225     6.8204    2.9518   
536687.1225     6.9668    3.1575   
536687.1225     6.9880    3.1565   
536687.2226     7.2134    3.2662   
536687.2226     7.4016    3.3108   
536687.3225     7.2943    3.2540   
536687.3225     7.0597    3.2229   
536687.4225     6.6566    3.1557   
536687.5225     7.3242    3.2735   
536687.5225     7.3503    3.2082   
536687.6225     7.1360    2.9743   
536687.6225     6.8509    2.7926   
536687.7225     6.7545    2.8790   
536687.8225     6.8729    3.1696   
536687.8225     7.4792    3.3740   
536687.9225     7.4305    3.3566   
536688.0225     7.1473    3.2769   
536688.0225     6.7604    3.2431   
536688.1225     6.3330    3.2845   
536688.2225     5.6853    2.9969   
536688.2225     5.8460    2.6698   
536688.3210     5.3939    2.4947   
536688.4210     5.5236    2.2831   
536688.5211     5.3078    2.2470   
536688.5211     5.8576    2.4307   
536688.6210     6.1043    2.4371   
536688.7210     5.9332    2.2070   
536688.7210     5.8089    2.1808   
536688.8210     5.6491    2.4321   
536688.9210     5.4307    2.7810   
536688.9210     5.4882    2.7482   
536689.0210     5.3998    3.1091   
536689.1210     5.3333    3.3794   
536689.2210     4.7735    3.2804   
536689.2210     4.3993    3.1365   
536689.3210     4.0793    2.8235   
536689.4210     3.7543    2.5183   
536689.4210     3.7123    2.4788   
536689.5210     3.6687    2.3549   
536689.6209     3.4641    2.2784   
536689.7210     3.1901    2.1145   
536689.7210     2.8132    2.1210   
536689.8210     2.5890    2.4023   
536689.9210     2.3522    2.6323   
536690.0210     1.9596    2.5532   
536690.0210     2.1001    2.4809   
536690.1210     1.8452    2.3838   
536690.2210     1.5681    2.2701   
536690.3210     1.5116    2.1602   
536690.3210     1.6675    2.2956   
536690.4210     1.9906    2.1294   
536690.5210     1.6352    1.9700   
536690.6210     1.5764    1.6820   
536690.6210     1.4701    1.7581   
536690.7210     1.3968    1.8296   
536690.8210     1.5712    1.9585   
536690.8210     1.5756    1.8906   
536690.9210     1.7474    1.8720   
536691.0210     2.0305    1.9319   
536691.1210     2.4860    1.9676   
536691.1210     2.7027    2.0085   
536691.2211     1.6892    1.9301   
536691.3160     1.6958    2.1433   
536691.3160     1.6698    2.1675   
536691.4160     1.5713    1.9536   
536691.5160     1.8864    2.0121   
536691.5160     2.0168    1.7924   
536691.6160     1.7829    1.4398   
536691.7160     2.5911    1.2872   
536691.7160     1.9208    1.4033   
536691.8160     2.0247    0.8101   
536691.9160     2.0954    0.6705   
536691.9160     1.4318    0.5006   
536692.0160     2.6743    3.9143   
536692.1160     2.9630    5.2316   
536692.2160     2.9501    6.0920   
536692.2160     2.3984    5.8656   
536692.3160     1.7935    5.0972   
536692.4160     1.8926    4.1328   
536692.5160     1.8555    3.0634   
536692.5160     2.3592    3.2574   
536692.6160     1.5175    2.4586   
536692.7160     1.4872    2.0583   
536692.7160     1.0550    1.9733   
536692.8160     1.2086    2.0640   
536692.9160     1.2702    2.1824   
536692.9160     1.2408    2.2166   
536693.0160     1.2063    2.3165   
536693.1160     0.8933    2.4175   
536693.1160     1.0310    2.3031   
536693.2160     1.5804    2.4385   
536693.3160     1.2873    2.3711   
536693.4160     0.9815    2.5151   
536693.4160     0.9618    2.6638   
536693.5160     1.1292    2.6915   
536693.6160     0.9467    2.6922   
536693.6610     0.8387    2.6717   
536693.6610     1.0600    2.7239   
536693.7610     1.1207    2.7585   
536693.8610     1.0023    2.5820   
536693.8610     1.1278    2.4732   
536693.9610     1.3121    2.2960   
536693.9610     1.6070    2.3456   
536694.0610     1.1669    2.2962   
536694.1610     0.7488    2.5133   
536694.1610     0.7767    2.7006   
536694.2610     1.0717    3.0896   
536694.3610     0.9901    3.2805   
536694.3610     0.5689    2.9274   
536694.4610     0.8053    2.4816   
536694.4610     1.2265    2.1244   
536694.5610     1.0262    2.6327   
536694.5610     0.7196    2.9705   
536694.6610     0.6131    2.9573   
536694.6610     0.9918    3.0891   
536694.7610     2.5628    3.0021   
536694.7610     2.6847    2.8219   
536694.8610     1.3510    2.3759   
536694.9610     0.2286    2.2996   
536694.9610     0.3943    2.6077   
536695.0610     1.6122    2.5935   
536695.0610     2.0416    2.5007   
536695.1610     1.8378    2.5924   
536695.1610     1.5525    2.7088   
536695.2610     1.8667    2.8408   
536695.2610     2.1839    2.7924   
536695.3610     2.7633    2.9731   
536695.3610     3.2743    2.8172   
536695.4625     3.9638    3.1881   
536695.4625     4.7060    3.4774   
536695.5625     5.0312    3.8589   
536695.5625     5.2041    3.9038   
536695.6625     5.1457    3.5102   
536695.6625     4.9310    3.5056   
536695.7625     4.7800    3.5641   
536695.8625     4.9693    4.0772   
536695.8625     4.7813    3.9699   
536695.9630     4.8902    3.7525   
536695.9630     5.0060    3.6978   
536696.0624     4.9915    3.4492   
536696.0624     5.0572    3.4401   
536696.1624     5.2696    3.3834   
536696.2625     4.9825    3.2744   
536696.2625     4.8264    3.2615   
536696.3625     4.6306    3.2709   
536696.4625     4.5520    3.0637   
536696.4625     4.1870    3.0334   
536696.5625     3.8155    2.6531   
536696.5625     3.2524    2.6293   
536696.6625     3.2207    2.5067   
536696.6625     3.2970    2.4407   
536696.7625     3.6893    2.3004   
536696.8625     3.9594    2.2962   
536696.8625     3.5557    2.2469   
536696.9626     3.2985    2.3405   
536697.0625     3.2329    2.7747   
536697.0625     3.0759    2.8387   
536697.1625     3.1075    2.7395   
536697.1625     3.0571    2.7350   
536697.2625     3.1758    2.5810   
536697.3629     3.2392    2.6554   
536697.3629     3.2997    2.7049   
536697.4625     3.5090    2.6239   
536697.4625     3.5915    2.5730   
536697.5625     3.9822    2.9942   
536697.6625     3.8085    3.1108   
536697.6625     3.8192    3.0337   
536697.7625     3.7720    2.9903   
536697.8625     3.6223    3.0310   
536697.8625     3.1551    3.0329   
536697.9625     2.8228    2.9969   
536698.0625     2.9726    3.0297   
536698.0625     3.5505    2.9759   
536698.1625     3.6009    2.6662   
536698.1625     4.0039    2.7075   
536698.3625     4.6874    2.4625   
536698.3625     4.8352    2.5914   
536698.4625     5.0194    2.6926   
536698.5625     4.9527    2.6205   
536698.5625     4.9380    2.5246   
536698.6625     5.1029    2.7741   
536698.6625     4.9051    2.6937   
536698.7625     4.7639    2.9865   
536698.8625     4.6389    2.6324   
536698.8625     4.4195    2.5619   
536698.9625     4.6351    1.5768   
536698.9625     4.8757    1.7491   
536699.0625     4.8700    2.7253   
536699.0625     5.1373    2.7624   
536699.1625     5.3070    4.4057   
536699.2625     5.7225    5.8052   
536699.2625     5.8607    5.6986   
536699.3625     5.7663    5.9174   
536699.3625     5.9785    5.9086   
536699.4625     6.0040    5.3033   
536699.5625     5.8941    4.2835   
536699.5625     5.7498    4.2817   
536699.6625     5.4273    3.9871   
536699.6625     5.0720    3.8920   
536699.7625     4.6671    3.6420   
536699.7625     4.2227    3.6078   
536699.8625     3.6147    3.8206   
536699.9625     3.1295    3.7978   
536699.9625     3.2127    3.7636   
536700.0625     3.1646    3.7353   
536700.0625     2.9777    3.5355   
536700.1625     2.6365    3.3910   
536700.2625     2.3813    3.4623   
536700.2625     2.2318    3.5520   
536700.3625     2.1839    3.6170   
536700.3625     2.4129    3.6032   
536700.4625     2.2430    3.4985   
536700.5646     2.0649    2.7077   
536700.5646     2.2862    2.7350   
536700.6595     2.2894    2.5399   
536700.7594     2.2733    3.0708   
536700.7594     2.4020    3.2188   
536700.8595     2.5038    3.5354   
536700.9595     2.5725    3.7841   
536700.9595     2.6876    3.7770   
536701.0595     2.7788    3.9928   
536701.1595     2.7737    4.1279   
536701.1595     2.8208    4.0901   
536701.2595     3.0548    3.8612   
536701.2595     3.0950    3.8914   
536701.3595     3.2991    3.5326   
536701.4595     3.0029    3.1120   
536701.4595     2.7888    2.8634   
536701.5595     3.1038    2.8227   
536701.6595     3.0800    2.6848   
536701.6595     2.7689    2.5978   
536701.8045     2.7169    2.6559   
536701.8045     2.5299    2.6416   
536701.9045     2.4061    2.6351   
536702.0046     2.3713    2.7286   
536702.0046     2.4296    2.8084   
536702.1045     2.5999    2.8659   
536702.2045     2.9450    2.7648   
536702.2045     3.1422    2.8676   
536702.3045     3.5043    2.6950   
536702.3045     3.3123    2.6560   
536702.4045     3.2812    2.5424   
536702.5045     2.9193    2.4895   
536702.5045     2.7752    2.4800   
536702.6545     3.3294    2.6908   
536702.7545     3.1345    3.1428   
536702.7545     3.0050    3.2261   
536702.8545     2.9609    3.3408   
536702.9545     2.7741    3.2097   
536703.0545     1.9502    3.0084   
536703.1545     1.6408    2.7922   
536703.2545     1.9040    2.6826   
536703.3549     1.8311    2.7409   
536703.4545     1.6867    2.5529   
536703.4545     1.7344    2.5070   
536703.6045     1.7631    2.7120   
536703.7045     1.7363    2.9883   
536703.7045     1.8372    3.0752   
536703.8045     1.9359    2.6813   
536703.8045     1.8516    2.5506   
536703.9045     1.7523    2.5044   
536704.0045     1.7181    2.3762   
536704.0045     1.9037    2.6654   
536704.1045     1.8953    2.7557   
536704.2045     1.6175    2.1279   
536704.2045     1.6519    1.9876   
536704.3545     2.0869    3.4921   
536704.4545     2.3542    3.9182   
536704.4545     1.7784    3.6329   
536704.4545     1.7546    3.5994   
536704.5545     1.7163    3.5729   
536704.5545     1.8219    3.7212   
536704.6545     1.8881    4.1926   
536704.6545     1.7452    4.0501   
536704.7545     1.7793    4.2619   
536704.8545     1.7547    4.2599   
536704.8545     2.3182    4.4188   
536704.9545     2.4152    4.4938   
536705.0545     2.1379    3.8632   
536705.0545     1.8629    3.6383   
536705.1545     1.8755    2.8835   
536705.1545     1.9615    3.1743   
536705.2545     1.7212    3.0936   
536705.2545     1.7163    3.1266   
536705.4045     1.8015    3.0080   
536705.4045     2.0128    2.8223   
536705.5045     2.2978    2.4139   
536705.6045     2.6686    2.4271   
536705.6045     2.7264    2.6945   
536705.7045     2.5485    2.8347   
536705.7045     2.8276    2.6517   
536705.8045     3.0608    2.6854   
536705.9045     3.2937    2.8803   
536705.9045     2.7686    2.9750   
536705.9995     2.8020    3.1879   
536706.0997     2.9535    3.2784   
536706.0997     3.0772    3.2414   
536706.1995     3.3727    3.1945   
536706.2972     3.4878    2.9544   
536706.3945     3.4715    2.6074   
536706.3945     3.4493    2.3891   
536706.4945     3.7004    2.2057   
536706.4945     3.7476    2.2231   
536706.5945     3.6040    2.3930   
536706.5945     3.5904    2.3690   
536706.6954     3.6828    2.9449   
536706.7945     3.6840    3.5922   
536706.7945     3.7249    3.4965   
536706.8945     4.0563    2.9160   
536706.9445     3.9820    2.4669   
536706.9445     4.0460    2.4292   
536706.9445     4.0300    2.3540   
536707.0445     3.9853    2.8937   
536707.0445     3.8432    3.0248   
536707.1445     3.8423    4.0734   
536707.1445     4.1990    3.9802   
536707.5989     3.6868    3.7742   
536707.6980     3.3079    3.5397   
536707.7972     3.2032    3.5150   
536707.7972     3.3558    3.5801   
536707.8965     3.5716    3.4835   
536707.9980     3.8403    3.2507   
536707.9980     3.4549    3.1212   
536707.9980     3.3868    3.0674   
536708.0965     3.3847    2.8323   
536708.0965     3.3485    2.8411   
536708.1965     3.1750    2.5576   
536708.4965     3.5427    2.1159   
536708.5965     3.5385    2.2698   
536708.5965     3.5588    2.2095   
536708.6965     3.3225    2.0928   
536708.7965     3.0294    2.1247   
536708.7965     3.0525    2.1134   
536708.8965     3.0541    2.2611   
536708.9965     3.1218    2.2153   
536708.9965     2.9180    2.0759   
536709.0965     2.9176    1.9984   
536709.1965     3.0349    2.0839   
536709.4415     3.5625    2.3095   
536709.4415     3.6578    2.3580   
536709.5415     3.7315    2.3855   
536709.6415     3.6801    2.4483   
536709.6415     3.4087    2.3626   
536709.7415     3.2042    2.2457   
536709.8415     2.6192    2.2113   
536709.9415     2.9928    2.3776   
536709.9415     3.5807    2.4143   
536710.0415     3.9998    2.6120   
536710.3415     2.9932    2.6279   
536710.3415     3.0800    2.8023   
536710.4415     2.8293    2.3287   
536710.5415     2.9765    2.2112   
536710.6415     3.2755    2.3433   
536710.6415     2.8024    2.1334   
536710.7416     2.6042    2.1197   
536710.8424     1.9641    2.0485   
536710.9415     2.3981    2.2368   
536710.9415     2.4754    2.2567   
536711.1415     2.2378    1.9429   
536711.2415     2.4044    2.6685   
536711.2415     2.4347    2.7448   
536711.4415     2.0018    4.0376   
536711.5415     2.0641    4.2173   
536711.5415     2.5922    4.4054   
536711.6424     3.2694    3.8157   
536711.7415     3.5412    2.7657   
536711.8415     4.0067    2.2835   
536711.8415     4.0239    2.1548   
536711.9415     3.7416    2.7625   
536712.0415     3.5791    3.0509   
536712.1415     3.4417    5.1004   
536712.2437     3.8708    5.9311   
536712.2437     4.3455    5.9074   
536712.3415     4.4143    5.7934   
536712.4401     4.2009    5.0014   
536712.5400     3.9754    5.0342   
536712.6400     3.9206    5.0302   
536712.6400     2.8948    4.7822   
536712.7400     2.2259    5.0494   
536712.7400     2.4471    5.0192   
536712.8400     2.7171    5.3489   
536712.9400     2.7906    5.1705   
536713.0400     2.5781    5.0070   
536713.1400     3.0022    4.8553   
536713.1400     3.4181    4.7577   
536713.2401     3.9710    4.6518   
536713.3401     4.4563    4.6146   
536713.4400     4.6546    4.7071   
536713.4400     4.5328    4.8389   
536713.5400     4.8542    4.6682   
536713.6400     6.3185    4.5846   
536713.7400     4.9921    4.7878   
536713.7400     4.1745    4.6386   
536713.8832     4.0480    5.1704   
536713.9782     4.2125    5.2856   
536714.0782     4.1306    4.9035   
536714.1782     4.8258    4.5002   
536714.1782     5.0807    4.2079   
536714.2782     4.7343    2.9526   
536714.3782     4.6125    2.8603   
536714.4775     4.1573    2.8993   
536714.4775     3.3801    2.8609   
536714.5775     3.2811    2.8829   
536714.6775     2.8488    3.0258   
536714.7775     3.1965    3.1763   
536714.8775     3.4748    3.0969   
536714.9775     3.8714    2.8244   
536715.0775     3.4649    2.7310   
536715.1810     3.5554    3.0612   
536715.2810     4.0088    2.5440   
536715.3810     4.2517    1.9629   
536715.4810     4.2333    1.3155   
536715.5810     3.7748    1.2046   
536715.6810     3.1696    1.7932   
536715.6810     3.0828    1.8504   
536715.7810     3.1249    2.4706   
536715.8810     3.1246    2.4044   
536716.0810     3.0333    1.7201   
536716.1810     2.9289    1.5133   
536716.2810     2.9664    1.3246   
536716.3810     2.8050    1.4575   
536716.4810     3.5986    2.3839   
536716.4810     6.0022    2.1193   
536716.6809     8.4388    3.7505   
536716.7809     8.1259    3.4505   
536716.8809     5.6932    3.0816   
536716.9810     5.7549    2.6251   
536717.0810     5.5717    2.5702   
536717.2810     4.4333    2.3404   
536717.3810     3.4794    2.3372   
536717.4810     3.0327    2.3557   
536717.5810     3.0823    2.2402   
536717.6760     3.3182    2.2818   
536717.7760     4.4072    2.3182   
536717.8760     6.1832    2.6201   
536718.0760     6.7416    2.9647   
536718.1760     6.3362    3.3633   
536718.2760     5.4062    3.5121   
536718.4760     5.0039    3.7881   
536718.5760     5.2975    3.7292   
536718.6760     4.3359    3.3268   
536718.7760     3.7902    3.0045   
536718.9760     3.5656    2.3778   
536719.0760     3.5386    2.1979   
536719.1760     4.0470    2.1967   
536719.3760     4.5266    1.9284   
536719.4760     4.8539    1.9316   
536719.6760     4.8387    2.2200   
536719.7760     4.9809    2.1884   
536719.9760     4.8881    2.0999   
536720.0762     4.7616    2.3392   
536720.3760     4.5860    2.7124   
536720.4760     4.7918    2.5342   
536720.6760     5.1586    2.0589   
536720.8760     5.0124    1.8804   
536721.0760     4.9284    2.4367   
536721.2760     4.5846    2.4731   
536721.4760     4.2328    3.2944   
536721.6760     3.8156    2.1413   
536721.9760     3.3104    1.7788   
536722.1760     2.8285    2.2430   
536722.4760     2.2887    2.0516   
536722.6759     3.1291    2.4385   
536722.8760     4.5178    2.0992   
536723.0760     5.9561    2.3379   
536723.3776     6.5008    3.1984   
536723.4760     6.5576    2.9754   
536723.7210     5.8001    2.6099   
536723.9210     5.1687    2.5252   
536724.1210     4.8995    2.2715   
536724.3210     4.8273    2.4347   
536724.4210     4.8291    2.5090   
536724.6210     4.9653    2.8595   
536724.8210     4.9636    2.8784   
536724.9210     4.9901    2.9614   
536725.1210     5.1747    3.0574   
536725.3160     5.2367    3.3867   
536725.4160     4.9721    3.3951   
536725.5161     4.8303    3.2162   
536725.7160     4.8604    3.0246   
536725.8160     4.3365    3.0534   
536726.0160     4.5766    3.3628   
536726.1162     4.8491    3.3825   
536726.2160     4.9534    3.5136   
536726.4160     4.9099    3.6109   
536726.5160     4.8859    3.2107   
536726.6160     4.9400    2.8693   
536726.7160     5.2895    2.8841   
536726.9160     5.4409    2.6759   
536727.0160     5.1808    2.4165   
536727.1160     3.2141    1.9738   
536727.3160     1.7572    2.5050   
536727.4160     1.7088    1.8477   
536727.5160     0.5061    1.7962   
536727.6160     5.8468    4.5804   
536727.7160     7.8935    5.8118   
536727.9160     9.9510    6.6236   
536728.0160     9.1381    6.6695   
536728.1160     6.9884    6.0624   
536728.2160     5.4103    5.5260   
536728.4160     4.6358    3.5579   
536728.5160     4.9885    3.4331   
536728.6160     4.8684    2.7002   
536728.7160     4.4428    2.5423   
536728.8160     4.2251    3.0683   
536729.0160     4.5798    3.3065   
536729.1160     5.1838    3.2011   
536729.2160     5.5010    3.1609   
536729.3160     5.7575    3.3932   
536729.4160     5.4806    3.3698   
536729.5160     5.4517    3.1303   
536729.6169     5.2641    3.0373   
536729.7160     5.0349    2.9516   
536729.8160     4.7839    2.7596   
536730.0160     4.3309    2.4363   
536730.1160     4.1130    2.3746   
536730.2160     4.3310    2.2902   
536730.3160     5.1065    2.5262   
536730.4160     5.7163    2.6660   
536730.5160     5.9667    2.7060   
536730.6160     5.5106    2.6757   
536730.7610     5.2805    2.8481   
536730.8610     5.3716    2.7335   
536731.0610     5.3800    2.3893   
536731.1610     4.7826    2.1232   
536731.2610     4.5424    2.3019   
536731.3609     4.5254    2.2944   
536731.4610     4.1515    2.6770   
536731.6610     5.2131    3.0743   
536731.7612     6.4157    3.1558   
536731.8610     6.8455    3.3575   
536731.9610     4.4546    3.3182   
536732.0610     4.0163    3.4582   
536732.1610     6.9792    3.5004   
536732.2610     6.5568    2.9339   
536732.3610     5.4799    2.6490   
536732.5610     4.9629    2.6677   
536732.6610     5.2544    2.6321   
536732.7610     5.4192    2.5010   
536732.8610     5.0564    2.2452   
536732.9610     4.2031    1.9567   
536733.0610     3.6219    1.7893   
536733.2610     3.0778    2.1071   
536733.3610     3.8209    1.9997   
536733.4610     4.0812    2.2339   
536733.5611     4.9954    2.6696   
536733.6610     5.0747    2.7276   
536733.8610     5.4216    2.8217   
536733.9610     6.2880    2.6149   
536734.0613     6.3277    2.4393   
536734.2610     7.0092    3.1336   
536734.3610     6.7110    3.0522   
536734.4610     6.2548    3.0977   
536734.5611     5.9339    3.2385   
536734.6610     6.0932    3.3038   
536734.8610     6.4008    3.4957   
536734.9610     5.9006    3.3977   
536735.2610     5.0413    3.2086   
536735.4610     4.8419    3.0072   
536735.5610     4.3102    2.6982   
536735.6610     4.5702    2.7816   
536735.8610     5.4410    3.0550   
536735.9610     5.0187    2.9404   
536736.1610     3.3031    2.8481   
536736.3610     3.2207    3.9831   
536736.4610     5.5402    5.4873   
536736.6610     9.5488    6.8145   
536736.8610     10.7354   7.4238   
536736.9611     10.0094   6.7638   
536737.1610     9.3063    5.2670   
536737.3610     9.0431    4.3947   
536737.5610     8.8160    4.2296   
536737.7610     9.2998    4.1756   
536737.8610     8.9473    4.0036   
536738.0610     9.2444    3.8470   
536738.2610     9.0970    4.2022   
536738.4610     9.5534    4.1761   
536738.6560     10.2955   4.4281   
536738.8560     10.4993   4.4254   
536739.0560     7.7063    3.9785   
536739.2560     6.0207    4.1552   
536739.5011     6.7592    4.7229   
536739.6010     8.0435    4.9935   
536739.8011     9.5550    5.1548   
536740.0014     7.6308    5.3688   
536740.2010     8.7907    5.2248   
536740.4010     9.2483    4.9026   
536740.5010     8.5010    4.4500   
536740.7015     8.2085    4.0815   
536740.9013     7.5272    3.8817   
536741.0010     6.9351    3.6896   
536741.3010     6.9357    3.5527   
536741.4018     7.7711    3.8211   
536741.6010     8.1047    3.8661   
536741.7010     8.1012    3.7571   
536741.9010     7.3910    3.4930   
536742.1010     6.5047    3.0268   
536742.2010     5.8585    2.8992   
536742.3010     5.5071    2.9058   
536742.6010     6.6158    3.9068   
536742.7010     7.3658    4.2593   
536742.9011     7.4456    4.3165   
536743.0014     7.2397    4.1297   
536743.1013     7.2794    4.0025   
536743.3020     7.3614    4.1275   
536743.4010     6.8187    3.9922   
536743.6010     6.4858    3.9949   
536743.7010     6.3951    4.2320   
536743.9028     6.8391    4.4880   
536744.0010     7.7496    4.5450   
536744.1010     7.4544    4.4227   
536744.2010     7.2174    4.1793   
536744.3010     7.0703    4.2023   
536744.3960     6.5277    3.9664   
536744.4960     6.4227    4.1952   
536744.6962     4.0346    3.6816   
536744.8960     4.9490    4.4387   
536744.9960     4.5865    4.8638   
536745.0960     3.2811    5.2754   
536745.1960     1.2075    5.5243   
536745.2960     0.6134    5.7242   
536745.4975     4.1652    5.3352   
536745.5975     6.5427    5.0769   
536745.6975     6.9637    4.6478   
536745.7976     5.2335    3.9995   
536745.9425     4.8242    3.3380   
536746.1425     5.4522    3.0698   
536746.2425     4.4760    3.2972   
536746.3425     4.2297    3.1780   
536746.4426     3.9158    3.3850   
536746.5439     3.7514    3.5813   
536746.6425     3.9854    3.5823   
536746.7425     4.5732    3.3646   
536746.8425     4.8516    3.2900   
536746.9425     4.6335    3.0349   
536747.0425     3.8151    2.4281   
536747.1425     3.4190    2.3082   
536747.3425     3.7523    1.8755   
536747.4425     3.9905    1.5439   
536747.5425     6.3599    2.0498   
536747.6425     9.1062    2.9928   
536747.7425     6.6435    2.5350   
536747.7425     3.3664    2.3448   
536747.8425     4.9565    3.2968   
536747.9425     3.6856    4.6710   
536748.1430     6.1460    4.9404   
536748.2431     7.5437    4.5595   
536748.3425     4.3390    4.3313   
536748.4425     3.6378    4.0341   
536748.5425     3.6768    3.6027   
536748.6425     5.1711    3.4577   
536748.7425     5.3432    3.3142   
536748.8425     4.2759    3.2977   
536748.9425     3.7084    3.7169   
536749.0425     3.8764    3.4301   
536749.2425     3.1119    3.2230   
536749.3425     2.8188    3.9517   
536749.4425     3.0464    4.1504   
536749.5425     3.3072    4.2923   
536749.6375     3.2176    4.0153   
536749.7375     3.1345    4.0401   
536749.8375     3.6002    3.9452   
536749.9376     4.1466    3.7540   
536750.0376     4.3398    3.5244   
536750.2394     2.1820    2.7991   
536750.2394     2.1496    2.7128   
536750.3375     2.3278    2.7558   
536750.4375     2.9537    2.9088   
536750.6375     2.6900    2.7893   
536750.7375     2.7663    2.5366   
536750.8375     2.3280    2.3976   
536750.9375     2.4336    2.3430   
536751.0375     3.0070    2.4206   
536751.1375     3.8526    2.4802   
536751.2375     4.6939    2.5276   
536751.3375     5.1519    2.3296   
536751.5375     4.1197    2.0263   
536751.6375     2.5709    1.3795   
536751.7376     2.1946    1.3206   
536751.8375     2.9667    1.5981   
536751.9375     3.9062    1.7561   
536752.0376     4.1068    1.6754   
536752.2383     3.8463    1.7011   
536752.3400     3.2693    1.7725   
536752.4390     3.4424    1.9920   
536752.5376     5.8600    2.5655   
536752.8375     9.5110    3.2626   
536752.9392     9.9711    3.4099   
536753.0375     6.0240    2.1954   
536753.2381     3.3858    0.8475   
536753.3375     8.1820    2.3249   
536753.4377     10.8516   3.8972   
536753.5375     6.6246    4.7345   
536753.6386     8.8627    6.5398   
536753.7375     12.5866   6.9045   
536753.9375     12.2146   6.7269   
536754.0379     10.2667   5.8152   
536754.1825     11.3392   5.8926   
536754.2825     11.3816   5.7098   
536754.3825     10.9966   6.2131   
536754.5825     11.8022   6.7444   
536754.6825     12.5243   6.7199   
536754.7825     12.4825   6.2628   
536754.8825     9.9320    6.0713   
536754.9825     8.8214    6.1132   
536755.1825     8.9895    5.6422   
536755.2825     8.8474    5.3581   
536755.3825     9.3077    5.3413   
536755.5825     10.3100   5.6480   
536755.6825     10.5307   5.9934   
536755.7825     10.3556   6.5035   
536755.9825     10.0276   6.3346   
536756.0825     9.5703    5.8095   
536756.1825     9.3122    5.4119   
536756.2825     5.6607    4.5977   
536756.4825     5.9053    4.6444   
536756.5825     6.1655    4.3073   
536756.6825     6.4205    4.3943   
536756.7825     6.2192    4.5888   
536756.8825     5.7743    4.8851   
536757.0845     5.3178    4.3818   
536757.1362     4.8309    4.1955   
536757.2845     4.5945    4.0102   
536757.3848     4.6862    4.1263   
536757.4844     0.9684    3.6496   
536757.5845     0.7706    2.9955   
536757.6845     0.7033    2.3663   
536757.7845     0.8449    2.0331   
536757.8845     1.8778    1.9583   
536758.0845     3.7626    1.9403   
536758.1845     3.0677    1.4037   
536758.2845     1.8350    0.9222   
536758.3845     2.7397    1.0030   
536758.5345     3.4598    1.2837   
536758.6345     4.7627    1.6319   
536758.7345     5.4202    2.4919   
536758.8345     4.6208    3.2204   
536758.9345     3.6427    3.4102   
536759.0345     4.8746    3.1679   
536759.1345     3.8752    2.6607   
536759.2345     2.8461    2.1378   
536759.4345     3.6401    2.0061   
536759.5345     3.6540    1.6833   
536759.6345     3.3941    1.8608   
536759.7345     3.8834    2.0976   
536759.8845     4.4613    1.7316   
536759.8845     4.5693    1.6036   
536759.9845     4.3944    1.4638   
536760.0845     4.0474    1.2427   
536760.1845     3.4046    1.1753   
536760.3845     3.2519    1.0021   
536760.4845     3.3475    1.1321   
536760.5845     3.5973    1.2887   
536760.6845     3.9243    1.1787   
536760.6845     4.7839    0.7791   
536760.7845     5.1379    0.4619   
536760.8845     5.2965    0.5246   
536761.0345     5.3064    0.9440   
536761.1346     5.0577    0.9736   
536761.1795     4.6249    0.9057   
536761.2795     4.1164    0.7807   
536761.3795     3.9629    0.6670   
536761.4795     3.6414    1.0068   
536761.5799     3.3619    1.2793   
536761.6795     2.9520    1.6572   
536761.7795     2.7851    1.8248   
536761.8808     2.9545    2.0659   
536761.9808     3.0700    2.2388   
536762.0808     3.0779    2.3659   
536762.1758     3.5916    2.2463   
536762.2758     4.5433    2.2308   
536762.3758     4.8402    2.2950   
536762.3758     4.5580    2.3682   
536762.4758     4.5084    2.5144   
536762.4758     4.9026    2.6258   
536762.5758     4.4929    2.5774   
536762.6758     4.2350    2.5816   
536762.7766     4.2083    2.4459   
536762.8758     4.4379    2.1487   
536762.9758     4.7830    1.9186   
536763.0758     4.6490    2.1292   
536763.0758     4.5698    2.6069   
536763.1758     4.3951    3.0306   
536763.2758     4.9179    3.4355   
536763.2758     4.4515    3.3280   
536763.3758     2.6219    3.7616   
536763.3758     3.5819    3.7916   
536763.4758     3.5799    3.6263   
536763.5758     3.7817    3.0719   
536763.6758     5.8786    2.8286   
536763.6758     5.3902    2.5023   
536763.7758     4.0374    2.4618   
536763.7758     4.8337    2.8772   
536763.8757     5.0550    3.0666   
536763.8757     6.1403    2.7605   
536763.9758     6.0392    2.6462   
536764.0758     5.8134    2.8180   
536764.0758     5.1938    3.3699   
536764.1758     4.9317    3.5446   
536764.2758     5.5730    3.5030   
536764.2758     6.3474    3.7064   
536764.3758     6.4223    3.6963   
536764.4758     5.4558    3.6392   
536764.4758     4.4094    3.8139   
536764.5758     5.0648    3.7347   
536764.6757     5.1697    3.3150   
536764.6757     5.1501    3.1232   
536764.7758     5.3503    3.0643   
536764.8758     5.3787    2.9101   
536764.9758     5.4221    2.7491   
536765.0758     5.3614    2.7090   
536765.0758     5.2437    2.5678   
536765.1758     5.3016    2.8448   
536765.3758     6.4984    3.2548   
536765.4758     6.7255    3.3762   
536765.4758     6.6703    3.3368   
536765.5757     6.5724    3.5270   
536765.6758     6.7431    3.4968   
536765.7757     6.8672    3.3354   
536765.8758     6.9600    3.2132   
536765.9764     6.9344    3.0714   
536766.0758     7.0820    3.1238   
536766.1745     6.8894    3.3475   
536766.2745     6.4745    3.5987   
536766.2745     7.2817    3.8464   
536766.3768     7.3381    3.9935   
536766.4745     7.2157    4.0246   
536766.5745     7.1402    3.8329   
536766.6745     7.2310    3.5026   
536766.7745     7.5086    3.5134   
536766.8745     7.8337    3.2955   
536767.0245     7.9819    3.0008   
536767.1245     7.7047    2.8844   
536767.2245     7.6685    3.5166   
536767.3245     7.9337    3.6506   
536767.4245     7.6073    3.3798   
536767.5245     6.6866    2.9105   
536767.6245     6.1635    2.4165   
536767.7245     5.5789    3.0073   
536767.8245     5.5686    3.3962   
536767.9245     5.2869    3.6957   
536768.0748     5.0138    3.3843   
536768.1745     4.7535    3.1639   
536768.2745     4.9542    3.0540   
536768.3757     5.0123    2.7913   
536768.4745     5.1513    3.0982   
536768.5746     5.8981    3.0219   
536768.6752     6.1143    3.1050   
536768.7745     6.4257    3.3571   
536768.8745     6.9229    3.0041   
536768.9745     6.1177    2.6007   
536769.1195     7.2786    2.9498   
536769.2195     8.5867    3.2804   
536769.3195     10.3278   3.7536   
536769.4195     8.5941    2.9387   
536769.5195     6.4747    2.2607   
536769.6201     6.1293    1.7903   
536769.8195     5.0815    1.7722   
536769.9194     5.5897    1.9472   
536770.0195     6.1675    2.8635   
536770.1195     7.0080    3.2797   
536770.2195     5.9709    2.7873   
536770.3195     5.1938    2.4151   
536770.4195     4.7354    2.2389   
536770.5194     5.1159    2.2244   
536770.7195     5.1466    2.6240   
536770.8195     4.8296    2.7905   
536770.9197     4.8629    3.0117   
536771.0195     5.0536    3.3390   
536771.1195     4.8967    3.4375   
536771.2195     4.7549    3.2210   
536771.3195     4.6259    3.0196   
536771.5195     4.5195    2.5924   
536771.6145     4.2302    2.3446   
536771.6145     4.5465    2.3033   
536771.8145     4.2284    2.6524   
536771.9145     4.0978    2.6550   
536772.0145     4.2451    2.8715   
536772.2156     4.5308    2.2159   
536772.3155     3.8223    2.2936   
536772.3155     3.4939    2.3150   
536772.4155     3.1814    1.5454   
536772.5155     3.2172    1.5562   
536772.6159     4.2040    1.1824   
536772.8155     3.8297    2.0389   
536773.0155     4.4873    2.4148   
536773.1155     4.7630    2.2874   
536773.2155     4.9128    2.3009   
536773.4155     4.4019    2.2672   
536773.6155     4.4349    2.2088   
536773.7155     4.4086    2.0091   
536773.9155     4.2342    1.9734   
536774.0155     3.8573    1.9573   
536774.1155     4.5988    1.6681   
536774.2155     3.9573    1.6748   
536774.4155     3.8297    1.8043   
536774.5155     3.5779    1.9782   
536774.6155     3.3754    2.3249   
536774.8155     3.3379    2.4743   
536774.9155     3.4039    2.4944   
536775.1155     3.4105    2.1372   
536775.2155     3.5946    2.0564   
536775.3155     3.8535    2.3917   
536775.4155     2.5340    2.5935   
536775.5165     2.0342    2.6781   
536775.7165     2.0049    2.7813   
536775.8165     1.8564    2.9123   
536775.9165     2.0999    2.7570   
536776.1165     2.7311    2.3295   
536776.2165     2.6887    2.1895   
536776.3165     2.1923    2.5929   
536776.4165     2.1113    2.8308   
536776.5165     2.1777    2.0685   
536776.6165     2.1291    1.7539   
536776.7165     2.3640    1.6403   
536776.9165     2.6485    2.2364   
536777.0165     2.9930    2.3496   
536777.1165     3.2422    2.3636   
536777.2165     3.3774    2.2992   
536777.3165     4.1315    2.5027   
536777.4165     3.9940    2.4778   
536777.5165     4.1562    2.4213   
536777.6165     4.1407    2.4456   
536777.7165     4.2108    2.3825   
536777.8165     4.0554    2.1759   
536777.9165     3.8926    2.1465   
536778.0165     3.8511    2.0962   
536778.1165     4.6263    2.4438   
536778.2165     4.4217    2.5114   
536778.3165     5.4001    2.4739   
536778.4165     4.3908    2.0051   
536778.5165     4.5138    1.9089   
536778.6165     4.1938    1.8441   
536778.7165     4.7397    1.8601   
536778.8165     5.2859    2.1509   
536778.9165     5.9418    2.4871   
536779.0165     6.2731    2.7108   
536779.1165     5.9479    2.6021   
536779.1165     5.3111    2.2771   
536779.2165     5.4158    2.0591   
536779.3165     4.6089    1.8143   
536779.4165     4.3355    1.6305   
536779.4165     4.2352    1.5960   
536779.5167     4.2177    1.6054   
536779.6165     3.9809    1.6095   
536779.7165     3.5795    1.7764   
536779.7165     3.3005    1.7727   
536779.8165     3.2473    1.9135   
536779.9165     3.4871    2.1165   
536779.9165     4.6358    2.3853   
536780.0165     4.6010    2.3950   
536780.1165     4.5738    2.4536   
536780.2165     4.8057    2.3910   
536780.2165     4.9135    2.3489   
536780.3165     4.6859    2.1754   
536780.4165     4.5932    2.0788   
536780.4165     4.5778    2.0697   
536780.5165     4.8899    2.1316   
536780.6165     5.0601    2.1643   
536780.6165     5.8544    2.3515   
536780.7165     5.6678    2.2214   
536780.9165     5.5427    2.1995   
536780.9165     5.2697    2.1547   
536781.0165     4.8052    2.2198   
536781.1165     4.5503    2.3112   
536781.2165     4.6106    2.5508   
536781.3165     4.9095    2.5590   
536781.3165     4.8164    2.6022   
536781.4175     4.5569    2.5241   
536781.5165     4.9550    2.4832   
536781.6165     4.7822    2.4564   
536781.7178     4.6649    2.2424   
536781.7178     4.4371    2.2161   
536781.8177     4.2089    2.1789   
536781.9178     4.3454    2.2684   
536782.0185     4.2411    2.1503   
536782.1185     4.2188    2.0249   
536782.2185     3.8675    1.7689   
536782.3185     3.9000    1.6793   
536782.4185     4.0278    1.7906   
536782.6185     4.3857    1.7192   
536782.7185     4.1152    1.6740   
536782.7185     4.2392    1.7491   
536782.8635     4.2100    1.6733   
536782.9635     4.2272    1.7148   
536783.0635     4.0302    1.6838   
536783.1635     3.9507    1.7393   
536783.2635     5.2174    1.8000   
536783.4635     5.4063    1.9867   
536783.5635     5.6979    2.1563   
536783.6635     5.8071    2.2540   
536783.8635     5.8456    2.3681   
536783.9635     5.8449    2.3867   
536784.0634     5.7316    2.2734   
536784.1635     5.9078    2.3013   
536784.2635     6.0053    2.2083   
536784.4636     6.3106    2.2137   
536784.5635     6.4106    2.2812   
536784.6635     7.1835    2.4755   
536784.8635     7.5462    2.5139   
536784.9635     7.7875    2.4943   
536785.1635     7.3586    2.1115   
536785.2635     6.8708    1.8786   
536785.3635     6.5985    1.7740   
536785.4635     7.2763    1.9132   
536785.6635     7.3404    1.8835   
536785.8635     7.3369    2.0131   
536785.9635     7.0210    1.8958   
536786.1635     6.5671    1.9775   
536786.3635     6.3348    1.7798   
536786.5635     6.1863    1.5867   
536786.7635     6.3195    1.6595   
536786.9585     6.4937    1.6127   
536787.1585     6.2856    2.3419   
536787.2585     6.7139    2.7317   
536787.4585     6.7000    1.7775   
536787.6585     6.1554    1.4912   
536787.9585     5.9472    2.2573   
536788.1585     6.1311    2.0277   
536788.3585     6.2536    1.8515   
536788.4585     6.6559    2.0349   
536788.7585     6.6940    2.7371   
536788.9585     7.1368    2.8679   
536789.2585     7.4507    3.1802   
536789.5563     8.3545    3.4375   
536789.8564     9.2078    3.7952   
536790.0564     10.4275   4.2271   
536790.2564     11.1927   4.2655   
536790.5564     11.3015   4.8604   
536790.8564     11.0846   5.4294   
536791.0581     11.1879   5.1130   
536791.3564     10.9853   5.0508   
536791.6564     11.0018   4.3343   
536791.8564     11.3026   3.7007   
536792.0564     11.3073   3.2554   
536792.3586     10.7266   2.3467   
536792.5595     10.4508   1.8078   
536792.7586     9.3369    1.6543   
536792.9586     9.1146    1.4183   
536793.2586     8.7852    1.1906   
536793.4586     8.3881    1.0528   
536793.6586     8.0854    0.8436   
536793.8586     8.1766    0.7370   
536794.0586     8.3582    0.6160   
536794.3585     8.4618    0.5682   
536794.4586     8.1845    0.6649   
536794.6586     8.1386    0.6160   
536794.8586     8.1325    0.7682   
536795.0586     8.1823    0.6563   
536795.2586     7.7397    0.7990   
536795.4586     6.8579    1.1322   
536795.6586     6.8291    0.7583   
536795.8586     5.6823    1.0754   
536796.0585     5.4263    0.9809   
536796.1586     5.3156    0.8024   
536796.3036     7.3086    1.6697   
536796.5036     7.4662    1.7452   
536796.7036     7.6208    1.8595   
536796.8036     7.6131    2.1342   
536797.1036     8.2008    3.4366   
536797.2035     8.3057    3.7435   
536797.3036     8.8209    3.4893   
536797.5036     9.4918    3.5583   
536797.7036     9.4827    4.3128   
536797.8035     9.8120    4.5163   
536798.0035     9.7753    4.1894   
536798.1036     9.8075    4.0985   
536798.3036     9.6746    3.9055   
536798.4036     9.2938    3.7643   
536798.6036     8.6960    3.7963   
536798.7036     8.6332    3.9993   
536798.8986     8.3585    3.9671   
536798.9986     8.3595    4.0295   
536799.1003     8.4967    3.9812   
536799.3003     8.6615    4.2567   
536799.4003     8.3393    4.0655   
536799.5003     8.4241    4.1020   
536799.7003     8.2948    4.1136   
536799.8003     7.1033    4.0154   
536800.0003     6.5293    3.7577   
536800.1003     6.4218    3.7610   
536800.2003     6.6073    3.6430   
536800.3003     6.4990    3.8088   
536800.4006     6.2677    3.8193   
536800.6006     6.5775    3.9183   
536800.7006     6.9773    4.1196   
536800.8022     7.3793    4.3503   
536800.9006     7.7783    4.4617   
536801.0006     8.2627    4.3912   
536801.2006     8.5678    4.4265   
536801.3008     8.9322    4.4052   
536801.4006     9.1369    4.7547   
536801.5014     9.5067    4.6740   
536801.6006     9.7532    4.7432   
536801.7006     9.6160    5.6245   
536801.9006     9.5890    7.2512   
536802.0006     9.2489    7.2933   
536802.1006     9.4014    8.3082   
536802.2006     9.6034    9.0027   
536802.3006     9.5260    9.7159   
536802.4006     9.4368    10.2093  
536802.5006     9.6747    9.0895   
536802.7015     9.7864    7.3317   
536802.7015     9.8060    7.2691   
536802.8006     9.7567    6.6166   
536802.9006     10.0366   6.8164   
536803.0006     10.0550   7.0920   
536803.1006     9.9026    7.0231   
536803.1985     10.1076   6.6173   
536803.2985     10.1482   6.1731   
536803.3995     10.3132   5.7619   
536803.4995     10.0851   5.5762   
536803.5995     9.4314    5.4430   
536803.6995     8.5863    4.9627   
536803.8995     8.5310    3.9188   
536803.8995     9.2953    3.7455   
536804.0995     9.7263    3.4233   
536804.0995     10.1797   3.4045   
536804.2995     9.7690    3.4139   
536804.3995     9.1680    3.6731   
536804.4995     8.6482    3.9698   
536804.5995     8.1954    4.2682   
536804.6995     7.8026    4.4753   
536804.7995     8.0751    4.9390   
536804.8997     8.0599    5.0595   
536804.9995     8.0854    4.8359   
536805.0995     7.9466    4.8845   
536805.1995     8.6092    4.8188   
536805.2995     8.6722    4.5843   
536805.3995     8.2548    4.6744   
536805.5447     8.0972    4.7002   
536805.5946     7.7984    4.8221   
536805.7945     7.5022    4.8239   
536805.8945     7.0108    4.4918   
536805.8945     6.4437    4.5755   
536805.9945     6.3176    4.2652   
536806.0945     6.1341    3.8177   
536806.1945     6.1387    3.4294   
536806.1945     6.0498    3.4492   
536806.2945     5.9918    2.8141   
536806.4403     5.7423    3.0160   
536806.5401     5.2004    3.1834   
536806.6409     5.1233    3.1981   
536806.7401     5.4947    3.1267   
536806.8395     5.7181    2.9324   
536806.9399     5.8643    2.8649   
536807.0395     5.5082    2.8724   
536807.1395     5.1365    2.8422   
536807.2395     4.5893    2.6551   
536807.3395     4.7382    2.5783   
536807.4395     5.0892    2.5665   
536807.5395     5.4117    2.4357   
536807.6399     5.6242    2.7490   
536807.7395     4.9409    2.9688   
536807.8395     4.8773    2.8191   
536807.9395     4.5210    2.9002   
536808.0395     4.4102    2.9700   
536808.1395     4.1767    2.9199   
536808.2395     4.0232    2.9704   
536808.3395     4.3723    3.2898   
536808.4395     4.4062    3.2568   
536808.5395     4.9226    3.0460   
536808.5395     5.4726    3.0352   
536808.7395     5.0637    2.5795   
536808.8395     4.4382    2.4765   
536808.9414     3.8799    2.4904   
536809.0415     3.7999    2.5156   
536809.0415     3.3367    2.4392   
536809.1416     3.3600    2.4457   
536809.2415     3.7979    2.4931   
536809.3420     4.4202    2.3138   
536809.4415     4.8234    2.2387   
536809.5415     4.4759    1.9232   
536809.6415     4.3812    2.1336   
536809.7415     4.4714    2.3621   
536809.8415     4.8273    2.3247   
536809.8415     5.0828    2.3554   
536809.9415     4.8938    2.4608   
536810.0415     4.6865    2.5829   
536810.1415     4.9288    2.8257   
536810.1415     5.1437    2.8520   
536810.2415     5.5159    2.9412   
536810.3415     5.4992    2.8375   
536810.4415     5.5249    2.9019   
536810.5415     5.2771    2.2460   
536810.6425     5.2355    2.2325   
536810.6425     5.1499    2.3116   
536810.7415     5.2608    2.2885   
536810.8415     5.5945    2.2419   
536810.9415     5.5413    2.8483   
536811.0415     5.4207    3.2150   
536811.0415     5.4119    3.1749   
536811.1415     5.3649    3.2065   
536811.2424     5.0274    3.3417   
536811.2424     4.8504    3.4143   
536811.4435     4.6986    3.1172   
536811.5435     4.8399    3.1549   
536811.5435     5.2758    3.3161   
536811.5955     5.1398    3.3962   
536811.6955     4.8343    3.4315   
536811.7955     4.6345    3.6912   
536811.7955     4.4378    3.7818   
536811.8955     4.3983    4.0238   
536811.9955     4.6722    4.1832   
536811.9955     4.6622    4.1165   
536812.0955     4.7901    4.3762   
536812.1955     4.8741    4.4927   
536812.1955     5.0618    4.4249   
536812.2955     5.0424    4.3756   
536812.3955     5.3587    4.2585   
536812.4955     5.7469    4.0522   
536812.4955     5.7110    4.0377   
536812.5955     5.3964    4.0119   
536812.6955     5.0965    4.0317   
536812.6955     4.5510    4.2141   
536812.7955     4.5114    4.0536   
536812.7955     4.9639    4.1439   
536812.8955     5.3639    4.1618   
536812.9955     5.6567    4.1545   
536812.9955     5.6985    4.1906   
536813.0955     5.6634    4.1224   
536813.1955     5.4551    4.2084   
536813.2955     5.3029    4.4131   
536813.2955     5.3587    4.4741   
536813.3955     5.4917    4.4996   
536813.4954     6.3718    4.4958   
536813.4954     5.9182    4.6505   
536813.5955     5.8498    4.7520   
536813.6955     5.8459    4.7283   
536813.7955     5.9016    4.6584   
536813.7955     5.8743    4.6143   
536813.8973     5.9070    4.4410   
536813.9955     5.9317    4.3579   
536813.9955     5.8257    4.2414   
536814.0956     6.0381    4.1563   
536814.1955     6.2048    4.0519   
536814.1955     5.8755    4.1667   
536814.2955     6.0718    4.0459   
536814.3955     5.9928    3.9862   
536814.4955     6.3349    3.7559   
536814.4955     6.2316    3.7475   
536814.5954     6.1354    3.9093   
536814.6955     5.7465    4.3033   
536814.7955     5.6003    4.3635   
536814.7955     5.4062    4.4457   
536814.8955     5.3245    4.5959   
536814.9955     5.5499    4.4942   
536814.9955     5.6839    4.5955   
536815.0955     5.4978    4.4098   
536815.1955     5.2734    4.4087   
536815.2955     5.0858    4.4556   
536815.2955     4.9486    4.5345   
536815.3956     4.8595    4.5960   
536815.4965     4.5606    4.7661   
536815.5965     4.5812    4.8475   
536815.6966     4.5524    4.8497   
536815.6966     4.7664    4.8313   
536815.7965     5.1494    4.6255   
536815.8965     5.4419    4.2228   
536815.9965     5.6715    4.0778   
536816.1415     6.0221    4.0604   
536816.1415     5.9609    3.9927   
536816.2435     5.8585    3.9675   
536816.3415     5.3149    4.1336   
536816.3415     5.3723    4.0992   
536816.4415     5.5974    3.9471   
536816.5415     5.5972    3.9031   
536816.5415     5.4471    3.8820   
536816.6415     5.3093    3.9987   
536816.7415     5.2205    4.1188   
536816.8425     5.1856    4.2742   
536816.9425     5.0791    4.2617   
536817.0425     5.0619    4.1170   
536817.0425     5.0824    4.2874   
536817.1425     5.1785    4.3427   
536817.2429     5.2080    4.2320   
536817.2429     5.2641    4.1825   
536817.3425     5.3131    4.0339   
536817.4425     5.3469    3.9613   
536817.5426     5.1730    4.1337   
536817.6425     5.3341    4.1548   
536817.7438     5.5037    4.2981   
536817.8437     5.7786    4.1238   
536817.8437     5.7494    3.9859   
536817.9955     5.8972    3.3589   
536817.9955     5.7134    3.1161   
536818.0956     5.7556    3.3461   
536818.3955     4.7191    3.2465   
536818.4955     4.7340    3.2221   
536818.4955     4.7867    2.9787   
536818.5955     5.2678    2.4052   
536818.5955     6.0900    3.3109   
536818.6955     6.3524    3.2627   
536818.7955     6.1257    3.4278   
536818.7955     5.8829    3.1942   
536818.9955     5.1196    3.7937   
536819.0955     5.2396    3.8436   
536819.0955     5.3235    4.0460   
536819.1955     5.4810    4.0092   
536819.1955     5.3740    3.9037   
536819.2955     5.2208    3.3500   
536819.3955     5.1063    3.0497   
536819.4955     5.1897    2.8991   
536819.5955     5.5500    2.9884   
536819.5955     5.6196    2.9919   
536819.6955     5.7811    2.9477   
536819.8955     5.3984    2.8306   
536819.9955     5.3380    2.8134   
536819.9955     5.3958    2.8794   
536820.0955     5.6173    2.8917   
536820.1955     5.6800    2.8880   
536820.2955     5.7629    3.2179   
536820.3955     5.5922    3.3849   
536820.4955     5.2868    3.1855   
536820.5955     5.2397    3.2162   
536820.6955     5.2007    3.2585   
536821.0405     5.4104    3.1377   
536821.1405     5.3548    3.0818   
536821.2405     5.6320    3.0932   
536821.3405     6.6887    3.1733   
536821.4417     7.1784    3.4978   
536821.5405     7.8236    3.8079   
536821.6355     7.0485    3.7393   
536821.7355     6.1816    3.2918   
536821.7355     5.8951    3.0837   
536821.8356     6.0416    3.2630   
536822.3355     7.3338    3.0452   
536822.4355     7.7923    3.7134   
536822.5355     6.6458    3.2935   
536822.6355     6.5239    3.3008   
536822.7355     6.2209    3.3480   
536822.9355     6.1523    3.4976   
536823.0355     5.7207    3.6796   
536823.0355     5.4836    3.6783   
536823.1355     4.3318    3.9386   
536823.2355     4.3441    4.2094   
536823.2355     4.2086    4.2411   
536823.3356     4.6439    4.1696   
536823.3356     4.5111    4.2337   
536823.4355     5.0718    4.2442   
536823.4355     4.9428    4.0718   
536823.5355     5.9045    4.2097   
536823.5355     6.1464    4.2305   
536823.6363     5.5675    4.2614   
536823.7355     5.4950    4.1593   
536823.7355     5.2837    4.1171   
536823.8355     3.9579    3.8607   
536823.8355     3.8187    3.7697   
536823.9355     3.5883    3.8281   
536823.9355     3.6530    3.8521   
536824.1355     3.4780    3.8853   
536824.2355     3.3158    3.8116   
536824.5355     2.9337    3.5889   
536824.8355     2.7019    3.5033   
536825.2354     2.6004    3.5476   
536825.5355     2.6899    3.2882   
536825.8365     3.0699    3.1064   
536826.0365     3.5763    3.2342   
536826.2365     3.9994    3.4570   
536826.4365     4.0999    3.8498   
536826.7365     3.8133    4.1704   
536826.9365     3.6252    4.3461   
536827.1365     3.5417    4.2627   
536827.3365     3.7428    4.1336   
536827.6365     4.0663    4.0613   
536827.7365     4.2039    3.9127   
536827.9365     4.2846    3.8374   
536828.1365     4.4085    3.9201   
536828.2365     4.5585    4.0017   
536828.4385     4.7608    3.8235   
536828.5385     4.8974    3.8477   
536828.7385     5.3162    3.8537   
536828.8385     5.6014    3.8928   
536829.0385     5.2374    3.9246   
536829.2387     5.4375    3.9614   
536829.3385     5.2252    3.7172   
536829.5385     5.4767    3.3083   
536829.7385     5.4565    2.8507   
536829.8385     5.5606    3.0625   
536830.0385     5.6845    3.5705   
536830.1385     5.5060    3.5269   
536830.3385     5.5254    3.3591   
536830.4395     5.6094    3.2012   
536830.5389     5.6027    3.2508   
536830.6385     5.7856    3.4234   
536830.7386     5.4873    3.3592   
536830.7386     5.4712    3.3402   
536830.9385     5.3687    2.9696   
536831.0385     5.3518    2.8240   
536831.1386     5.4220    2.9321   
536831.2386     5.5812    3.1264   
536831.3385     5.7000    3.3566   
536831.4386     5.8476    3.6198   
536831.9386     7.5146    3.5319   
536832.1386     7.5450    3.2780   
536832.2386     7.6852    3.3764   
536832.2386     7.7813    3.3711   
536832.3386     7.9787    3.5353   
536832.4386     8.1854    3.5556   
536832.5386     8.3625    3.4879   
536832.6385     8.7087    3.5542   
536832.8385     8.9600    3.8861   
536832.9385     9.1785    4.0195   
536833.3385     9.1912    3.6310   
536833.4386     9.2823    3.6584   
536833.4836     9.2531    3.7997   
536833.5836     9.2476    3.8302   
536833.6836     9.1264    3.6056   
536833.8345     8.9535    3.6900   
536833.9345     9.2863    3.6820   
536834.0353     9.2378    3.7210   
536834.0353     9.1984    3.6925   
536834.1345     9.2289    3.8435   
536834.2345     9.2632    3.9111   
536834.3845     9.0206    4.0027   
536834.4845     9.0697    4.0534   
536834.5845     9.0875    4.1482   
536834.6847     9.1292    4.1987   
536834.7845     9.1428    4.0871   
536834.8844     9.2386    4.1917   
536834.9845     9.3574    4.2987   
536835.0845     9.4432    4.2976   
536835.1845     9.6763    4.4566   
536835.1845     9.7284    4.4682   
536835.2845     9.7670    4.5912   
536835.3845     9.8035    4.4838   
536835.4845     9.7688    4.4643   
536835.4845     9.7085    4.4306   
536835.5795     9.7772    4.4254   
536835.6795     9.7849    4.2151   
536835.7795     9.6982    4.3026   
536835.8795     10.0930   4.3347   
536835.9800     10.4445   4.3264   
536836.0795     11.5819   4.4220   
536836.1795     11.9871   4.2209   
536836.2795     12.0054   3.8950   
536836.3795     11.4100   3.3843   
536836.3795     11.0806   3.5625   
536836.4795     11.5937   3.4362   
536836.5795     12.5074   3.3440   
536836.5795     13.8863   3.4779   
536836.6807     15.0718   3.0981   
536836.7795     15.6035   3.2703   
536836.8811     15.8064   3.4319   
536836.9811     16.5079   2.9932   
536837.0811     16.8325   2.7083   
536837.0811     17.2971   2.8324   
536837.1811     17.5407   2.9651   
536837.1811     17.7884   3.2047   
536837.1811     17.9081   3.2896   
536837.2813     18.0897   3.1324   
536837.2813     18.2298   3.0934   
536837.3811     18.4302   3.0982   
536837.3811     18.5577   3.1542   
536837.4811     18.8673   3.2579   
536837.4811     18.9630   3.4176   
536837.5811     19.2964   3.6142   
536837.5811     18.9930   3.6404   
536837.6811     19.6195   3.5334   
536837.6811     20.0157   3.7261   
536837.7811     19.8618   3.6577   
536837.7811     21.1159   4.0459   
536837.8811     21.7323   4.1756   
536837.8811     22.1461   4.2771   
536837.9811     21.9320   4.2360   
536837.9811     22.0205   4.2597   
536838.0812     22.6700   4.5603   
536838.0812     23.7747   4.8376   
536838.1811     24.5709   5.2336   
536838.2811     25.5931   5.5638   
536838.2811     25.5443   5.5943   
536838.3811     24.9713   5.4362   
536838.3811     24.5316   5.3272   
536838.4811     25.0860   5.2986   
536838.4811     24.5887   5.1615   
536838.4811     24.1224   4.9709   
536838.5811     23.6007   4.7448   
536838.6811     22.7981   4.4730   
536838.6811     22.1269   4.3739   
536838.7811     21.5756   4.1203   
536838.8811     20.5189   3.8391   
536838.9811     20.4830   3.7557   
536838.9811     19.9077   3.4847   
536839.0822     18.1519   2.8802   
536839.0822     18.2460   2.8983   
536839.1775     17.9833   2.9229   
536839.2785     17.2106   2.8013   
536839.2785     16.6151   2.6493   
536839.3790     16.5732   2.3388   
536839.3790     16.2185   2.1817   
536839.4785     15.0735   1.9656   
536839.4785     14.9145   1.9184   
536839.5785     15.3803   1.8416   
536839.5785     14.9757   1.7817   
536839.7785     15.6540   1.8107   
536839.7785     15.4836   1.7406   
536839.8785     15.2059   1.6021   
536839.8785     14.8909   1.7126   
536839.9785     13.6100   1.5019   
536839.9785     13.7564   1.3689   
536840.0785     13.7564   1.1258   
536840.0785     13.6795   1.0737   
536840.3785     15.6124   1.2480   
536840.4785     16.3738   1.4983   
536840.5785     16.3786   1.4966   
536840.6785     16.5351   1.4736   
536840.6785     16.6639   1.6105   
536840.7785     16.3216   1.6136   
536840.7785     16.1834   1.6887   
536840.8785     16.1400   1.5888   
536840.9785     16.2478   1.6771   
536841.0785     15.9028   1.4643   
536841.1785     16.0131   1.2547   
536841.1785     16.1349   1.0254   
536841.2785     16.2106   0.6857   
536841.3786     16.2113   0.5351   
536841.4785     16.3885   0.3864   
536841.5796     16.4183   0.6165   
536841.5796     16.1539   0.9058   
536841.6797     15.7156   1.3029   
536841.7785     15.7860   1.3526   
536841.8785     15.8889   1.6040   
536841.9785     15.3797   1.2580   
536841.9785     15.5804   1.1800   
536842.0791     15.6456   1.2925   
536842.1785     15.6444   1.5175   
536842.2785     15.5717   1.6663   
536842.3787     15.6843   1.7885   
536842.4785     15.9570   1.9275   
536842.6785     16.5054   2.5491   
536842.7800     16.3190   2.5174   
536842.8785     15.8603   2.3327   
536842.9785     15.8043   2.1516   
536842.9785     15.7753   2.1124   
536843.1785     15.5630   2.2115   
536843.2786     15.9217   2.6283   
536843.3785     15.9774   2.8787   
536843.4785     15.7135   3.0319   
536843.5785     15.4908   2.7707   
536843.6793     15.6710   2.6450   
536843.7785     15.6023   2.5595   
536843.9786     16.3494   2.3931   
536844.0785     16.3173   2.3268   
536844.1807     16.4644   2.3684   
536844.3787     16.5665   2.6095   
536844.4785     16.4555   2.6412   
536844.5785     16.5341   2.5770   
536844.7785     16.7203   2.6734   
536844.8785     16.8301   2.7222   
536844.9785     16.8428   2.6732   
536845.1785     16.9877   2.8300   
536845.2785     16.7034   2.9891   
536845.3788     16.7783   3.0148   
536845.4786     16.8482   3.1453   
536845.7785     17.4578   3.0563   
536845.9785     17.6236   3.0942   
536846.0785     17.6173   3.2091   
536846.2785     17.6154   3.0900   
536846.4235     17.5863   2.9752   
536846.6235     17.5147   2.9829   
536846.7235     16.9560   2.9037   
536846.8235     17.2960   3.0383   
536846.9235     17.4599   2.9714   
536847.2235     18.0938   2.8153   
536847.4234     18.2733   2.7380   
536847.6235     18.5732   2.7474   
536847.8235     18.9905   2.7771   
536848.0235     19.1856   2.6418   
536848.1235     19.5711   2.2825   
536848.3235     19.9452   1.9167   
536848.5185     20.1850   1.8777   
536848.7185     20.1678   1.9720   
536848.8635     20.3205   2.4218   
536849.1645     20.9437   2.4356   
536849.3145     21.2331   2.0854   
536849.5145     21.9739   2.3443   
536849.7145     22.6427   3.1500   
536849.9154     22.6680   3.9728   
536850.0595     22.2867   4.0101   
536850.1595     21.9198   5.0373   
536850.3595     22.0474   5.8297   
536850.5595     22.1715   6.4620   
536850.6595     22.2642   6.8629   
536850.8595     23.0258   5.5878   
536851.0595     23.8918   4.7472   
536851.2597     26.0434   3.8555   
536851.3595     26.5962   3.1447   
536851.4595     26.8772   3.3211   
