536558.6805     4.2342    2.7055   
536558.6805     4.2796    2.7257   
536558.6805     4.2849    2.7036   
536558.6805     4.3016    2.7036   
536558.6805     4.3524    2.7191   
536558.6805     4.3400    2.7149   
536558.7805     4.4979    2.7187   
536558.7805     4.4957    2.6996   
536558.7805     4.4266    2.6458   
536559.0806     3.6537    2.7976   
536559.1805     3.4774    1.9533   
536559.1805     3.4816    1.9434   
536559.2805     3.6016    2.2733   
536559.2805     3.5614    2.3331   
536559.3806     3.2196    1.6033   
536559.3806     3.3718    1.6825   
536559.4805     3.3634    2.0376   
536559.4805     3.3150    2.0570   
536559.5805     2.7231    2.1828   
536559.6805     2.6738    2.2749   
536559.7806     2.9137    2.2597   
536559.8805     3.3837    2.1853   
536559.8805     2.8731    1.8858   
536559.9805     2.7732    1.8534   
536559.9805     2.9758    1.9417   
536560.0805     2.4329    1.7856   
536560.1805     2.3727    1.8322   
536560.1805     2.2859    1.7648   
536560.2805     2.2955    1.9233   
536560.3805     2.6792    2.0626   
536560.3805     2.6743    2.1540   
536560.4805     2.7289    2.1138   
536560.5805     2.9729    2.1864   
536560.5805     2.6125    1.9527   
536560.6805     2.9274    2.1376   
536560.7805     2.9591    2.4214   
536560.8807     3.3279    2.8413   
536560.9805     3.4055    3.0418   
536561.0806     3.2352    2.9108   
536561.0806     3.1846    2.8860   
536561.1805     2.7164    2.5156   
536561.2813     2.2697    2.1868   
536561.2813     2.3315    2.2129   
536561.3805     2.3488    2.0661   
536561.4805     2.2902    1.9078   
536561.5806     2.6064    2.1467   
536561.6817     2.5650    2.2627   
536561.7805     2.6013    2.2621   
536561.8805     2.9009    2.2401   
536561.9805     2.9976    2.3322   
536562.0805     2.9167    2.4882   
536562.1811     2.8227    2.3747   
536562.2819     2.9083    2.4712   
536562.3835     2.9576    2.6405   
536562.4840     3.2886    2.7498   
536562.5835     3.5033    2.7054   
536562.7835     3.4326    2.6806   
536562.8835     3.4711    2.6894   
536562.9835     4.3808    2.7998   
536563.0785     4.4972    2.6865   
536563.1785     4.0203    2.4554   
536563.2795     4.5657    3.0173   
536563.3795     4.6214    3.2482   
536563.4801     4.8161    3.2516   
536563.5796     4.6509    3.1385   
536563.6795     3.8594    2.5643   
536563.7795     3.3990    2.2129   
536563.8795     3.2631    2.3510   
536563.9803     2.8928    2.0911   
536564.0795     2.2329    1.9613   
536564.1795     2.3490    2.2555   
536564.2795     2.6233    2.6222   
536564.3795     2.3869    2.7182   
536564.4795     2.4736    3.2282   
536564.4795     2.5149    3.2604   
536564.5795     2.4005    3.6174   
536564.6795     2.3131    3.6135   
536564.7795     2.0413    3.5192   
536564.8809     2.2535    3.3870   
536564.9795     3.2228    3.5636   
536565.0816     3.6431    2.8583   
536565.1811     3.4837    2.0742   
536565.2795     3.5052    1.7053   
536565.3795     3.5978    2.2569   
536565.4803     3.7454    1.9961   
536565.5795     3.5375    2.3393   
536565.6798     2.3669    2.0693   
536565.6798     2.2806    2.0109   
536565.7795     2.0449    1.6529   
536565.8795     2.5026    1.3273   
536566.0805     2.7168    1.7129   
536566.1805     2.7202    1.9088   
536566.2814     2.6528    1.7028   
536566.3785     2.4561    1.6367   
536566.4785     2.2928    1.5980   
536566.5785     2.0787    1.5933   
536566.5785     2.0293    1.5612   
536566.6785     2.0941    1.6085   
536566.7802     1.9395    1.5203   
536566.8785     1.6856    1.3613   
536566.9785     1.8339    1.3741   
536567.0785     1.9685    1.3659   
536567.1785     1.7933    1.2991   
536567.2785     2.1410    1.4477   
536567.3785     2.3133    1.6780   
536567.4786     2.4016    1.8292   
536567.5785     2.3841    1.8541   
536567.6243     1.7855    1.5833   
536567.7235     1.8494    1.7883   
536567.8235     2.0417    1.8985   
536567.9235     2.1768    1.9617   
536568.0235     2.2527    1.6907   
536568.1235     2.3430    1.7398   
536568.2235     2.5954    1.9216   
536568.3235     2.5338    1.9132   
536568.4235     2.5789    2.6141   
536568.5235     2.3954    2.0882   
536568.6235     2.3844    1.5309   
536568.7235     2.2856    1.2251   
536568.8236     2.2346    1.7775   
536568.9235     2.1083    2.2396   
536569.0236     1.5386    2.3345   
536569.1236     1.0565    1.8755   
536569.2235     1.2098    1.3491   
536569.3235     0.9492    1.1589   
536569.7245     1.2471    1.6691   
536569.8245     1.6686    1.6979   
536569.9245     2.0237    1.8334   
536570.0245     2.4622    2.0435   
536570.1245     2.8899    2.3891   
536570.2245     3.1455    2.5514   
536570.3245     2.8565    2.2760   
536570.4245     2.6352    2.0958   
536570.5745     2.2143    1.9128   
536570.7195     1.7730    1.8680   
536570.8195     1.5911    1.8543   
536570.9195     1.6523    1.9059   
536571.0195     1.6750    1.9406   
536571.1199     1.7881    1.8693   
536571.2195     1.9793    1.9017   
536571.3195     1.7717    1.6062   
536571.4195     2.1196    1.8179   
536571.5195     2.2703    1.9263   
536571.6196     2.3263    1.9286   
536571.7201     2.4069    1.8860   
536571.8195     2.3520    1.7421   
536571.9200     2.2730    1.4778   
536572.1195     1.3310    0.9420   
536572.2195     1.2633    0.8724   
536572.3195     1.2088    0.8848   
536572.4195     1.3056    0.7534   
536572.5195     1.2837    0.6907   
536572.6201     1.2842    0.7128   
536572.7201     1.4632    0.8844   
536572.8201     1.4448    0.9409   
536572.9201     1.4108    0.8050   
536573.1201     0.5855    0.6823   
536573.2201     0.3162    0.8463   
536573.3201     0.3453    0.8791   
536573.4201     0.3715    0.8632   
536573.5201     0.4638    0.5446   
536573.6201     0.6081    0.4587   
536573.7201     0.4863    0.0809   
536573.8201     0.8913    0.6994   
536573.9201     1.5874    1.4036   
536574.0201     2.5529    2.2327   
536574.1201     3.0332    2.8771   
536574.1201     2.9379    2.8230   
536574.2201     2.6151    2.8958   
536574.3201     0.7842    2.0050   
536574.4201     0.9976    1.1638   
536574.5201     2.7995    1.2949   
536574.6201     2.7489    0.9428   
536574.7201     3.6812    0.8297   
536574.7201     4.0525    0.7996   
536574.8214     4.3154    0.8548   
536574.8214     4.1086    0.6798   
536574.9151     3.5994    0.9194   
536574.9151     3.5887    1.0442   
536575.0151     3.3196    1.2753   
536575.0151     3.2236    1.1647   
536575.1151     3.6131    0.9555   
536575.1151     3.9804    1.0388   
536575.2151     3.9357    1.1785   
536575.2151     3.7158    0.8540   
536575.3151     3.6324    0.7453   
536575.3151     3.3381    0.5591   
536575.4152     3.0647    0.6164   
536575.4152     2.9281    0.6993   
536575.5155     2.7759    0.8147   
536575.6151     3.0802    0.7258   
536575.7151     2.9106    0.6976   
536575.8160     2.7424    0.8669   
536575.8160     2.6725    0.8114   
536575.9166     2.5886    0.9217   
536575.9166     2.4535    0.7879   
536576.0154     2.1534    0.7004   
536576.1157     2.0626    0.6906   
536576.2151     2.0808    0.7496   
536576.2151     2.1220    0.7602   
536576.3151     2.2112    0.8984   
536576.4151     2.0068    0.8383   
536576.5169     1.9565    0.7496   
536576.6176     1.9932    0.6530   
536576.7151     2.0280    0.6595   
536576.8151     2.1610    0.7285   
536576.9151     2.2376    0.8567   
536577.0153     2.1596    0.7901   
536577.0153     1.9704    0.7006   
536577.1159     1.8875    0.6395   
536577.2151     2.0214    0.7669   
536577.3151     2.3745    1.0056   
536577.3151     2.1150    0.9601   
536577.4151     1.8930    0.9909   
536577.5151     1.9054    1.1804   
536577.6153     1.9725    1.3322   
536577.7151     2.1123    1.6683   
536577.8151     2.1761    2.1206   
536577.9151     2.2031    2.5901   
536578.0151     2.2599    3.0982   
536578.1151     2.6508    3.6644   
536578.2151     2.7338    3.6669   
536578.3151     2.6311    3.1056   
536578.4160     2.5420    2.0620   
536578.5151     2.6309    1.0323   
536578.6151     2.4910    0.8565   
536578.7151     2.3484    1.2703   
536578.8151     2.2198    1.2378   
536578.9151     2.2213    1.3003   
536579.0151     2.2491    1.3350   
536579.1151     2.2736    1.0615   
536579.2151     2.2443    1.0417   
536579.3168     2.3565    1.1967   
536579.4151     2.4533    0.8689   
536579.6151     2.3285    0.5475   
536579.7151     2.3668    1.0966   
536579.8151     2.8285    1.1279   
536579.9155     2.9325    0.6147   
536580.0151     3.1747    0.7376   
536580.1152     2.6167    0.6179   
536580.3151     3.1195    1.1186   
536580.5151     2.3196    1.1286   
536580.6163     2.3710    0.4616   
536580.7151     3.5198    0.6921   
536580.8645     3.8735    1.1156   
536580.9645     3.5560    0.9891   
536581.1151     2.8546    0.7343   
536581.2145     2.7923    0.7126   
536581.3150     2.8753    0.7689   
536581.5152     2.8800    0.7879   
536581.6145     2.8607    0.9195   
536581.7145     2.7952    0.9857   
536581.8150     2.5579    1.1106   
536581.9144     2.2231    1.3305   
536582.0545     2.0209    1.4769   
536582.3045     1.6820    1.7863   
536582.3569     1.6263    1.7076   
536582.5045     1.6157    1.1813   
536582.6045     1.7635    0.9093   
536582.6995     1.7818    0.8162   
536582.7995     1.9209    0.7640   
536582.8995     2.1593    0.8192   
536582.9995     2.4640    0.8876   
536583.0995     2.8436    1.0980   
536583.1995     2.7532    1.0955   
536583.3995     2.7304    1.0736   
536583.4995     2.2259    0.9403   
536583.5995     2.1708    0.8089   
536583.6995     2.3901    0.8520   
536583.7995     2.5675    0.9258   
536583.8995     2.5924    0.8911   
536583.9995     2.2837    0.6817   
536584.0995     2.2069    0.6861   
536584.2995     2.4526    0.8246   
536584.3995     2.5423    0.8862   
536584.4995     2.8481    1.2096   
536584.5995     2.8434    1.4239   
536584.6995     2.8389    1.4969   
536584.7995     2.6170    1.5706   
536584.8995     2.4529    1.4936   
536584.9995     2.3236    1.4668   
536585.0995     2.3172    1.5460   
536585.1995     2.2726    1.5361   
536585.2995     2.1449    1.4359   
536585.3995     2.1878    1.2834   
536585.4995     2.1543    1.1724   
536585.5995     1.9729    1.0201   
536585.6995     1.6717    0.9045   
536585.7995     1.2803    0.7553   
536585.8995     0.9375    0.5986   
536585.9995     0.9228    0.7044   
536586.0995     0.9269    1.0903   
536586.1995     1.1100    1.2594   
536586.2994     1.1589    1.5747   
536586.3995     0.8639    1.2600   
536586.4995     0.9756    0.7897   
536586.5995     1.0725    0.7901   
536586.6995     2.5442    2.0619   
536586.7995     3.9757    2.7811   
536586.8995     4.8565    3.8120   
536586.9995     5.4699    4.5282   
536587.0994     5.1160    4.9947   
536587.1995     4.3039    4.9242   
536587.2995     3.5908    4.5037   
536587.3995     3.3987    4.1579   
536587.4995     3.6199    3.3880   
536587.5995     3.3001    2.8093   
536587.6994     2.8329    1.7359   
536587.7995     2.6043    1.3804   
536587.8995     2.3081    1.3681   
536587.9995     2.1076    1.2633   
536588.0995     1.9968    2.3019   
536588.1995     1.8234    3.0212   
536588.2995     1.7971    2.9024   
536588.3995     1.8664    2.2861   
536588.4995     1.9564    1.5624   
536588.5995     1.5975    0.8411   
536588.6995     1.5184    0.6790   
536588.7995     1.6757    1.8170   
536588.8995     1.5094    3.0594   
536588.8995     1.4902    3.0572   
536588.9995     1.3709    4.1464   
536589.0995     1.6421    3.7838   
536589.1995     2.1209    2.6127   
536589.2995     1.7655    1.4964   
536589.3995     1.0964    1.7295   
536589.4995     1.4077    2.0241   
536589.5995     2.3484    2.1704   
536589.6995     4.1343    1.3570   
536589.7995     3.9323    0.9029   
536589.8995     3.4089    1.0959   
536589.9995     2.8076    1.7173   
536590.0995     3.6314    1.3893   
536590.1995     3.9560    0.9534   
536590.2995     4.2322    0.5493   
536590.5998     2.5591    1.0884   
536590.6995     2.0119    1.5490   
536590.7995     2.0198    1.5161   
536590.8995     2.3880    1.3983   
536590.9994     2.3159    1.7191   
536591.2995     1.9140    1.8387   
536591.3995     1.7898    2.0256   
536591.4995     1.7996    1.8489   
536591.6995     1.9388    1.2807   
536591.7945     1.9289    1.1245   
536591.8945     1.9511    1.0040   
536591.9945     1.9503    1.0510   
536591.9945     1.7961    1.0930   
536592.1945     1.7002    1.2158   
536592.2945     1.4415    1.3879   
536592.3945     1.1755    1.5979   
536592.6445     1.1877    1.7894   
536592.7445     1.1959    1.8563   
536593.1445     1.1412    2.5031   
536593.2445     1.4374    2.3130   
536593.3445     1.7493    1.9854   
536593.4450     1.9130    1.8120   
536593.5445     1.9145    1.7034   
536593.6944     1.9233    0.9132   
536593.7945     1.9610    0.5022   
536593.8945     2.0379    0.6431   
536594.8395     1.8447    0.8014   
536595.0395     2.0550    0.9789   
536595.1395     2.1324    0.7730   
536595.2395     1.7935    0.9228   
536595.4395     1.7565    1.0136   
536595.5395     1.2592    0.8578   
536595.6395     1.4068    0.2549   
536595.7395     1.4676    0.6482   
536595.8395     1.8915    0.7666   
536595.9395     2.0268    0.8565   
536596.0414     2.0376    0.9896   
536596.1395     2.2981    1.2510   
536596.2395     2.8130    1.5695   
536596.3395     2.8649    2.0063   
536596.4395     2.3665    2.5369   
536596.5395     2.4731    2.7575   
536596.6395     2.7397    2.7230   
536596.7395     3.0513    2.5970   
536596.8395     2.9215    2.5258   
536596.9395     2.7695    2.5569   
536597.1395     2.6268    2.1493   
536597.2395     2.6708    1.9301   
536597.3395     2.6709    1.8474   
536597.4395     2.4555    1.9035   
536597.5395     2.2732    2.1927   
536597.6395     2.1495    2.4514   
536597.7395     1.9629    2.8614   
536598.0395     1.5858    2.8443   
536598.1395     1.6116    2.2909   
536598.2395     1.6806    1.8836   
536598.3395     1.7405    1.6997   
536598.6395     1.6731    1.5756   
536598.7347     1.5495    1.2233   
536598.8345     1.5723    0.8469   
536598.9345     1.6711    0.4733   
536599.1345     1.8432    0.3544   
536599.2345     1.7528    0.5555   
536599.3345     1.5342    0.8174   
536599.6845     1.5751    1.0332   
536599.7845     1.4096    1.2317   
536599.9845     1.1935    1.5534   
536600.0845     0.6936    2.0456   
536600.1845     0.4888    2.5088   
536600.3845     0.6675    2.5842   
536600.5345     0.6449    2.6254   
536600.6345     0.4964    2.8373   
536600.7345     0.2506    3.1837   
536600.8345     1.4846    3.0077   
536601.0345     1.4985    2.6456   
536601.1345     1.7383    1.8652   
536601.3345     0.8318    2.1977   
536601.4845     0.0873    2.9475   
536601.5845     0.4020    2.8452   
536601.6845     1.8731    1.9159   
536601.8845     2.9229    1.0289   
536601.9845     3.6545    0.7565   
536602.0845     3.4094    1.1043   
536602.2845     2.4472    2.0274   
536602.4345     1.4426    1.3767   
536602.5345     1.3559    1.4267   
536602.6345     2.3472    1.2457   
536602.7345     3.1837    1.1018   
536602.8345     3.3170    1.0973   
536603.0345     2.6440    1.4742   
536603.1345     1.7991    2.0552   
536603.2345     1.4587    2.3984   
536603.3845     2.5372    1.4386   
536603.4845     2.8158    1.3089   
536603.5845     2.7616    1.2350   
536603.6845     2.4980    1.2785   
536603.7845     2.3020    1.1504   
536603.8845     2.5517    0.9238   
536603.8845     2.8065    0.9699   
536603.9847     2.8202    1.0943   
536604.1845     2.6449    1.1960   
536604.2845     2.5572    1.2227   
536604.3345     2.6304    1.3196   
536604.4345     2.7803    1.3492   
536604.5345     2.8486    1.5708   
536604.6345     2.7781    1.8157   
536604.7345     2.8042    1.8092   
536604.8345     2.8488    1.8876   
536604.9345     3.0468    1.8407   
536605.0345     2.9615    1.8821   
536605.0345     2.9885    1.8975   
536605.1345     2.8035    1.9183   
536605.2345     2.5295    1.8618   
536605.3345     2.4319    1.6510   
536605.4845     2.5226    1.2833   
536605.5845     2.5010    1.0599   
536605.6845     1.9313    1.0077   
536605.7845     1.8614    0.9501   
536605.8845     1.9700    0.8070   
536605.9845     2.0754    0.7543   
536606.0846     2.2364    0.8036   
536606.1845     2.0343    0.6817   
536606.4345     1.7507    0.5243   
536606.5345     1.7214    0.8695   
536606.6345     1.7262    0.7423   
536606.7345     1.7735    0.4002   
536606.8345     1.9559    0.5548   
536606.9345     1.9322    0.0785   
536607.0345     1.8829    0.2040   
536607.1345     1.7770    0.2712   
536607.2845     1.8905    0.6001   
536607.3845     1.8903    0.6157   
536607.4845     1.8852    0.5589   
536607.5845     1.7617    0.5546   
536607.6845     1.5946    0.7178   
536608.1345     1.3608    0.5479   
536608.2345     1.2498    0.9675   
536608.3345     1.2753    1.1340   
536608.4345     1.3550    1.5099   
536608.5345     1.4118    1.5490   
536608.6345     1.3825    1.7698   
536608.7345     1.1511    2.4075   
536608.8345     1.0516    2.7405   
536608.9345     1.0647    3.2483   
536609.0345     1.2194    3.4424   
536609.1845     1.7686    2.3563   
536609.3845     1.9748    1.2287   
536609.5846     1.7092    1.7954   
536609.6845     1.2105    1.3492   
536609.7795     0.9804    1.5306   
536609.8795     1.6381    1.9874   
536609.9795     1.6918    2.3414   
536610.0795     1.5193    1.9743   
536610.1795     1.3798    1.5964   
536610.2795     1.8910    1.9012   
536610.3795     1.8830    2.2640   
536610.4795     1.3288    2.3499   
536610.5795     3.0041    2.1065   
536610.6795     5.4460    2.8291   
536610.7795     6.5469    3.6125   
536610.8795     6.1716    3.5067   
536610.9795     3.8094    3.1534   
536611.0795     2.2550    2.4903   
536611.1795     1.6520    1.6592   
536611.2795     2.5745    1.1950   
536611.3795     4.7274    2.6140   
536611.6795     3.2336    3.6735   
536611.7795     3.0093    2.2090   
536611.8795     3.2431    2.0077   
536611.9795     3.7395    2.4250   
536612.0795     4.2113    3.3612   
536612.1795     3.9973    3.7535   
536612.2795     3.4754    3.2718   
536612.3794     3.0951    2.5259   
536612.4795     3.2761    2.0105   
536612.5795     3.4994    1.8851   
536612.6745     3.4452    1.9273   
536612.6745     3.0343    1.8708   
536612.7745     2.5543    1.7261   
536612.8745     2.6540    1.9431   
536612.9245     3.0651    2.1378   
536613.0245     3.1935    2.1153   
536613.1248     2.9892    2.3599   
536613.2245     3.4796    2.7150   
536613.4245     3.6104    2.7461   
536613.5245     3.3529    2.5885   
536613.6245     3.0716    2.4517   
536613.7245     2.9465    2.1812   
536613.8245     2.7328    1.6442   
536613.9745     2.7751    1.3901   
536614.0746     2.6854    1.5254   
536614.1745     2.5140    1.4870   
536614.2745     2.5242    1.4359   
536614.3745     2.6374    1.2322   
536614.5745     2.8417    1.2414   
536614.9245     3.2719    2.2714   
536615.0245     3.6201    2.1579   
536615.1245     3.7103    1.9521   
536615.3245     3.3749    1.9591   
536615.3245     3.0076    1.8113   
536615.4247     2.1225    1.3985   
536615.5245     1.9784    1.0687   
536615.9787     1.2991    0.6195   
536616.0787     1.1309    1.1846   
536616.1787     1.5030    1.4093   
536616.8787     2.1636    0.9205   
536616.9787     3.1094    1.6938   
536616.9787     3.5337    2.2367   
536617.0787     2.7538    2.1435   
536618.0787     2.1036    1.4868   
536618.1787     2.5764    1.4459   
536618.2787     2.4728    1.4277   
536618.3787     2.3177    1.3636   
536618.4787     2.1108    1.4314   
536618.5787     2.0650    1.5612   
536618.6788     2.1722    1.6456   
536618.7787     2.1128    1.5774   
536618.8787     2.1614    1.6466   
536619.1790     2.2418    1.4805   
536619.2787     2.1654    1.5344   
536619.3787     1.9837    1.3533   
536619.4787     1.8075    1.0998   
536619.5787     1.5135    1.0497   
536619.6787     1.4510    1.3960   
536619.7787     1.5332    1.7095   
536619.8787     1.5367    1.6156   
536619.9787     1.4501    1.1887   
536620.0789     1.0732    0.8904   
536620.1787     1.1516    0.8683   
536620.2787     1.3713    0.9236   
536620.3787     1.6729    1.1012   
536620.5787     1.8186    1.0942   
536620.7787     1.9837    0.8299   
536620.8787     1.9332    0.8231   
536620.9787     2.0086    1.0472   
536621.0787     2.3564    1.4879   
536621.2787     2.6552    1.9019   
536621.3787     2.8568    2.0662   
536621.4787     2.6950    2.2310   
536621.6237     2.6081    2.2680   
536621.7237     2.5738    2.3434   
536621.9237     2.7645    2.7349   
536622.0237     2.7606    2.8489   
536622.0237     2.7844    2.8966   
536622.2755     2.6957    2.4597   
536622.3755     2.5072    2.1300   
536622.4755     2.4611    1.9873   
536622.5755     2.1618    2.2435   
536622.6755     1.6125    2.3904   
536622.7755     1.8817    2.7655   
536622.7755     2.4668    3.1596   
536622.8755     2.4372    3.0994   
536622.9755     2.2756    2.9779   
536623.0755     2.6025    2.9954   
536623.1755     3.0148    3.1909   
536623.2755     3.5984    3.2475   
536623.2755     3.0592    2.9445   
536623.3755     2.3370    2.5072   
536623.4755     2.3808    2.3532   
536623.5755     2.2583    2.4985   
536623.5755     2.4471    2.6434   
536623.6755     3.2180    2.8012   
536623.7755     2.8746    2.7562   
536623.7755     2.2677    2.6462   
536623.8755     1.5139    2.5577   
536623.9755     1.9062    2.5075   
536623.9755     2.5114    2.7670   
536624.0755     2.7337    2.9222   
536624.1755     2.5614    2.9601   
536624.2755     1.7871    3.1793   
536624.3755     1.8026    3.3257   
536624.3755     2.5753    3.4261   
536624.4755     3.0724    3.5481   
536624.5755     2.7200    3.2819   
536624.6755     2.5633    3.2251   
536624.7755     2.5147    3.1960   
536624.8755     2.5704    3.1681   
536624.9755     2.3682    2.8743   
536625.0755     2.1080    2.6902   
536625.1755     2.4182    2.5827   
536625.2755     2.5226    2.5409   
536625.3755     2.3185    2.4945   
536625.4755     1.9922    2.3112   
536625.5755     2.1322    2.4664   
536625.6755     2.4289    2.4595   
536625.7755     2.6065    2.4452   
536625.8755     2.3707    2.3622   
536625.9755     2.2826    2.3135   
536626.0755     2.0813    2.1377   
536626.1755     2.0699    2.1844   
536626.2755     2.2215    2.1907   
536626.3754     2.2901    2.1966   
536626.4755     2.3534    2.2236   
536626.9205     2.2437    2.0129   
536627.0205     2.1196    2.0501   
536627.1205     2.1055    2.0733   
536627.2155     2.0701    2.1616   
536627.3155     2.1182    2.2739   
536627.5155     2.1805    2.2080   
536627.6157     2.9303    2.7232   
536627.7155     2.7975    2.6080   
536627.8155     1.6831    2.3710   
536628.0155     2.1306    2.2215   
536628.1155     2.3032    2.1666   
536628.3155     2.3056    2.5709   
536628.6155     1.8973    1.6184   
536628.7155     1.9929    1.8548   
536628.9639     1.9165    1.7445   
536629.0638     1.4746    0.6813   
536629.1639     1.7271    0.8522   
536629.2639     2.8744    1.6319   
536629.3589     2.6461    1.4091   
536629.4589     1.4175    0.6095   
536629.6589     2.5335    2.6157   
536629.7588     2.7202    2.8140   
536629.8588     1.7712    1.2452   
536629.9589     1.0427    0.8493   
536630.1588     0.6821    0.6521   
536630.2588     1.8131    1.1305   
536630.3589     3.0016    1.8959   
536630.5603     1.5105    1.6269   
536630.6596     1.7022    1.5225   
536630.7589     2.1264    1.4147   
536630.8588     1.8943    1.2749   
536630.9589     1.5755    1.1962   
536631.1589     1.7486    1.2083   
536631.3589     1.9513    1.3365   
536631.4589     1.8857    1.1780   
536631.5590     1.7025    0.7696   
536631.6589     1.7729    0.5785   
536631.7588     1.6878    0.5095   
536632.0589     1.4167    1.2612   
536632.1588     1.5836    1.1497   
536632.3589     1.9262    1.2461   
536632.4588     1.7003    1.1646   
536632.6593     1.3477    1.0014   
536632.7606     1.0849    0.9533   
536632.8589     1.3539    0.9161   
536632.9038     1.3274    0.9449   
536633.0039     1.1615    0.9572   
536633.1039     1.3150    0.9122   
536633.2039     1.5925    0.9855   
536633.2039     1.8032    1.0462   
536633.3552     1.5307    0.7423   
536633.4039     1.3343    0.6780   
536633.5039     1.5057    0.6824   
536633.6038     1.8005    0.9314   
536633.7039     1.7564    1.1603   
536633.8038     1.5403    1.1662   
536633.9038     1.4602    1.0435   
536634.0038     1.3877    0.9359   
536634.1038     1.6806    1.3547   
536634.2038     1.7463    1.4723   
536634.3039     1.3373    1.4051   
536634.4038     1.3631    1.2947   
536634.5038     1.5919    1.2500   
536634.7038     1.2262    1.2547   
536634.8038     1.2029    1.5401   
536634.9038     1.2087    1.6664   
536635.0039     1.2443    1.6494   
536635.1038     1.3721    1.7496   
536635.2039     1.4217    1.9232   
536635.3039     1.3487    1.9265   
536636.0039     1.1332    1.7404   
536636.1044     1.1772    1.7821   
536636.2039     1.3921    1.8074   
536636.4039     1.3386    1.6832   
536636.5039     1.1908    1.3835   
536636.6039     1.2849    1.0954   
536636.7039     1.5100    1.1029   
536636.8038     1.5411    0.9867   
536636.9039     1.3255    0.9048   
536637.0039     1.4759    0.7411   
536637.1039     1.6403    0.8253   
536637.2039     1.6804    0.7271   
536637.3039     1.5029    0.6628   
536637.4038     1.4348    0.5892   
536637.5039     1.4006    0.4055   
536637.6038     1.5056    0.2770   
536637.8039     1.6984    0.2156   
536637.9039     1.6098    0.1387   
536638.0039     1.5490    0.0480   
536638.1039     1.6683    0.2283   
536638.2038     1.6620    0.3186   
536638.4038     1.0280    0.5139   
536638.5544     1.0597    0.5407   
536638.6545     1.4821    0.4329   
536638.7545     1.9329    0.5028   
536638.8545     1.6089    0.3286   
536639.0545     1.0509    0.4592   
536639.2045     0.7289    0.7960   
536639.3045     0.8699    0.7869   
536639.4045     0.9043    0.8034   
536639.5045     0.8458    0.7055   
536639.6045     1.2054    0.5267   
536639.8045     1.7988    0.7795   
536639.8545     1.9244    0.6850   
536640.0545     1.6574    0.8476   
536640.1545     1.3947    0.9911   
536640.2553     1.2787    1.2075   
536640.3545     1.1236    1.2562   
536640.4545     0.9132    1.1620   
536640.5545     0.9578    1.0774   
536640.7045     0.9914    1.2692   
536640.8045     0.8483    1.4787   
536640.9045     0.5488    1.7648   
536641.0553     0.5029    1.8648   
536641.1047     0.6375    1.9097   
536641.2995     0.7233    1.8740   
536641.3995     0.8840    1.8864   
536641.4995     0.8529    1.9416   
536641.5995     0.7184    1.8374   
536641.7004     0.7931    1.8498   
536641.7995     0.8835    1.7760   
536641.8995     0.8946    1.6792   
536642.0995     0.8522    1.6455   
536642.1995     0.9257    1.4596   
536642.2995     0.9619    1.3195   
536642.3995     1.0673    1.2707   
536642.4995     0.9193    1.3227   
536642.5995     0.6703    1.5841   
536642.6995     0.8446    1.7423   
536642.8008     0.7940    1.7710   
536642.8999     0.5316    1.7578   
536642.9995     0.5515    1.6061   
536643.0995     0.5905    1.8468   
536643.1995     0.7051    1.9478   
536643.3998     0.6574    1.8569   
536643.4995     0.6621    1.8698   
536643.5995     0.8278    1.9205   
536643.6995     0.7417    2.0642   
536643.7995     0.6997    2.0658   
536643.8995     0.7273    2.0239   
536643.9995     0.8473    1.9813   
536644.2015     0.4916    1.6095   
536644.3015     0.4357    1.5136   
536644.4015     0.4878    1.4944   
536644.5015     0.6568    1.5701   
536644.7015     0.9477    1.4838   
536644.8015     0.8345    1.4923   
536644.9014     0.8900    1.4276   
536645.0015     0.9795    1.3809   
536645.1015     0.8193    1.1985   
536645.2015     0.8077    1.1046   
536645.3015     1.1169    1.0511   
536645.4015     1.3008    1.0439   
536645.5015     1.2884    1.0429   
536645.7017     1.4641    0.9320   
536645.8020     1.5348    0.8511   
536645.9020     1.4036    0.6014   
536646.0021     1.3780    0.6136   
536646.1021     1.6280    0.7131   
536646.2020     1.5579    0.6038   
536646.3020     1.4967    0.6133   
536646.5020     1.5832    0.3764   
536646.6020     1.4022    0.3180   
536646.8020     1.5207    0.5508   
536646.9020     1.7668    0.7484   
536647.0020     2.0637    0.9077   
536647.1020     2.0050    0.9345   
536647.2020     1.7263    0.7315   
536647.3020     1.5198    0.6471   
536647.4020     1.5544    0.8093   
536648.3021     1.6948    0.6786   
536648.4020     1.8030    0.6813   
536648.4020     1.5860    0.6602   
536648.5574     1.7684    0.5487   
536648.6575     1.8721    0.8162   
536648.7575     1.7065    0.7002   
536648.8575     1.5498    0.9968   
536648.9575     1.5989    1.0093   
536649.0575     1.6130    1.4499   
536649.1575     1.5582    1.2139   
536649.2585     1.5096    1.3081   
536649.3575     1.5384    1.3706   
536650.3025     1.2429    1.4034   
536650.4025     1.0776    1.0886   
536650.5025     1.0721    1.0936   
536650.9025     0.8421    0.7377   
536651.0025     0.7673    0.8268   
536651.1005     0.7606    0.6622   
536651.2005     0.4542    0.6456   
536651.3005     0.4992    0.6807   
536651.6005     0.9323    0.2726   
536651.7005     0.7108    0.4564   
536652.0005     0.6551    0.6418   
536652.1005     0.7079    0.6140   
536652.2005     0.8432    0.4032   
536652.4005     0.9644    0.4570   
536652.5005     0.9303    0.5972   
536652.6005     0.6900    0.6151   
536652.7005     0.8215    0.5920   
536653.0005     0.9439    0.7854   
536653.1005     1.0667    0.5498   
536653.2955     1.0855    0.7936   
536653.2955     1.0880    0.7891   
536653.3955     1.0015    0.3186   
536653.4955     1.0012    0.4488   
536653.5955     0.9826    0.7440   
536653.7955     1.0190    1.0928   
536653.8955     1.2078    1.1361   
536653.9955     1.0932    0.8123   
536654.1955     1.1018    0.9537   
536654.2955     1.0699    1.1120   
536654.3955     1.0248    1.0867   
536654.5955     0.9287    1.0932   
536654.6955     0.9232    1.2014   
536654.8405     0.9156    1.4349   
536655.1385     0.9999    1.7732   
536655.2385     1.1517    2.1113   
536655.4385     1.0827    2.2724   
536655.4385     1.0469    2.2394   
536655.5385     1.1208    2.1991   
536655.8385     1.4023    2.0130   
536655.9385     1.4035    1.7874   
536656.1385     1.5738    1.7484   
536656.2385     1.7773    1.8271   
536656.3385     1.8161    1.8502   
536656.4385     1.8955    1.5937   
536656.5385     2.2126    1.6923   
536656.6385     2.3751    1.5639   
536656.7385     2.2801    1.4930   
536657.0385     2.3485    1.2422   
536657.1385     2.5660    1.3500   
536657.2385     2.6109    1.4667   
536657.3384     2.4982    1.5555   
536657.4384     2.4540    1.5478   
536657.5385     2.4721    1.4795   
536657.6385     2.6403    1.5795   
536657.7385     2.5255    1.6147   
536657.8385     2.5633    1.6238   
536657.9385     2.6149    1.5999   
536658.0385     2.6399    1.6076   
536658.1385     2.6585    1.6559   
536658.2385     2.7278    1.6910   
536658.3388     2.8198    1.7591   
536658.4385     2.9180    1.8373   
536658.5385     2.8419    1.8542   
536658.6389     3.0965    2.1097   
536658.7385     2.9847    2.0409   
536658.8385     2.7909    2.1167   
536658.9385     2.7585    2.1048   
536659.0385     2.7269    2.0008   
536659.1385     2.6900    1.8088   
536659.3385     2.5354    1.6644   
536659.4385     2.5818    1.8936   
536659.5385     2.6288    1.8729   
536659.6393     2.5141    1.9039   
536659.7385     2.3647    1.9446   
536659.8385     2.5379    2.0865   
536659.9385     2.5868    2.0964   
536660.0385     2.7409    2.1426   
536660.0385     2.7857    2.1593   
536660.1385     2.8497    2.1273   
536660.2393     3.0644    2.2008   
536660.2393     3.2217    2.2385   
536660.3408     3.2814    2.3146   
536660.4385     3.3131    2.2849   
536660.5385     3.4967    2.3651   
536660.5385     3.6447    2.4093   
536660.6389     3.6758    2.3942   
536660.7385     3.7907    2.3750   
536660.8385     3.8429    2.4366   
536660.9385     4.0022    2.4694   
536661.0385     4.1495    2.4495   
536661.1385     4.1828    2.5137   
536661.2385     4.2309    2.7124   
536661.3385     4.2939    2.8188   
536661.4384     4.2846    2.9187   
536661.5385     4.2246    2.9163   
536661.6385     4.3472    2.9957   
536661.7385     4.4571    2.9727   
536661.8385     4.4224    2.8625   
536661.9385     4.5179    2.7916   
536662.0385     4.3990    2.6437   
536662.1385     4.4842    2.5834   
536662.2385     4.7062    2.6636   
536662.3385     4.8011    2.5997   
536662.4385     4.7673    2.4562   
536662.5385     4.6698    2.2972   
536662.6385     4.6463    2.2792   
536662.7385     4.6611    2.3613   
536662.8385     4.5754    2.3475   
536663.0386     4.5286    2.1852   
536663.1385     4.4901    1.9998   
536663.2385     4.2607    1.8616   
536663.3385     4.3433    1.9398   
536663.4385     4.1751    2.0003   
536663.5385     3.8603    1.8681   
536663.6385     3.6582    1.8863   
536663.7385     3.8943    2.0688   
536663.8385     4.1926    2.4193   
536663.9385     4.0351    2.2568   
536664.0385     3.9090    2.1388   
536664.1385     3.7518    2.1594   
536664.2385     3.7863    2.2455   
536664.3385     3.4797    1.8656   
536664.4385     3.2549    1.6828   
536664.5385     3.0485    1.5089   
536664.6385     2.9436    1.4845   
536664.7385     2.9463    1.5234   
536664.8385     3.1981    1.6572   
536664.9391     3.2744    1.7039   
536665.0385     3.2164    1.8151   
536665.1385     3.1489    1.7331   
536665.2385     3.2739    1.7358   
536665.3385     3.2352    1.6785   
536665.4385     3.1663    1.6108   
536665.5385     3.0794    1.5164   
536665.6385     3.0674    1.6586   
536665.7385     2.8049    1.4902   
536665.8385     2.5467    1.2947   
536665.9385     2.4064    1.2033   
536666.0385     2.3300    1.2229   
536666.1384     2.2578    1.1697   
536666.2385     2.2001    1.2117   
536666.3385     2.1031    1.1163   
536666.5385     2.1206    1.0453   
536666.6385     2.0852    1.0644   
536666.7387     2.2461    1.4786   
536666.8385     2.3251    1.8488   
536666.9385     2.2826    1.6748   
536667.0385     2.3198    1.5077   
536667.1395     2.2785    1.4850   
536667.2385     2.2885    1.4917   
536667.4385     4.2618    1.5527   
536667.6385     4.2375    1.5190   
536667.7385     4.3113    1.5634   
536668.0835     4.5995    1.6035   
536668.1835     4.5977    1.3627   
536668.2835     4.6359    1.2782   
536668.3835     4.7726    1.2532   
536668.4835     4.8015    1.3577   
536668.6835     4.6051    1.6719   
536668.7835     4.4861    1.5488   
536668.8835     4.5322    1.2067   
536668.9835     4.5284    1.4345   
536669.0835     4.5618    1.4397   
536669.1835     4.6947    1.7735   
536669.2835     4.7331    1.8483   
536669.3835     4.7102    1.6546   
536669.4835     4.7844    1.6610   
536669.6350     4.9211    1.6566   
536669.9835     5.1097    2.1906   
536670.0835     5.1066    1.8434   
536670.1835     5.1939    1.5872   
536670.2835     5.2453    1.4513   
536670.3835     5.3826    1.5348   
536670.4835     5.3036    1.6653   
536670.5835     5.3373    1.6756   
536670.6835     5.3257    1.8966   
536670.7835     5.4030    1.7452   
536670.8835     5.4475    1.8046   
536670.9835     5.5403    1.6907   
536671.0835     5.6853    1.7706   
536671.1835     5.6759    1.9536   
536671.2835     5.7921    1.9283   
536671.3835     5.7818    1.4466   
536671.6835     6.1194    1.6764   
536671.7835     6.0737    1.6614   
536671.8835     6.0586    1.7993   
536671.9835     6.0861    1.8741   
536672.0835     6.2054    1.8954   
536672.1835     6.2224    1.7938   
536672.2835     6.2668    1.9003   
536672.3835     6.3426    1.8810   
536672.3835     6.1260    1.7492   
536672.5835     6.5423    1.5887   
536672.7835     6.5261    1.5603   
536672.8835     6.6643    1.5645   
536672.9835     6.7430    1.6128   
536673.0347     6.6755    1.6735   
536673.2835     6.5761    1.1844   
536673.3835     6.7638    1.5437   
536673.4835     7.0825    1.4323   
536673.5835     6.9405    1.2793   
536673.6835     7.0826    1.3520   
536673.7350     7.2874    1.7066   
536673.8835     7.3730    1.7420   
536673.9835     7.4930    1.3910   
536674.0835     7.5381    1.7795   
536674.1835     7.6589    1.7541   
536674.2835     4.9092    1.1764   
536674.3835     5.0223    1.1779   
536674.4835     5.2439    1.3239   
536674.5835     5.3140    1.3482   
536674.5835     5.2540    1.4033   
536674.6835     5.2443    1.4428   
536674.7835     5.2257    1.5612   
536674.8846     5.3228    1.4197   
536674.9846     5.4268    1.4454   
536675.1846     5.5353    1.3778   
536675.2846     3.8018    1.4151   
536675.3846     3.7967    1.4368   
536675.5365     3.9187    1.5685   
536675.6365     3.6818    1.4644   
536675.7365     3.5871    1.3386   
536675.8365     3.6162    1.2289   
536675.9365     3.7189    1.1839   
536676.0365     3.7519    1.2431   
536676.1365     3.7388    1.2239   
536676.2815     2.6080    1.2607   
536676.3815     2.6441    1.2960   
536676.4815     2.5895    1.1445   
536676.5815     2.5576    1.1036   
536676.8815     2.9034    1.0299   
536676.9815     2.8589    1.2343   
536677.0815     2.8200    1.4967   
536677.1815     2.6817    1.6755   
536677.2815     2.6290    1.1080   
536677.3815     2.7979    0.9821   
536677.4815     3.1125    1.1098   
536677.5815     3.2326    1.4571   
536677.6815     3.1245    1.5484   
536677.8815     2.9995    1.6434   
536677.9815     2.8635    1.5749   
536678.0815     2.7290    1.3908   
536678.2815     3.4333    2.0728   
536678.3815     3.5457    2.2021   
536678.5815     3.6680    2.2293   
536678.6815     3.6647    2.2085   
536678.7815     3.8352    2.2747   
536678.8815     3.8659    2.2052   
536678.9815     3.8713    2.1097   
536679.0815     3.8206    1.9397   
536679.1815     3.5876    1.8723   
536679.2815     3.3524    2.0154   
536679.3815     3.1804    1.7444   
536679.4815     3.0549    1.7036   
536679.6815     2.8281    1.1466   
536679.7815     2.7184    1.0410   
536679.8815     2.6430    1.1156   
536679.9815     2.6435    0.9785   
536680.2815     2.1783    0.6526   
536680.3815     2.1275    0.6764   
536680.4815     2.2368    0.8461   
536680.7815     2.2449    0.9497   
536680.8815     2.2821    0.9190   
536680.9815     2.3473    0.9938   
536681.0765     2.4561    1.3388   
536681.1765     2.4585    1.5843   
536681.2766     2.4754    1.7619   
536681.3765     2.4815    1.8062   
536681.4765     2.5145    2.0138   
536681.5765     2.6294    2.3155   
536681.6765     2.2976    1.8822   
536681.7765     2.4527    1.6686   
536681.8765     2.4466    1.7359   
536681.9765     2.2534    1.7491   
536682.0765     2.2167    1.7439   
536682.1765     2.1791    1.8527   
536682.2765     2.0713    1.9142   
536682.3766     2.0807    1.6853   
536682.4755     2.0862    1.7855   
536682.5755     2.2179    1.5817   
536682.8755     2.4656    1.3654   
536682.9755     2.4898    1.3945   
536683.2755     2.5721    1.4215   
536683.3755     2.6009    1.5353   
536683.9755     2.7492    1.4992   
536684.0755     2.7348    1.5302   
536684.3755     3.0087    1.6084   
536684.4755     3.0397    1.7203   
536684.5755     3.1805    1.7191   
536684.6757     3.2001    1.6558   
536684.7775     3.0614    2.0057   
536684.9775     3.2367    2.8346   
536685.1225     3.2440    2.3921   
536685.3225     3.3074    2.6818   
536685.5225     3.4796    1.9191   
536685.7225     3.6330    1.9400   
536685.8225     3.6607    1.9850   
536685.9225     3.6813    2.2248   
536686.2225     3.9050    2.5836   
536686.4225     4.0329    2.8434   
536686.6225     4.2036    1.8554   
536686.7225     4.4879    1.9471   
536686.8225     4.6114    2.0195   
536686.9225     4.6250    1.7711   
536687.0225     4.8511    1.9616   
536687.1225     4.7725    2.2407   
536687.2226     4.8490    2.3439   
536687.4225     5.1562    2.3307   
536687.5225     5.2253    2.1701   
536687.6225     5.0784    1.9777   
536687.7225     5.2223    1.8290   
536687.8225     5.0474    1.8324   
536687.9225     5.1169    1.9451   
536688.0225     5.1649    2.0961   
536688.2225     5.4382    2.1529   
536688.2225     5.5552    1.8298   
536688.3210     5.6140    1.6307   
536688.4210     6.1953    1.8958   
536688.9210     4.1396    1.8937   
536689.0210     4.0554    2.3840   
536689.1210     4.1732    2.6087   
536689.2210     4.4213    2.5908   
536689.3210     4.3187    2.3510   
536689.4210     4.4027    2.1703   
536689.5210     4.4121    2.0476   
536689.9210     3.1978    1.9554   
536690.0210     3.1621    1.8932   
536690.1210     3.0807    1.9267   
536690.2210     3.3379    1.8523   
536690.3210     3.4299    1.6067   
536690.4210     3.4171    1.5040   
536690.5210     3.4565    1.4919   
536690.9210     2.7363    1.2861   
536691.0210     2.7339    1.1681   
536691.1210     2.6036    1.0698   
536691.2211     2.4189    1.2284   
536691.3160     2.4274    1.4136   
536691.4160     2.4882    1.7701   
536691.7160     1.9920    3.0056   
536692.0160     2.1353    2.2979   
536692.1160     1.8317    3.6884   
536692.2160     1.4075    4.5754   
536692.3160     1.7056    3.9586   
536692.4160     1.7958    2.8582   
536692.6160     1.5136    1.2476   
536692.7160     1.5702    1.4290   
536692.9160     1.3357    1.2495   
536693.0160     1.6674    1.1883   
536693.1160     1.9716    1.1495   
536693.3160     2.4053    1.4152   
536693.4160     2.2688    1.5659   
536693.6610     2.2082    1.4895   
536693.8610     2.3179    1.5438   
536693.9610     2.1650    1.5380   
536694.0610     2.0965    1.4782   
536694.0610     1.4851    1.2554   
536694.1610     1.0150    1.2775   
536694.2610     1.0520    1.5352   
536694.4610     1.3578    1.8835   
536694.5610     1.6436    1.9230   
536694.6610     1.8428    1.6826   
536694.8610     3.0684    1.9266   
536695.0610     3.8683    2.0270   
536695.1610     3.0856    1.6416   
536695.2610     2.4360    1.1527   
536695.4625     2.6706    2.1001   
536695.5625     3.0264    2.1359   
536695.7625     2.7277    1.0468   
536695.8625     2.5339    1.9541   
536695.9630     2.0411    1.8811   
536696.2625     1.9104    1.3185   
536696.3625     2.0437    1.2938   
536696.4625     2.0675    1.3895   
536696.7625     2.1892    1.1995   
536696.8625     1.9620    1.2092   
536696.9626     1.6954    0.9391   
536697.0625     1.7590    1.1979   
536697.7625     3.0862    1.7668   
536697.8625     3.4078    1.2005   
536697.9625     3.4490    1.3018   
536698.9625     2.7749    1.9126   
536699.0625     3.0556    0.7402   
536699.1625     3.6353    1.8183   
536699.2625     3.4092    3.5216   
536699.3625     3.3663    3.9666   
536699.4625     3.1054    3.1456   
536699.5625     2.4858    2.4265   
536699.6625     2.3226    2.3359   
536699.7625     2.1739    2.1986   
536699.8625     1.9827    2.1818   
536699.9625     1.9567    1.8985   
536700.0625     2.1904    1.9107   
536700.1625     2.2050    1.8259   
536701.1595     2.1592    2.5050   
536701.2595     1.7935    2.4486   
536701.3595     1.3208    1.9974   
536701.4595     1.2363    1.8167   
536701.5595     1.2751    1.7920   
536701.6595     1.2447    1.3745   
536701.8045     2.4101    1.3595   
536701.9045     3.1102    1.9986   
536702.0046     3.1712    2.1169   
536702.1045     2.8712    2.1228   
536702.2045     2.2617    1.6176   
536702.6545     1.9573    1.4611   
536702.7545     2.0081    1.7641   
536702.8545     1.9192    1.7034   
536702.9545     1.7688    1.5032   
536703.0545     1.3227    1.4493   
536703.1545     1.0074    1.3705   
536703.3549     0.6086    1.3192   
536703.4545     0.7765    1.2749   
536703.7552     0.8835    1.6494   
536703.9045     0.9181    1.5243   
536704.0045     0.9837    1.2849   
536704.1045     0.9358    1.2322   
536704.3545     2.1337    3.2208   
536704.4545     1.7685    3.3369   
536705.2545     1.6840    1.2221   
536705.5045     1.7976    1.3290   
536705.6045     2.2493    1.2963   
536705.7045     2.5431    1.3111   
536705.8045     2.7241    1.3170   
536705.9045     2.5218    1.3290   
536705.9995     2.3692    1.3666   
536706.0997     2.1033    1.2714   
536706.1995     2.0052    1.1821   
536706.2972     2.0009    1.2422   
536706.3945     1.8604    1.3961   
536706.7945     2.7433    3.1135   
536706.8945     2.5686    2.5836   
536707.2965     2.3061    2.3164   
536707.3965     2.4244    2.3886   
536707.4965     2.5636    1.9780   
536708.1965     3.3514    1.1334   
536708.2965     3.4429    0.9139   
536708.3965     3.2726    0.4738   
536708.4965     3.0933    0.5510   
536708.5965     2.6981    0.9486   
536708.6965     2.0797    1.1811   
536708.7965     1.7313    1.0891   
536708.8965     1.6392    1.0190   
536708.9965     1.8538    0.8128   
536709.0965     2.3443    1.3196   
536709.1965     3.2722    1.9701   
536709.4415     3.2154    1.8603   
536709.5415     3.0812    1.6349   
536709.6415     3.4820    1.8951   
536709.7415     3.6083    1.9192   
536709.8415     3.6665    1.9816   
536709.9415     3.8172    2.2284   
536710.0415     3.9239    2.4858   
536710.1415     3.9865    2.7467   
536710.2415     3.5614    2.7750   
536710.4415     2.7269    2.0223   
536710.5415     2.4352    1.6180   
536710.6415     1.8984    1.1061   
536710.7416     1.7856    1.1292   
536710.8424     1.8713    1.5563   
536710.9415     1.9635    1.7592   
536711.0418     2.0892    1.8540   
536711.1415     3.3576    3.2793   
536711.2415     5.9975    5.2848   
536711.4415     8.8827    8.0208   
536711.5415     7.7778    7.3284   
536711.6424     6.0301    5.6959   
536711.7415     5.1790    4.6518   
536711.8415     5.0071    4.3170   
536711.9415     5.4076    4.0977   
536712.0415     5.4707    2.3864   
536712.1415     5.5536    2.7039   
536712.5400     5.5954    4.0593   
536712.6400     5.6061    3.9680   
536712.7400     4.5047    3.8672   
536712.8400     4.4376    4.0605   
536712.9400     5.5256    3.7276   
536713.0400     6.0908    3.8319   
536713.1400     6.8122    3.2752   
536713.2401     6.5418    3.3477   
536713.3401     6.7502    3.3757   
536714.0782     4.6846    3.2919   
536714.1782     5.1385    3.1695   
536714.6775     4.2077    1.9138   
536714.7775     4.0069    1.9706   
536714.8775     4.0627    1.8308   
536715.0775     5.0982    1.5120   
536715.1810     5.5825    1.6477   
536715.2810     5.7430    1.2863   
536715.6810     5.3433    2.5199   
536716.3810     5.3146    2.6562   
536716.4810     5.1779    1.9138   
536716.5810     5.1387    1.7210   
536716.6809     4.8021    1.9743   
536717.2810     5.7870    3.3753   
536717.3810     5.5223    3.9602   
536717.6760     4.9841    4.4146   
536717.7760     6.3785    4.1905   
536718.1760     5.1468    2.9628   
536718.3759     4.0913    3.0203   
536718.5760     4.1646    3.3885   
536718.6760     4.0890    3.6087   
536718.9760     3.8974    2.7176   
536719.2760     3.9989    1.9946   
536719.3760     4.2005    1.7167   
536719.5760     4.3178    1.3760   
536719.6760     4.1906    1.2256   
536719.8760     3.0649    0.7922   
536720.0762     2.5199    1.2067   
536720.2760     2.0965    1.7159   
536720.4760     1.8677    1.5869   
536720.8760     4.3844    2.2248   
536721.0760     3.3521    1.5398   
536721.1760     2.4315    1.6577   
536721.3760     1.8688    3.3213   
536721.6760     3.4748    2.7590   
536721.9760     5.6085    2.3140   
536722.2760     5.6474    1.8775   
536722.4760     4.6612    1.4252   
536722.7760     3.9524    1.4141   
536722.9760     3.8995    0.5526   
536723.2760     4.0637    1.2038   
536723.4760     3.9599    1.3880   
536723.7210     3.8100    1.6338   
536723.9210     3.8234    2.2068   
536724.1210     3.7722    2.4949   
536724.2210     2.8404    2.7687   
536724.4210     2.5679    2.8955   
536724.6210     2.2836    3.2105   
536724.8210     2.3533    3.2161   
536725.1210     2.8084    3.0413   
536725.3160     3.0952    2.9013   
536725.4160     2.9705    2.6438   
536725.6160     2.5838    2.3922   
536725.8160     1.0462    1.7946   
536726.1162     1.5665    1.6714   
536726.4160     1.5531    1.5986   
536726.5160     1.3386    1.1843   
536726.8160     1.6254    0.9316   
536726.9160     1.9917    0.9150   
536727.3160     1.9845    0.3509   
536727.4160     1.1816    0.4786   
536727.7160     1.1564    1.0793   
536727.8160     1.4856    1.6348   
536727.9160     1.5655    2.0228   
536728.2160     1.4530    2.8569   
536728.3160     1.3138    2.3295   
536728.4160     1.9679    2.1520   
536728.7160     2.2329    2.9554   
536728.8160     2.3999    1.9721   
536728.9160     1.1568    0.9999   
536729.3160     3.5796    3.7445   
536729.4160     2.8822    3.5000   
536729.5160     7.0230    4.1213   
536729.6169     8.1465    4.4391   
536730.0160     5.4566    4.4681   
536730.1160     5.6518    4.2991   
536730.2160     6.3033    4.3772   
536730.5160     5.8033    5.1064   
536730.6160     5.8631    4.7449   
536730.7610     5.4529    4.4632   
536730.9610     6.4528    3.9383   
536731.0610     5.9340    3.6712   
536731.1610     5.6903    3.5870   
536731.5610     6.5085    4.9310   
536731.6610     6.5773    4.8894   
536731.7612     6.0582    4.2076   
536731.8610     5.5092    3.9087   
536732.2610     3.3848    2.2211   
536732.3610     3.4577    2.3911   
536732.4610     3.5883    2.4984   
536732.5610     3.9478    2.9189   
536732.6610     3.8731    2.7239   
536732.7610     3.5268    2.6233   
536732.8610     3.4034    2.6402   
536732.9610     3.7024    2.7772   
536733.0610     2.8968    2.0779   
536733.1610     2.1911    1.5163   
536733.9610     1.4318    1.0336   
536734.0613     1.6186    1.2659   
536734.1610     2.1207    1.6362   
536734.5611     3.5674    2.4601   
536734.6610     4.0061    2.4329   
536734.7610     3.1095    2.0093   
536735.0610     2.0654    1.7648   
536735.1610     2.1213    1.4589   
536735.3610     2.2145    1.6448   
536735.6610     2.4994    1.4422   
536735.7610     2.4343    1.4384   
536735.8610     2.2899    1.4379   
536736.1610     1.8960    1.5076   
536736.2610     1.7594    1.7569   
536736.3610     2.0085    1.5618   
536736.5611     2.1308    1.2215   
536736.6610     2.3300    1.0691   
536736.7610     2.2090    0.7545   
536736.8610     2.0470    0.4814   
536737.0613     1.9096    0.4082   
536737.1610     1.8600    0.2927   
536737.2611     1.5474    0.5196   
536737.4610     1.5105    0.3511   
536737.5610     1.6325    0.7216   
536737.6610     1.7546    1.0807   
536737.8610     1.7544    0.9906   
536737.9610     1.7867    1.0844   
536738.0610     1.8954    1.2510   
536738.2610     1.9027    1.8699   
536738.3610     2.5277    2.1926   
536738.4610     2.7072    2.4142   
536738.5610     2.4711    2.5014   
536738.7560     2.2192    2.6494   
536738.8560     2.2150    2.7382   
536738.9560     2.4413    2.8408   
536739.0560     3.0124    3.0460   
536739.1560     3.3772    3.2234   
536739.2560     2.8610    3.0862   
536739.3560     2.4979    2.9976   
536739.5011     2.0586    2.7576   
536739.7011     1.2727    2.5157   
536739.8011     1.5205    2.8730   
536739.9010     2.0179    3.1924   
536740.0014     2.0557    3.7026   
536740.0014     2.3164    3.5440   
536740.1010     3.1074    3.5057   
536740.2010     4.1339    3.2950   
536740.3010     3.5715    3.1347   
536740.4010     1.3279    3.0467   
536740.5010     1.2378    2.7263   
536740.6010     1.9081    2.2008   
536740.6010     2.8158    2.4297   
536740.7015     2.7285    2.5950   
536740.8010     1.6583    2.7712   
536740.9013     1.8230    2.7981   
536741.0010     2.7491    3.1467   
536741.1010     2.1291    3.1415   
536741.2010     1.6363    3.4677   
536741.3010     2.7285    3.4360   
536741.4018     3.1361    3.2567   
536741.5010     2.7094    2.7309   
536741.7010     2.0981    2.5621   
536741.8010     2.2751    2.3595   
536742.0010     2.2982    2.3015   
536742.1010     2.7004    2.2979   
536742.2010     2.7112    2.3225   
536742.3010     2.7356    2.1728   
536742.5010     2.9070    2.2360   
536742.6010     2.7365    2.2347   
536742.7010     2.6860    2.1070   
536742.8010     2.7905    2.0060   
536743.0014     3.4744    2.2855   
536743.1013     3.6068    2.3107   
536743.2010     3.5382    2.3397   
536743.3020     3.2717    2.2772   
536743.5023     3.3018    2.1414   
536743.6010     3.3571    2.0457   
536743.7010     3.2808    2.2175   
536743.8010     3.6980    2.6773   
536743.9028     4.0045    2.7895   
536744.0010     3.7094    2.6002   
536744.3960     2.7897    2.0952   
536744.4960     2.3624    1.8794   
536744.5960     1.9354    1.8112   
536744.6962     1.8437    1.5360   
536745.1960     2.2251    0.7489   
536745.2960     1.3185    1.2156   
536745.3975     1.4236    1.6995   
536745.4975     1.8516    1.8954   
536745.5975     2.7618    2.1597   
536745.8425     1.6360    0.9917   
536745.9425     1.4090    1.0895   
536746.2425     2.3017    1.0788   
536746.3425     1.7173    0.9328   
536746.4426     1.3875    1.1610   
536746.7425     1.5116    1.0692   
536746.8425     1.7903    1.0877   
536746.9425     1.7788    1.1465   
536747.3425     1.1194    1.2148   
536747.4425     1.1423    1.2584   
536748.0426     0.9067    1.5124   
536748.4425     1.6674    1.1608   
536748.5425     1.4806    1.1736   
536748.6425     1.2965    1.2296   
536748.7425     1.3770    1.1255   
536748.9425     1.3302    0.9656   
536749.0425     0.9454    0.6812   
536749.1425     0.8879    0.6338   
536749.2425     1.0265    0.5800   
536749.3425     1.2378    1.4392   
536749.4425     1.2489    1.4514   
536749.5425     1.1403    1.4064   
536749.6375     1.0777    1.2905   
536749.7375     1.0882    1.5574   
536750.0376     1.0704    2.1367   
536750.1375     1.0529    2.1634   
536750.2394     1.1482    2.2440   
536750.3375     1.1800    2.2471   
536750.4375     1.2188    2.3173   
536750.5375     1.1940    2.3108   
536750.6375     1.1396    2.1962   
536750.7375     2.1720    1.7046   
536750.8375     1.7888    1.5782   
536750.9375     1.6262    1.3681   
536751.0375     1.5104    1.2228   
536751.1375     1.3901    1.1474   
536751.3375     1.6164    0.9647   
536751.4375     1.6845    0.8976   
536751.5375     1.6001    0.7503   
536751.6375     1.9798    0.2446   
536751.7376     1.9233    0.1320   
536751.8375     1.9067    0.1982   
536751.9375     1.9286    0.1491   
536752.1375     1.7790    0.3582   
536752.2383     2.0763    0.3907   
536752.3400     2.1207    0.5529   
536752.4390     2.2590    0.6928   
536752.5376     2.2218    0.8153   
536752.6390     2.2157    1.1554   
536752.8375     2.8848    1.3775   
536752.9392     3.1184    1.5230   
536753.1375     2.9045    1.5805   
536753.2381     2.1677    1.4998   
536753.3375     2.0589    1.5199   
536753.4377     2.1018    1.6770   
536753.5375     2.0072    2.0346   
536753.6386     2.0268    2.2761   
536753.7375     2.1491    2.3211   
536753.8378     2.9143    2.4944   
536753.9375     2.7548    2.4526   
536754.0379     2.7602    2.2501   
536754.0825     2.7112    2.0344   
536754.1825     2.5273    1.9606   
536754.2825     2.3380    1.7128   
536754.3825     2.3466    1.6572   
536754.4825     2.3711    1.5565   
536754.4825     2.9023    1.6135   
536754.5825     2.7668    1.5869   
536754.6825     2.6825    1.5970   
536754.7825     2.5778    1.6602   
536754.9825     2.4585    1.6093   
536755.0825     2.6336    1.6208   
536755.2825     2.8506    1.9323   
536755.3825     2.7377    1.8030   
536755.4825     2.6664    1.8162   
536755.6825     2.5905    1.7586   
536755.7825     2.5708    1.7624   
536755.8825     2.4852    1.6522   
536756.2825     2.3574    1.7894   
536756.3825     2.4460    1.8140   
536756.4825     2.3977    1.9660   
536756.5825     2.3906    1.8635   
536756.9825     2.0865    1.6416   
536757.1845     2.3286    1.2970   
536757.2845     2.5230    1.2344   
536757.3848     2.5906    1.1465   
536757.4366     2.5239    0.9713   
536758.1845     2.4041    0.3318   
536758.4345     3.2091    0.6752   
536758.5345     3.2226    0.6598   
536758.6345     2.7706    0.3626   
536758.7345     2.3706    0.2920   
536758.8345     2.3686    0.2576   
536759.5345     2.7551    0.6325   
536759.6345     2.7585    0.7640   
536759.7345     2.9792    0.9043   
536760.0845     3.3190    0.4056   
536760.1845     3.2170    0.3858   
536760.2845     2.9394    0.3174   
536760.6845     3.1027    0.2084   
536760.6845     3.3191    0.1188   
536761.0345     3.0783    0.4317   
536761.1795     2.9893    0.4253   
536761.5799     3.6898    0.4611   
536761.6795     3.6353    0.5725   
536761.7795     3.3648    0.4995   
536762.0808     3.0910    0.4881   
536762.1758     3.2241    0.7681   
536762.3758     3.5677    1.1662   
536762.4758     3.6430    1.0583   
536762.5758     3.4741    0.7451   
536762.8758     3.1115    0.2588   
536763.1758     3.3192    0.7815   
536763.4758     3.2592    0.5150   
536763.7758     3.7141    1.2377   
536764.0758     3.7468    1.0174   
536764.2758     3.7982    1.1433   
536764.3758     3.8035    1.1037   
536764.6757     3.7906    1.1773   
536764.9758     3.4231    1.4518   
536765.5757     3.5530    1.5385   
536765.8758     3.8012    2.1093   
536765.9764     3.6432    1.8601   
536766.1745     3.8445    1.7349   
536766.2745     3.8117    1.7318   
536766.3768     3.9008    2.0673   
536766.6745     4.1313    2.2340   
536766.7745     4.3304    2.2350   
536766.9245     4.3756    2.0633   
536767.0245     4.4219    2.0697   
536767.3245     4.3644    1.9829   
536767.4245     4.1062    1.7909   
536767.5245     4.0601    1.5819   
536767.9245     3.9903    2.1458   
536768.1745     4.1413    2.4879   
536768.2745     4.1944    2.5913   
536768.3757     4.1676    2.5250   
536768.6752     3.5080    2.3698   
536768.7745     3.4629    2.3054   
536768.8745     3.5387    2.3951   
536768.9745     3.5803    2.5268   
536769.1195     3.4942    2.5779   
536769.2195     3.6480    2.4911   
536769.3195     3.8002    2.3229   
536769.4195     3.9068    1.9930   
536769.5195     4.0699    1.9704   
536769.6201     4.2455    2.0574   
536769.7195     4.3375    2.1458   
536769.9194     4.5788    2.0262   
536770.0195     4.6328    1.7823   
536770.1195     4.7686    1.6846   
536770.2195     4.9159    1.5874   
536770.3195     4.8479    1.5275   
536770.4195     4.7639    1.6357   
536770.9197     4.8398    2.0326   
536771.0195     4.8573    1.9264   
536771.1195     4.9729    1.8942   
536771.2195     5.0817    1.8800   
536772.0145     5.4283    2.2388   
536772.1155     5.2906    2.0279   
536772.2156     4.8986    1.8995   
536772.3155     4.3989    1.7101   
536772.4155     4.4805    1.7736   
536772.5155     4.7057    1.8537   
536772.6159     4.9079    2.1331   
536772.8155     4.8442    3.0013   
536772.9155     4.6329    2.8175   
536773.2155     4.3821    1.8713   
536773.3155     4.1775    1.8779   
536773.4155     4.1654    2.2403   
536773.6155     4.3924    2.3081   
536773.7155     4.4010    2.0717   
536773.8155     4.3461    1.9844   
536774.2155     4.2735    2.3835   
536774.3155     4.2210    2.4247   
536774.4155     4.0774    2.3267   
536774.6155     3.9187    2.2144   
536774.7155     3.6710    2.0273   
536774.8155     3.4144    2.0742   
536774.8155     3.3844    1.9661   
536775.1155     3.2522    1.8091   
536775.1155     3.1728    1.9447   
536775.2155     3.2049    1.9558   
536775.4155     2.2404    2.0079   
536775.5165     2.3989    2.2657   
536775.7165     2.5063    3.0244   
536775.8165     2.3370    3.1189   
536776.1165     2.2525    1.7691   
536776.2165     2.0061    1.9327   
536776.2165     2.0758    1.9581   
536776.3165     2.7396    2.3368   
536776.6165     2.6586    1.7923   
536776.7165     2.6312    1.4514   
536777.0165     2.4380    1.7738   
536777.1165     2.6308    1.7451   
536777.2165     2.6325    1.8929   
536777.4165     2.8134    2.1418   
536777.5165     3.0361    2.4173   
536777.7165     2.8442    2.6150   
536777.8165     2.6146    2.5957   
536777.9165     2.5234    2.4372   
536778.0165     2.5554    2.3082   
536778.3165     2.5682    2.2888   
536778.4165     2.6577    2.0582   
536778.5165     2.7964    2.1926   
536778.9165     2.6920    2.2238   
536779.0165     2.8486    1.9603   
536779.2165     3.0074    1.9634   
536779.3165     2.9254    1.9151   
536779.4165     2.8180    1.7873   
536779.5167     2.9006    1.6971   
536779.6165     2.9905    1.7143   
536779.7165     3.1371    2.0023   
536779.8165     3.1352    2.0778   
536779.9165     3.2026    2.0679   
536780.0165     3.0774    2.0692   
536780.1165     3.0754    2.0438   
536780.2165     3.1085    1.9155   
536780.3165     3.2279    1.8099   
536780.4165     3.4084    1.8092   
536780.5165     3.3241    1.8156   
536780.6165     3.2288    1.8047   
536780.7165     3.2320    1.8807   
536780.8165     3.1802    1.9380   
536780.9165     3.0860    1.8785   
536781.0165     3.0736    1.8664   
536781.1165     3.1941    1.8813   
536781.2165     3.0891    2.0068   
536781.3165     3.0874    1.9009   
536781.7178     3.2067    1.3639   
536781.8177     3.2388    1.3357   
536781.9178     3.2277    1.5545   
536782.0185     3.1467    1.5006   
536782.1185     3.2966    1.4425   
536782.2185     3.4936    1.4475   
536782.3185     3.5272    1.4440   
536782.4185     3.4995    1.5242   
536782.6185     3.4464    1.5519   
536782.8635     3.5372    1.4601   
536782.9635     3.4612    1.4595   
536783.0635     3.2739    1.2521   
536783.1635     3.3021    1.2707   
536783.2635     3.9289    1.8913   
536783.3635     4.0499    1.8864   
536783.4635     4.0623    1.9212   
536783.5635     4.1966    1.9673   
536783.8635     4.5522    2.0081   
536783.9635     5.0952    2.2501   
536784.0634     4.8451    2.0471   
536784.1635     5.0700    2.0955   
536784.2635     5.4158    2.2734   
536784.3635     5.4695    2.3627   
536784.4636     5.4455    2.3741   
536784.4636     5.3012    2.2483   
536784.7635     5.3933    2.1991   
536784.8635     5.2429    2.1266   
536784.9635     5.3848    2.1444   
536785.1635     5.2860    2.0193   
536785.2635     5.2686    2.0287   
536785.3635     5.2490    2.0557   
536785.5635     5.1519    1.9715   
536785.6635     5.1757    2.0161   
536785.7635     5.1055    1.9457   
536785.8635     5.0961    1.9425   
536786.0635     5.3331    2.1027   
536786.1635     5.5727    2.2620   
536786.3635     5.4310    2.2329   
536786.4635     5.2519    2.1393   
536786.6635     5.1146    2.0903   
536786.7635     5.0802    2.1360   
536786.9585     5.0518    1.8418   
536787.1585     4.9499    2.5313   
536787.2585     5.1311    2.9032   
536787.4585     5.0013    2.0164   
536787.6585     5.2796    1.4213   
536787.8585     5.4949    1.8773   
536788.0585     5.6022    2.1928   
536788.3585     6.0064    2.5130   
536788.5585     5.8544    2.5605   
536788.7585     5.6167    2.7980   
536788.9585     5.0055    3.3528   
536789.1592     5.0322    3.6589   
536789.3585     5.1870    3.8711   
536789.5563     5.2182    3.9744   
536789.7563     5.3493    4.4315   
536789.9564     5.6022    4.9265   
536790.1564     5.7955    5.3893   
536790.3564     6.2905    5.6268   
536790.5564     6.6014    6.2600   
536790.7564     6.6908    6.7038   
536790.8564     6.9791    6.8819   
536791.0581     7.2174    6.5933   
536791.3564     7.2964    6.6904   
536791.4565     7.2088    6.3117   
536791.6564     7.1504    5.5834   
536791.8564     6.9463    4.8227   
536792.0564     6.5893    4.4440   
536792.2585     6.1661    3.7331   
536792.4586     6.0056    3.1352   
536792.5595     6.0628    2.7944   
536792.7586     5.8771    2.5315   
536792.8585     5.9154    2.3345   
536793.0586     5.7469    2.1252   
536793.1585     5.0360    2.0450   
536793.4586     4.4047    2.0975   
536793.6586     3.7117    1.5702   
536793.8586     3.8279    1.5160   
536793.9586     3.5892    1.4556   
536794.0586     3.4540    1.6802   
536794.1586     3.8348    2.5276   
536794.3585     4.1862    2.5016   
536794.4586     4.5377    2.1663   
536794.5585     4.6768    1.7708   
536794.6586     4.3347    2.0959   
536794.7586     4.2387    1.9620   
536794.9586     3.9921    2.1556   
536795.0586     3.8520    2.3593   
536795.0586     3.8855    2.2453   
536795.1585     3.7677    1.9988   
536795.3587     3.6865    2.2780   
536795.4586     3.7392    2.4322   
536795.5586     3.7786    2.5690   
536795.7585     3.7806    2.6298   
536795.8586     3.7677    2.4771   
536795.9586     3.8283    2.3402   
536796.0585     3.8781    2.2165   
536796.1586     3.8911    2.3688   
536796.3036     3.9664    2.7588   
536796.4036     3.9604    2.6979   
536796.5036     4.0887    3.2067   
536796.6036     4.1610    3.4125   
536796.7036     4.2449    3.1533   
536796.9036     4.0311    3.3280   
536797.3036     4.7582    4.3168   
536797.4036     4.8983    4.1927   
536797.5036     4.7819    4.1283   
536797.6035     4.4873    4.3213   
536797.7036     4.3998    4.4422   
536797.9036     4.5843    4.5476   
536798.0035     4.8657    4.6770   
536798.1036     4.9602    4.4236   
536798.7986     5.4155    4.7876   
536798.8986     5.4618    5.0979   
536798.9986     5.4824    4.5479   
536799.1003     5.4543    4.3788   
536799.2003     5.4310    4.3966   
536799.3003     5.3637    4.7045   
536799.4003     5.2741    4.8592   
536799.5003     5.2459    4.8731   
536799.6003     5.1999    4.8626   
536799.7003     5.0694    4.9826   
536799.8003     4.8098    5.2912   
536800.1003     4.7539    5.1107   
536800.2003     4.7940    4.8414   
536800.3003     4.6208    4.9913   
536800.4006     4.6388    4.9197   
536800.5006     4.6207    4.9477   
536800.6006     4.6401    4.9186   
536800.7006     4.6502    4.9925   
536800.8022     4.6102    5.0568   
536800.9006     4.5841    5.0183   
536801.0006     4.4849    4.7810   
536801.1006     4.4068    4.5796   
536801.2006     4.1945    4.4037   
536801.3008     4.0138    3.8184   
536801.4006     3.9739    3.7285   
536801.5014     3.9531    3.4122   
536801.6006     3.9542    3.6537   
536801.7006     3.9714    4.9901   
536801.8006     3.9148    5.6844   
536801.9006     3.8631    6.2744   
536802.6006     3.4772    7.7618   
536802.7015     3.5312    7.1575   
536802.8006     3.3467    6.3907   
536802.9006     3.2693    6.4463   
536803.0006     3.2714    6.2935   
536803.1006     3.2621    5.9997   
536803.1985     3.2669    5.4482   
536803.2985     3.0509    5.1925   
536803.3995     2.9464    5.0515   
536803.4995     2.7492    5.3432   
536803.5995     2.6829    5.5900   
536803.8995     2.5089    4.5076   
536803.9995     2.5734    4.2169   
536804.0995     2.4654    4.4408   
536804.1995     2.3976    4.5411   
536804.2995     2.3059    4.5830   
536804.3995     2.1771    4.8266   
536804.4995     2.0415    4.9655   
536804.5995     2.0504    4.9245   
536804.6995     2.0213    5.0110   
536804.8997     1.1894    5.4088   
536805.0995     0.9017    5.1823   
536805.1995     0.9042    5.0861   
536805.1995     0.9097    5.0866   
536805.2995     0.7839    4.9680   
536805.3995     0.6609    4.9327   
536805.4996     0.5566    5.0061   
536805.7945     2.0747    5.1638   
536805.8945     2.0417    5.0621   
536805.9945     2.1600    4.8808   
536806.1945     2.5340    4.6447   
536806.2945     2.5931    4.2495   
536806.4403     2.7924    4.6224   
536806.5401     2.8831    4.6984   
536806.9399     2.2308    4.7496   
536807.0395     2.3037    4.7811   
536807.1395     2.3895    4.6372   
536807.3395     2.3652    3.9988   
536807.4395     2.3333    3.8258   
536807.5395     2.2507    3.4975   
536807.7395     1.6463    3.8743   
536807.8395     1.6209    3.6586   
536808.0395     1.3141    3.4982   
536808.1395     1.3269    3.6244   
536808.2395     1.3350    3.6545   
536808.3395     1.4948    3.7553   
536808.4395     1.3027    3.6276   
536808.5395     1.2583    3.2436   
536808.6395     1.3822    3.3337   
536808.7395     1.4781    3.4127   
536808.7395     1.2555    3.3390   
536808.9414     2.0404    3.6283   
536809.0415     0.9267    3.5321   
536809.1416     1.7132    3.3503   
536809.1416     2.6636    3.3416   
536809.2415     3.5278    3.0573   
536809.3420     3.8941    2.2469   
536809.4415     4.3793    1.9221   
536809.5415     4.5134    2.2166   
536809.5415     4.4496    2.2541   
536809.6415     4.0314    2.2072   
536809.7415     3.8955    2.2241   
536809.7415     3.8292    2.2669   
536809.8415     3.4551    2.7523   
536809.8415     3.0358    2.8361   
536809.9415     3.1281    3.1387   
536810.0415     3.2313    3.5256   
536810.0415     3.3353    3.6412   
536810.1415     3.3369    3.6835   
536810.2415     3.4873    3.7249   
536810.3415     4.2949    4.2537   
536810.3415     4.5467    4.4560   
536810.4415     4.1415    4.3977   
536810.5415     3.9076    4.0182   
536810.6425     2.8562    3.5770   
536810.7415     2.1909    3.4265   
536810.8415     1.5750    3.0095   
536810.9415     0.8273    2.8483   
536810.9415     0.8260    2.7751   
536811.0415     0.6080    3.0002   
536811.1415     0.6687    3.1949   
536811.2424     1.0353    3.4001   
536811.4435     0.8341    3.4773   
536811.4435     0.7920    3.4949   
536811.5435     0.6182    3.5987   
536811.5955     0.5988    3.5750   
536811.6955     0.4777    3.7006   
536811.7955     0.4396    3.5862   
536811.8955     0.7814    3.3430   
536811.9955     1.1456    3.2059   
536812.0955     1.2235    3.3838   
536812.1955     1.2766    3.4113   
536812.2955     1.2263    3.6270   
536812.3955     1.0930    3.6032   
536812.4955     1.4544    3.4195   
536812.5955     1.7768    2.9213   
536812.7955     1.5762    2.1358   
536812.8955     0.9283    1.8269   
536812.9955     0.9047    1.8391   
536813.0955     1.2507    1.9548   
536813.1955     1.4709    2.0714   
536813.2955     1.0221    2.2380   
536813.3955     1.3786    2.2134   
536813.4954     2.0577    2.4702   
536813.5955     2.0943    2.9280   
536813.6955     1.7731    2.8783   
536813.7955     1.5147    3.4091   
536813.8973     1.7160    3.6788   
536813.9955     1.7827    3.4968   
536814.0956     2.0659    3.4498   
536814.2955     2.0516    2.9689   
536814.3955     2.2410    2.9385   
536814.4955     2.4928    2.9251   
536814.5954     2.3303    2.8010   
536814.6955     2.0650    2.6301   
536814.7955     2.0744    2.7520   
536814.9955     2.1220    2.6824   
536815.1955     2.3131    2.7745   
536815.2955     2.3556    2.8303   
536815.3956     2.3772    2.9475   
536815.4965     2.2298    2.9343   
536815.6966     2.9364    2.7698   
536815.7965     2.9707    2.7367   
536815.9965     3.2927    2.8889   
536816.1415     3.6117    2.3923   
536816.2435     2.8843    2.5532   
536816.3415     1.3087    3.1525   
536816.4415     1.3850    3.0268   
536816.6415     4.2406    3.7225   
536816.9425     3.1606    6.5488   
536817.0425     3.7785    7.3092   
536817.2429     5.9609    5.6374   
536817.3425     6.4112    4.6670   
536817.5426     5.4138    4.2823   
536817.6425     4.7571    4.3453   
536817.7438     4.0222    4.1040   
536817.8437     4.7493    3.6023   
536818.2955     5.8305    2.5469   
536818.4955     5.6792    3.3080   
536818.5955     5.8966    3.5599   
536818.9955     6.5490    3.3514   
536819.2955     7.2595    3.1003   
536819.3955     7.1936    2.8390   
536819.4955     7.0428    2.8726   
536819.5955     6.6880    2.7739   
536819.7955     6.8756    2.8973   
536819.8955     6.5345    2.8169   
536820.0955     6.9826    3.0560   
536820.1955     6.8076    2.8359   
536820.2955     6.4349    2.4389   
536820.4955     5.9468    2.1490   
536820.5955     5.5532    1.8504   
536820.7962     4.8424    1.4935   
536820.9405     5.0202    1.7239   
536821.0405     5.0742    1.7522   
536821.1405     5.0292    1.7060   
536821.2405     4.9849    1.6640   
536821.6355     5.2074    1.3998   
536821.8356     4.7792    1.3498   
536821.9355     4.6881    1.3420   
536822.0355     4.5918    1.3365   
536822.1355     4.4656    1.2821   
536822.5355     4.8051    1.3700   
536822.6355     4.7883    1.5169   
536822.8355     4.8874    1.4865   
536823.2355     3.8300    0.8941   
536823.3356     3.9847    1.0574   
536823.8355     4.1314    0.9332   
536824.2355     3.2254    0.8708   
536824.5355     3.2741    0.8524   
536824.9355     3.3713    0.9753   
536825.3355     3.7464    1.0346   
536825.7374     4.1160    1.4004   
536825.9366     4.1039    1.5350   
536826.2365     4.2547    1.3888   
536826.5365     4.2723    0.8059   
536826.8370     3.9127    0.7557   
536827.1365     3.9745    0.8563   
536827.3365     4.0525    0.8293   
536827.6365     4.4479    1.1487   
536827.8365     4.8481    1.0576   
536828.0365     5.3264    1.0317   
536828.2365     5.3973    1.1982   
536828.8385     5.0137    1.8122   
536829.1385     5.4151    1.9615   
536829.2387     5.4072    2.0335   
536829.4385     5.7041    2.1435   
536829.6385     5.8423    2.5048   
536829.9386     6.5148    2.9961   
536830.1385     7.1020    3.0452   
536830.2392     7.4378    3.1576   
536830.4395     7.8662    3.0817   
536830.6385     8.1189    2.9319   
536830.7386     8.0035    2.8423   
536830.9385     8.0517    2.6499   
536831.1386     8.0674    2.3912   
536831.3385     8.0856    2.4161   
536831.4386     7.9631    2.3769   
536831.6386     8.0237    2.3233   
536832.0386     8.5959    2.1785   
536832.2386     8.7815    2.1293   
536832.5386     9.1148    1.9697   
536832.7385     9.3908    1.9257   
536833.0386     9.6286    2.0810   
536833.2386     9.7494    2.1461   
536833.5836     9.9718    2.1676   
536833.6836     10.1010   2.1682   
536833.9345     10.6259   2.1928   
536834.0353     10.5328   2.3006   
536834.2345     10.8269   2.4299   
536834.3845     10.8022   2.5028   
536834.5845     10.9351   2.3846   
536834.6847     11.0760   2.3346   
536834.8844     11.3182   2.3940   
536834.9845     11.4143   2.3568   
536835.1845     11.5469   2.4503   
536835.3845     11.6456   2.6666   
536835.4845     11.7067   2.7094   
536835.6795     11.9481   2.6521   
536835.8795     12.4432   2.6186   
536836.0795     12.9880   2.6775   
536836.3795     13.2847   2.0249   
536836.6807     13.4981   1.6743   
536836.8811     14.1307   1.6270   
536837.1811     14.5633   1.5559   
536837.3811     14.7503   1.4327   
536837.4811     14.9080   1.3963   
536837.6811     15.0883   1.3588   
536837.7811     15.1665   1.3663   
536837.9811     15.0160   1.1414   
536838.0812     14.9819   1.0130   
536838.5811     15.6949   1.0726   
536838.6811     15.7965   1.0997   
536838.8811     16.1438   1.2540   
536839.1775     16.8019   1.2286   
536839.2785     16.7389   1.4671   
536839.3790     16.7753   1.2860   
536839.4785     16.0769   1.2958   
536839.8785     17.4211   0.9752   
536840.1785     15.7794   1.2328   
536840.4785     17.2139   1.4670   
536840.6785     17.3956   0.9584   
536840.6785     17.1610   1.0877   
536840.8785     16.8078   1.1016   
536840.9785     16.9959   0.8365   
536841.0785     16.9937   0.7084   
536841.1785     16.9125   0.6553   
536841.3786     17.2519   0.6723   
536841.5796     17.5197   0.7108   
536841.5796     17.2026   0.6070   
536841.6797     16.7008   0.3590   
536841.8785     17.0717   0.7123   
536841.9785     17.0295   0.5929   
536842.1785     17.0322   0.5524   
536842.2785     16.9310   0.5516   
536842.3787     17.0160   0.7531   
536842.4785     16.9809   0.9330   
536842.5785     17.0041   1.0100   
536842.7800     17.0002   0.6653   
536842.8785     17.0525   0.7412   
536842.9785     17.0208   0.6872   
536843.0785     17.1124   0.6325   
536843.2786     17.5593   0.8087   
536843.5785     17.4149   0.8113   
536843.7785     17.4233   0.6677   
536843.8785     17.4550   0.6428   
536843.9786     17.4569   0.5451   
536844.0785     17.3388   0.5722   
536844.2791     17.4369   0.6392   
536844.3787     17.4788   0.7540   
536844.5785     17.4566   0.8167   
536844.7785     17.7067   0.5352   
536844.8785     17.8198   0.5427   
536844.9785     17.5953   0.7831   
536845.0785     17.6436   0.9934   
536845.1785     17.6222   0.7823   
536845.3788     16.4698   1.1434   
536845.8785     15.7317   1.3558   
536846.0785     15.3343   1.5107   
536846.4235     14.7107   1.3941   
536847.0235     13.2933   1.3410   
536847.6235     14.5727   1.1427   
536847.6235     14.5717   1.0823   
536848.2235     15.9511   0.9826   
536848.6185     17.5267   0.8833   
536848.8635     17.9607   0.8094   
536848.8635     17.9534   0.8513   
536849.0635     18.6568   0.8256   
536849.2145     19.0188   0.7192   
536849.3145     19.0203   0.6753   
536849.3145     19.0338   0.7236   
536849.4145     19.0773   0.7536   
536849.4145     19.0777   0.7299   
536849.5145     19.1352   0.7256   
536849.6145     19.1043   0.7163   
536849.6145     19.0813   0.7138   
536849.7145     19.3935   0.6638   
536849.8145     19.1278   0.7338   
536849.9154     19.1295   0.6628   
536849.9154     19.0522   0.5390   
536850.0595     19.0578   0.4359   
536850.0595     19.0156   0.3961   
536850.0595     18.7607   0.3043   
536850.1595     18.5932   0.1715   
536850.2595     18.5942   0.2284   
536850.2595     18.5416   0.2305   
536850.3595     18.5599   0.2881   
536850.4595     18.6030   0.4219   
536850.5595     18.3564   0.8622   
536850.6595     18.4212   1.2324   
536850.7595     18.4403   1.2118   
536850.8595     18.9372   1.2657   
536850.9595     18.9682   1.3167   
536851.0595     19.0609   1.3358   
536851.1595     19.0477   1.3859   
536851.1595     18.8366   1.2708   
536851.2597     19.6900   1.2250   
536851.2597     19.6146   1.3235   
536851.3595     19.5368   1.1534   
536851.4595     19.5187   1.1184   
