536602.5345     6.0678    3.7231   
536602.5345     6.1043    3.7419   
536602.6345     6.1767    4.1094   
536602.6345     6.2469    4.1101   
536602.6345     6.3125    4.1241   
536602.6345     6.2677    4.1221   
536602.6345     6.4522    4.1319   
536602.7345     6.5295    4.2966   
536602.7345     6.5507    4.2781   
536602.7345     6.5264    4.2278   
536603.1345     5.1979    4.1570   
536603.2345     4.9670    4.2911   
536603.2345     5.0304    4.2786   
536603.3845     5.5296    3.9698   
536603.3845     5.4185    4.0176   
536603.3845     5.3495    4.0629   
536603.4845     4.8544    3.6936   
536603.5845     4.8389    3.6570   
536603.5845     5.0978    3.7325   
536603.6845     5.4405    3.6121   
536603.6845     5.5204    3.6242   
536603.6845     5.5487    3.6059   
536603.7845     4.9570    3.1172   
536603.8845     4.5510    2.9465   
536603.8845     4.5896    2.9279   
536603.9847     5.1864    2.9613   
536604.0845     5.5999    3.0263   
536604.0845     4.8451    3.4495   
536604.1845     3.4665    2.9961   
536604.1845     3.5465    2.9327   
536604.2845     3.3129    2.9108   
536604.4345     2.8940    2.6786   
536604.4345     4.0103    2.5708   
536604.5345     4.4471    2.6458   
536604.5345     4.3598    2.6263   
536604.6345     5.0856    2.8782   
536604.7345     3.7273    2.8381   
536604.7345     4.0582    2.8238   
536604.8345     4.8793    2.8391   
536604.9345     4.5656    2.4735   
536605.0345     5.8377    2.5912   
536605.0345     5.0564    2.7155   
536605.1345     5.2651    2.9322   
536605.2345     5.5780    3.0991   
536605.2345     5.6261    3.1547   
536605.3345     5.0565    3.0398   
536605.3345     5.0311    3.0172   
536605.4845     4.5002    2.9501   
536605.4845     4.1541    2.7305   
536605.5845     4.4718    2.6347   
536605.6845     4.4111    2.5313   
536605.6845     3.4068    2.5020   
536605.8845     3.5792    2.5984   
536605.8845     3.5314    2.5666   
536605.9845     3.6232    2.5701   
536606.0846     3.6158    2.6996   
536606.1845     4.1767    2.6813   
536606.1845     4.0195    2.7967   
536606.2845     4.4950    2.7736   
536606.4345     3.2883    2.8442   
536606.4345     3.7684    2.8500   
536606.5345     3.0172    3.4427   
536606.6345     3.2423    3.4841   
536606.7345     3.3194    2.8817   
536606.7345     3.6956    2.9218   
536606.8345     3.5093    2.6745   
536606.9345     3.1550    2.9608   
536607.0345     3.1335    3.0711   
536607.0345     4.3643    3.3034   
536607.1345     5.0471    3.5804   
536607.2845     5.3684    3.5994   
536607.2845     5.3196    3.3139   
536607.3845     4.4049    3.8479   
536607.4845     4.2612    3.7029   
536607.5845     4.6155    3.6354   
536607.5845     4.8085    3.4779   
536607.6845     4.8489    3.1077   
536607.7845     4.7692    2.8621   
536607.8846     4.6925    2.6077   
536607.8846     4.1016    2.6107   
536608.0845     3.7146    2.3558   
536608.1345     3.0022    1.9614   
536608.2345     3.0539    1.9567   
536608.2345     3.0609    2.1876   
536608.4345     2.7673    3.3868   
536608.4345     2.7304    3.4544   
536608.5345     2.7812    3.3372   
536608.6345     2.3801    2.5472   
536608.7345     2.1657    3.0539   
536608.8345     2.5290    3.4623   
536608.8345     3.3264    3.5876   
536608.9345     2.9138    4.3598   
536609.0345     4.7445    5.1900   
536609.0345     5.5374    5.4471   
536609.1845     5.0127    3.6883   
536609.2849     5.2232    2.8529   
536609.2849     5.1993    2.8351   
536609.3845     4.4460    2.8994   
536609.5846     4.6962    2.5900   
536609.5846     4.1481    2.4693   
536609.6845     3.8530    2.4770   
536609.6845     3.8050    2.4796   
536609.6845     3.4228    2.3318   
536609.7795     3.7355    2.7780   
536609.8795     3.8146    2.8468   
536609.9795     3.6404    2.3852   
536610.0795     3.7248    2.0037   
536610.1795     3.7834    2.1385   
536610.2795     3.8597    2.2926   
536610.2795     3.5933    2.1846   
536610.3795     3.4175    2.3415   
536610.4795     3.2684    2.0257   
536610.4795     3.2098    1.9976   
536610.5795     3.2678    1.8050   
536610.6795     3.2888    1.7427   
536610.7795     2.9104    1.6598   
536610.7795     3.1112    1.7384   
536610.8795     3.0492    1.7071   
536610.9795     3.1316    1.9157   
536611.0795     2.9210    1.8593   
536611.1795     3.2794    1.9767   
536611.2795     2.9749    2.0871   
536611.2795     3.3295    2.1293   
536611.3795     3.2934    2.1727   
536611.4795     2.7245    1.8536   
536611.5795     2.8463    1.8538   
536611.6795     2.7955    1.8050   
536611.6795     2.8074    1.8908   
536611.7795     2.9648    1.8642   
536611.8795     3.1124    1.9951   
536611.9795     3.5137    2.0210   
536612.0795     3.4126    2.1168   
536612.1795     3.4512    2.4080   
536612.2795     3.1988    2.3184   
536612.3794     3.2444    2.1511   
536612.4795     3.1401    1.8663   
536612.4795     3.1404    1.8675   
536612.5795     2.5190    1.9345   
536612.6745     2.4383    1.4684   
536612.7745     2.3073    0.9468   
536612.8745     2.5852    1.1122   
536612.9245     2.4635    0.9013   
536613.0245     2.6534    0.9171   
536613.1248     2.4227    0.9066   
536613.2245     2.4428    0.9815   
536613.3245     2.3752    1.1945   
536613.4245     2.7769    1.2907   
536613.5245     3.5143    1.4104   
536613.6245     3.8008    1.7553   
536613.7245     3.9221    2.2221   
536613.8245     3.9466    2.5035   
536613.9245     3.9546    2.5645   
536613.9745     3.2262    2.3706   
536614.0746     3.3333    2.0988   
536614.1745     2.9641    1.7906   
536614.2745     3.1215    1.8809   
536614.2745     2.8850    1.8136   
536614.3745     2.8091    1.8862   
536614.4745     3.0974    1.6913   
536614.5745     3.0105    1.6595   
536614.6745     3.2824    1.8234   
536614.6745     3.2545    1.9464   
536614.9245     2.8167    1.6020   
536614.9245     2.9926    1.8122   
536615.0245     2.9989    1.9145   
536615.1245     2.8635    2.0080   
536615.2245     3.0621    1.9934   
536615.2245     2.9727    1.9763   
536615.3245     3.2380    1.8798   
536615.4247     3.0285    1.9006   
536615.5245     2.8362    1.5285   
536615.6765     2.4583    1.3552   
536615.6765     2.7960    1.2031   
536615.7787     2.5828    1.1304   
536615.8787     2.8639    1.0121   
536615.9787     2.8980    0.8445   
536616.0787     2.8329    0.8969   
536616.1787     3.1495    1.0161   
536616.2787     2.8281    1.0985   
536616.3787     2.7778    1.0918   
536616.4787     2.5985    1.0876   
536616.5787     2.3518    0.9804   
536616.5787     1.9455    0.8192   
536616.6787     1.4890    0.5326   
536616.7787     1.6270    0.5639   
536616.8787     1.8190    0.6961   
536616.9787     2.2423    0.8367   
536617.0787     2.7749    0.8418   
536617.1787     2.9650    1.0275   
536617.2787     3.1663    1.1184   
536617.2787     1.9777    0.8918   
536617.3787     1.9089    1.2510   
536617.4787     1.0475    1.5337   
536617.5787     1.1938    1.9617   
536617.6787     1.4452    1.9674   
536617.6787     1.5253    1.7321   
536617.7787     2.0667    1.6413   
536617.8787     3.5369    1.6485   
536617.8787     2.8033    1.3665   
536617.9787     3.1769    1.6439   
536617.9787     2.7425    1.8627   
536618.0787     2.6504    2.5229   
536618.0787     1.7001    2.6172   
536618.1787     2.2946    2.5364   
536618.1787     1.9312    2.7561   
536618.2787     3.3797    3.0772   
536618.3787     4.2123    3.0044   
536618.3787     4.8119    3.1480   
536618.3787     5.1594    3.0122   
536618.4787     4.2458    2.7924   
536618.4787     3.7960    2.8008   
536618.5787     2.8621    2.9366   
536618.5787     3.3484    2.8453   
536618.6788     3.3688    2.9637   
536618.6788     3.5500    3.3148   
536618.7787     3.7576    3.3581   
536618.7787     3.4158    3.3413   
536618.8787     3.9224    2.8686   
536618.8787     4.3744    2.8065   
536618.9787     4.4982    2.3465   
536618.9787     4.6612    2.1718   
536619.0787     4.3582    2.2428   
536619.0787     4.0773    2.1076   
536619.1790     4.3263    2.1667   
536619.1790     4.8870    2.2954   
536619.2787     5.2015    2.4243   
536619.3787     5.1540    2.6318   
536619.3787     5.0967    2.5810   
536619.4787     4.8165    2.6953   
536619.4787     4.8055    2.6614   
536619.5787     4.7296    2.7276   
536619.6787     4.8248    2.4623   
536619.6787     4.6157    2.3571   
536619.7787     4.6397    2.1801   
536619.8787     4.5092    2.0228   
536619.9787     4.5193    1.9928   
536619.9787     4.6872    2.0337   
536620.0789     4.8565    2.1118   
536620.1787     4.5448    2.1226   
536620.2787     4.3237    1.9261   
536620.3787     4.1259    1.7130   
536620.4787     4.3537    1.4828   
536620.4787     4.2002    1.4401   
536620.5787     4.5558    1.4116   
536620.6787     4.5294    1.4392   
536620.7787     4.7554    1.5574   
536620.8787     4.6984    1.5826   
536620.9787     4.6982    1.5607   
536621.0787     4.4768    1.4937   
536621.1787     4.5909    1.4576   
536621.2787     4.7826    1.6502   
536621.3787     5.0506    1.7574   
536621.4787     4.8697    1.8077   
536621.6237     4.5105    1.7507   
536621.7237     4.5467    1.8309   
536621.8237     4.4224    1.8697   
536621.9237     4.5923    2.0211   
536622.0237     4.6870    2.0368   
536622.0237     4.6932    2.0677   
536622.2237     5.0998    1.9629   
536622.2755     4.7052    1.9791   
536622.3755     5.0039    2.0675   
536622.4755     4.7923    1.9920   
536622.5755     4.8666    2.0646   
536622.7755     4.8344    2.0060   
536622.8755     4.7929    1.9608   
536622.9755     5.1393    1.9450   
536623.0755     4.9453    1.8955   
536623.1755     5.1293    1.8043   
536623.2755     5.0887    1.7805   
536623.3755     5.0276    1.7598   
536623.4755     5.0265    1.7408   
536623.5755     4.9337    1.7206   
536623.6755     4.9681    1.7507   
536623.7755     5.0337    1.8250   
536623.8755     5.0788    1.9300   
536623.9755     4.8198    1.7463   
536624.0755     4.7527    1.7914   
536624.1755     5.2949    2.0487   
536624.2755     5.4827    2.1673   
536624.3755     6.7431    2.3793   
536624.4755     3.7186    2.0937   
536624.6755     5.1327    2.4921   
536624.7755     2.8909    2.0741   
536624.8755     4.4352    2.1553   
536624.9755     6.0876    2.8059   
536625.0755     6.2678    2.9651   
536625.1755     6.1634    2.7655   
536625.2755     4.4526    2.4984   
536625.3755     4.3532    2.5102   
536625.4755     4.7351    2.4826   
536625.5755     5.2182    2.5469   
536625.6755     5.7627    2.4931   
536625.7755     5.8017    2.5455   
536625.8755     5.5852    2.4716   
536625.9755     5.3100    2.2720   
536626.0755     5.3642    2.1499   
536626.1755     5.4361    2.1188   
536626.2755     5.1780    1.9025   
536626.3754     5.5148    1.9801   
536626.4755     5.6731    2.1555   
536626.5755     5.6951    2.2206   
536626.6755     5.2842    2.1025   
536626.7755     4.8806    2.0978   
536626.8755     4.8594    2.1015   
536626.9205     5.3216    2.3455   
536627.0205     6.1302    2.6605   
536627.1205     5.9372    2.6590   
536627.2155     5.8538    2.7427   
536627.3155     5.0095    2.4092   
536627.4168     5.3441    2.4837   
536627.5155     5.5281    2.5893   
536627.5155     6.0665    2.7679   
536627.6157     6.1414    2.7251   
536627.7155     5.6426    2.5383   
536627.8155     5.3481    2.4508   
536628.0155     5.7217    2.7552   
536628.0155     5.8104    2.7873   
536628.1155     5.8652    2.9856   
536628.2155     5.5534    2.9802   
536628.3155     5.6879    2.9310   
536628.4155     5.1869    2.6777   
536628.4155     5.3004    2.6154   
536628.5155     5.0812    2.4158   
536628.6155     5.2068    2.4649   
536628.7155     5.2789    2.4864   
536628.7638     5.0595    2.3694   
536628.8638     5.3968    2.4083   
536628.8638     5.2053    2.3541   
536628.9639     5.3799    2.2521   
536629.0638     5.6328    2.1882   
536629.1639     5.3442    1.9966   
536629.2639     4.9088    2.0251   
536629.3589     4.9274    2.1620   
536629.4589     5.9786    2.6184   
536629.4589     5.8601    2.5905   
536629.5589     6.8469    2.8760   
536629.6589     6.2745    2.7773   
536629.7588     4.9413    2.3335   
536629.8588     4.4833    2.0754   
536629.8588     4.2975    2.2770   
536629.9589     3.9046    2.5246   
536630.0589     5.7499    3.3514   
536630.0589     5.0720    3.8511   
536630.1588     5.5097    4.1782   
536630.2588     5.2120    3.9824   
536630.3589     4.6901    3.3332   
536630.3589     4.5119    2.8659   
536630.4589     4.8961    2.8674   
536630.5603     5.2951    2.7399   
536630.5603     5.8220    2.8818   
536630.6596     5.3008    2.7305   
536630.7589     4.8641    2.4296   
536630.7589     4.6932    2.3123   
536630.8588     4.7192    2.1265   
536630.9589     4.6659    1.8277   
536630.9589     4.7081    1.8109   
536631.0591     4.4442    1.6821   
536631.1589     4.2972    1.5655   
536631.2589     4.0950    1.5335   
536631.3589     4.2791    1.5808   
536631.3589     3.8626    1.4294   
536631.4589     3.8965    1.4572   
536631.5590     4.6310    1.5654   
536631.6589     4.5376    1.3300   
536631.6589     4.6887    1.3393   
536631.7588     4.9857    1.3076   
536631.7588     5.1291    1.4005   
536631.8589     5.3590    1.5276   
536631.9589     4.0549    1.4880   
536632.0589     3.2124    1.3222   
536632.0589     3.9226    1.5280   
536632.1588     5.0618    2.0790   
536632.2589     8.0587    3.2085   
536632.3589     5.7808    2.8572   
536632.4588     3.2220    2.7239   
536632.4588     1.7842    2.4789   
536632.5589     4.2456    2.8106   
536632.6593     6.2912    2.9643   
536632.7606     7.5524    3.1645   
536632.8589     5.9920    2.7547   
536632.9038     3.7136    2.1217   
536632.9543     2.9046    1.7905   
536633.1039     3.4131    1.6189   
536633.1039     5.0948    1.8330   
536633.2039     5.4924    1.8300   
536633.3552     5.3898    1.6065   
536633.4039     4.7406    1.4186   
536633.5039     4.3989    1.2722   
536633.6038     4.3860    1.3955   
536633.7039     4.8398    1.5367   
536633.8038     4.7933    1.5271   
536633.8038     4.9013    1.5394   
536633.9038     4.8973    1.5478   
536633.9038     4.5621    1.4423   
536634.0038     4.5445    1.2351   
536634.1038     4.5088    1.3831   
536634.2038     4.2163    1.2148   
536634.3039     4.4887    1.0997   
536634.4038     4.6978    1.0812   
536634.4543     4.3620    1.0879   
536634.5038     3.9680    0.9942   
536634.7038     3.4008    0.9886   
536634.7038     3.7365    1.0845   
536634.8038     4.2645    1.4722   
536634.9038     4.5048    1.6643   
536635.0039     4.6634    1.8260   
536635.1038     4.2435    1.9925   
536635.2039     3.8016    2.0938   
536635.3039     3.7420    2.1530   
536635.4039     3.7888    2.3672   
536635.5039     4.1358    2.3713   
536635.5039     4.0918    2.3578   
536635.6039     3.7782    2.2373   
536635.7039     3.5074    2.0625   
536635.8038     3.1539    1.9251   
536635.9038     3.6463    1.9297   
536636.0039     3.8995    1.9617   
536636.1044     3.6717    2.0940   
536636.3039     2.8189    2.1789   
536636.4039     2.4063    2.0710   
536636.5039     2.5245    2.0647   
536636.6039     3.0184    2.1452   
536636.7039     3.9602    2.1704   
536636.8038     3.6649    1.9622   
536636.9039     4.2037    1.9797   
536637.0039     3.5567    1.6823   
536637.1039     3.8503    1.8474   
536637.2039     3.3230    1.8207   
536637.3039     3.2461    2.1129   
536637.5039     2.8536    2.1068   
536637.6038     1.9332    2.1740   
536637.7039     1.6692    2.3434   
536637.8039     2.2527    2.6927   
536638.0039     1.9494    2.8259   
536638.1039     1.2411    2.7723   
536638.2038     1.4147    3.0079   
536638.4038     1.1269    3.3643   
536638.5544     0.9660    3.5133   
536638.6545     1.0551    3.3069   
536638.8545     1.2103    3.3971   
536638.9545     1.4146    3.3012   
536639.1045     1.2661    3.2522   
536639.2045     1.7608    3.1223   
536639.4045     2.2092    3.2118   
536639.5045     2.2181    3.0797   
536639.7046     2.4099    3.0088   
536639.8045     2.8608    2.9690   
536639.9545     3.1444    2.8414   
536640.0545     3.0287    2.7119   
536640.2553     3.0724    2.6952   
536640.3545     3.3668    2.7794   
536640.5545     3.6349    2.7996   
536640.7045     3.6489    2.8618   
536640.8045     3.4436    2.9168   
536640.9045     3.0856    2.8713   
536641.1047     2.9112    2.7583   
536641.1995     3.0300    2.7837   
536641.3995     3.3303    2.8762   
536641.4995     3.5922    3.0035   
536641.5995     3.5168    2.8759   
536641.7995     3.1904    2.7346   
536641.8995     3.4522    2.7699   
536641.9995     3.8574    2.8607   
536642.1995     3.9931    2.6841   
536642.2995     3.8206    2.5180   
536642.3995     3.3383    2.3035   
536642.4995     3.2812    2.0448   
536642.5995     4.3254    2.2282   
536642.8008     5.3873    2.4548   
536642.8999     6.4231    2.6653   
536642.9995     7.2609    2.8579   
536643.0995     8.1589    3.4415   
536643.1995     5.2990    3.0925   
536643.2995     2.6465    3.0168   
536643.3998     0.1595    2.3949   
536643.4995     1.8056    2.0312   
536643.5995     0.7770    2.2489   
536643.6995     4.5727    3.2891   
536643.7995     5.8148    3.8590   
536643.7995     4.3113    4.3623   
536643.8995     1.2743    4.4122   
536643.9995     2.0168    4.1119   
536644.1015     2.5414    3.4347   
536644.2015     1.1483    2.9176   
536644.3015     2.4699    3.0273   
536644.3015     4.4517    3.5070   
536644.4015     4.2297    3.5501   
536644.5015     2.2794    3.2370   
536644.6015     0.9357    2.7621   
536644.6015     0.6513    2.5044   
536644.7015     1.5132    2.8190   
536644.8015     2.8598    3.2707   
536644.8015     2.9601    3.4690   
536644.9014     2.2464    3.4280   
536645.0015     1.4898    3.2984   
536645.0015     0.9920    3.2003   
536645.1015     1.7136    3.3881   
536645.1015     2.2785    3.5298   
536645.2015     2.2447    3.5312   
536645.4015     1.4934    3.4696   
536645.4015     1.1118    3.4757   
536645.5015     1.2037    3.5445   
536645.6015     0.9830    3.4503   
536645.6015     0.8734    3.5151   
536645.7017     0.9744    3.3897   
536645.8020     0.8649    3.3675   
536645.8020     1.1900    3.3578   
536645.9020     1.2324    3.4224   
536645.9020     1.1959    3.4703   
536646.0021     1.3035    3.4242   
536646.0021     1.2866    3.4407   
536646.1021     1.1300    3.3549   
536646.2020     1.2112    3.1111   
536646.2020     0.8443    2.9507   
536646.3020     0.7150    2.7191   
536646.3020     1.1449    2.5686   
536646.4020     1.7482    2.4241   
536646.5020     2.1647    2.4173   
536646.5020     2.1530    2.3001   
536646.6020     1.8842    2.1226   
536646.7020     2.0994    1.8511   
536646.7020     2.6712    1.8304   
536646.8020     2.9996    1.8805   
536646.9020     3.0918    1.8534   
536646.9020     2.8864    1.8237   
536647.0020     2.6873    1.6089   
536647.1020     2.7147    1.4956   
536647.2020     2.7349    1.5142   
536647.2020     2.9473    1.4502   
536647.3020     3.1605    1.5067   
536647.4020     3.1556    1.2844   
536647.4020     3.3512    1.2736   
536647.5021     3.6852    1.2839   
536647.6021     3.6602    1.2592   
536647.7020     3.6541    1.1512   
536647.8021     3.7140    1.2174   
536647.8021     4.1602    1.1892   
536647.9020     4.4736    1.2103   
536648.0021     4.7265    1.3376   
536648.1021     4.9312    1.4534   
536648.2020     4.8305    1.5756   
536648.3021     4.7011    1.5542   
536648.3021     4.6950    1.5385   
536648.4020     4.4937    1.1267   
536648.5021     4.2709    1.1730   
536648.6575     3.9299    0.8606   
536648.6575     3.6993    0.8336   
536648.7575     3.7607    1.0510   
536648.8575     4.3448    0.9060   
536648.9575     4.7744    1.0499   
536649.0575     4.6950    0.6955   
536649.1575     4.5289    0.8322   
536649.2585     4.0267    0.6949   
536649.2585     3.9150    0.7557   
536649.3575     4.0458    0.6502   
536649.4575     4.4320    1.0370   
536649.5575     4.8960    0.8099   
536649.6575     5.2741    0.8217   
536649.8025     5.5545    0.8844   
536649.9025     6.3540    1.2692   
536650.0025     6.6903    1.5489   
536650.0025     7.6026    1.9344   
536650.1025     8.4235    2.1651   
536650.2025     9.3611    2.2705   
536650.3025     8.9120    2.1202   
536650.4025     6.2264    1.5630   
536650.5025     3.9433    1.4405   
536650.6025     4.6865    2.1782   
536650.7025     4.3601    2.3981   
536650.8025     4.4575    2.6860   
536650.9025     3.4170    3.0408   
536651.0025     6.8229    3.8459   
536651.1005     5.9140    4.4988   
536651.1005     4.4822    4.3900   
536651.2005     4.3964    3.8167   
536651.3005     4.7632    2.8468   
536651.4005     2.8871    1.7773   
536651.5005     2.5355    1.8391   
536651.6005     3.6734    3.3387   
536651.7005     2.8960    4.7451   
536651.8005     3.3962    5.6003   
536651.9005     5.6893    5.2525   
536651.9005     5.3886    4.3457   
536652.0005     2.6637    3.3544   
536652.2005     2.6499    3.3085   
536652.3005     3.0072    3.7205   
536652.4005     3.8213    4.4461   
536652.5005     4.4178    4.6137   
536652.6005     4.0399    4.1386   
536652.7005     3.0977    3.5580   
536652.8005     3.2238    3.4173   
536652.9005     3.3874    3.4877   
536653.0005     3.5927    3.3584   
536653.0005     2.6574    3.2922   
536653.1005     2.4631    2.7181   
536653.1963     2.5248    2.5781   
536653.3955     2.6513    2.8016   
536653.3955     2.6643    2.9317   
536653.5955     3.1647    3.6754   
536653.6955     3.5832    3.9228   
536653.7955     3.4612    4.3496   
536653.8955     3.4473    4.2399   
536653.9955     3.4800    3.7501   
536653.9955     3.2598    3.5991   
536654.0955     3.4387    3.5535   
536654.1955     3.4145    3.7063   
536654.2955     3.3154    3.7474   
536654.3955     2.9746    3.4292   
536654.4955     2.8488    3.3333   
536654.5955     3.0815    3.3672   
536654.6955     3.3263    3.5164   
536654.8405     3.3764    3.5218   
536654.9385     3.5193    3.4690   
536655.0385     3.6546    3.5900   
536655.1385     3.6746    3.9284   
536655.2385     3.6385    4.1444   
536655.3385     3.3870    4.3542   
536655.4385     3.5288    4.4781   
536655.6385     4.0960    4.7853   
536655.7385     5.0342    5.0096   
536655.8385     4.0444    4.9043   
536655.9385     3.4890    4.9587   
536656.1385     3.4665    4.8867   
536656.2385     3.9927    4.9100   
536656.2385     3.8954    4.7596   
536656.3385     3.6963    4.6470   
536656.4385     4.0644    4.0559   
536656.5385     3.6412    3.7563   
536656.6385     3.4407    3.8210   
536656.7385     3.6462    3.8476   
536656.8385     3.3673    3.6421   
536657.0385     2.8972    2.8911   
536657.1385     2.8392    2.3649   
536657.2385     4.3122    2.0706   
536657.3384     5.4595    2.2174   
536657.4384     5.4675    2.2724   
536657.5385     2.8747    2.0617   
536657.6385     0.3548    2.1391   
536657.7385     0.9086    2.2246   
536657.8385     0.7952    2.2229   
536657.9385     1.9676    2.6363   
536658.1385     2.9642    3.3915   
536658.1385     1.7627    3.7635   
536658.2385     1.3993    3.6108   
536658.3388     2.3095    3.2727   
536658.4385     1.6940    2.7286   
536658.5385     2.6055    2.7280   
536658.6389     2.2755    2.9697   
536658.7385     1.4636    3.0613   
536658.8385     0.5959    2.9265   
536658.9385     0.7418    2.7791   
536659.0385     1.0510    2.4851   
536659.2385     2.1364    2.2035   
536659.3385     3.3861    2.3379   
536659.4385     3.1806    2.4188   
536659.5385     2.8458    2.2905   
536659.6393     2.3374    2.2775   
536659.7385     2.2906    2.3303   
536659.7385     2.5002    2.4639   
536659.8385     2.2192    2.6178   
536660.0385     2.0721    2.8523   
536660.1385     2.4265    2.8439   
536660.2393     2.7029    2.7025   
536660.3408     3.3082    2.6943   
536660.4385     4.4837    2.3536   
536660.5385     5.5818    2.2640   
536660.6389     6.7348    2.4005   
536660.7385     7.8199    2.6161   
536660.8385     8.6700    2.8678   
536660.9385     8.1160    2.7303   
536661.0385     6.4645    2.4551   
536661.1385     5.2404    2.5546   
536661.2385     4.7675    2.6159   
536661.3385     5.2337    2.7700   
536661.4384     5.4603    2.8772   
536661.5385     4.8559    2.8196   
536661.5385     4.0117    2.7594   
536661.6385     2.8050    2.8148   
536661.7385     1.5925    2.8222   
536661.8385     0.8568    2.8394   
536661.9385     0.5833    3.0151   
536662.0385     0.4829    3.1928   
536662.1385     0.6225    3.1143   
536662.2385     0.6210    3.0853   
536662.3385     1.0043    3.1155   
536662.4385     0.9714    2.9582   
536662.5385     1.1903    2.8472   
536662.6385     1.4733    3.2034   
536662.7385     1.9348    3.2525   
536662.8385     1.9721    3.1732   
536662.8385     1.9872    3.1797   
536662.9384     1.3341    2.8724   
536663.0386     1.0709    2.6356   
536663.1385     0.8458    2.5968   
536663.2385     2.1063    2.6706   
536663.2385     3.9594    2.7053   
536663.3385     4.7463    2.9945   
536663.4385     4.7088    3.2858   
536663.4385     4.5315    3.3191   
536663.5385     4.8362    3.2044   
536663.6385     3.9387    3.3035   
536663.6385     3.7684    3.5822   
536663.7385     2.3835    3.5170   
536663.8385     2.5671    2.9865   
536663.8385     2.5753    2.5778   
536663.9385     2.2137    2.4274   
536663.9385     3.2343    2.4616   
536664.0385     3.0753    2.8934   
536664.1385     1.8168    3.0502   
536664.1385     2.5368    2.8508   
536664.2385     3.4790    2.6884   
536664.2385     4.3904    2.6305   
536664.3385     3.8273    2.8791   
536664.4385     3.4464    3.1893   
536664.4385     3.3348    3.3295   
536664.5385     3.9699    3.3403   
536664.6385     6.0707    3.3095   
536664.6385     6.4262    3.4518   
536664.7385     5.2369    3.6582   
536664.8385     4.3925    3.8401   
536664.9391     3.8955    3.4231   
536664.9391     4.0724    3.2772   
536665.0385     4.0279    2.9522   
536665.1385     3.6779    3.0103   
536665.2385     3.1999    2.8252   
536665.2385     3.2589    2.5390   
536665.3385     2.4169    2.3684   
536665.4385     1.9893    2.2764   
536665.5385     1.9854    2.2485   
536665.5385     2.2298    2.1688   
536665.6385     2.1155    1.9233   
536665.7385     2.1059    2.0112   
536665.7385     1.9023    2.0518   
536665.8385     1.5589    2.1455   
536665.9385     1.4131    2.1836   
536666.0385     1.5395    2.2757   
536666.1384     1.5041    2.2558   
536666.1384     1.5801    2.2141   
536666.2385     1.3738    2.1419   
536666.3385     1.2932    2.0677   
536666.4385     1.0400    2.1378   
536666.6385     1.0502    2.3226   
536666.7387     0.7548    2.2792   
536666.7387     0.9382    2.0414   
536666.8385     1.0454    1.9992   
536666.9385     0.7899    2.0177   
536667.0385     0.6873    1.9837   
536667.1395     0.6419    1.9576   
536667.2385     0.6018    2.0413   
536667.2385     0.9757    2.1636   
536667.3395     2.6954    2.3030   
536667.3395     2.5256    2.7458   
536667.4385     2.6281    2.4210   
536667.5385     2.7134    2.0982   
536667.6385     3.2646    1.9702   
536667.7385     2.4934    2.0802   
536667.7385     2.1166    2.0513   
536667.8835     2.4520    1.9811   
536668.0835     2.1459    2.2166   
536668.1835     2.2124    2.1642   
536668.2835     2.4761    1.9412   
536668.3835     2.2544    1.6988   
536668.4835     1.7813    1.5007   
536668.4835     1.7536    1.6615   
536668.5835     1.8150    1.7228   
536668.7835     2.1717    1.6214   
536668.8835     2.4698    1.5073   
536668.9835     3.5870    1.2583   
536668.9835     5.2597    1.5446   
536669.0835     8.1100    2.5349   
536669.1835     7.6669    2.4930   
536669.2835     5.8203    1.8561   
536669.3835     7.9237    2.1760   
536669.4835     10.2422   2.6555   
536669.5835     13.1578   3.6923   
536669.6835     13.8523   4.0209   
536669.7835     8.2020    2.5199   
536669.8835     6.1296    2.0128   
536669.9835     5.4409    1.9624   
536670.1835     5.3239    1.7718   
536670.2835     6.3449    1.8790   
536670.3835     6.0751    2.1255   
536670.4835     4.9074    2.2835   
536670.4835     4.4589    1.9603   
536670.5835     3.9081    1.7416   
536670.6835     3.8758    1.9107   
536670.7835     5.6234    2.3352   
536670.8835     5.5880    2.3695   
536670.9835     4.8950    2.1093   
536671.0835     5.0398    2.1864   
536671.1835     5.2159    2.2528   
536671.2835     5.1376    2.1595   
536671.3835     5.1997    1.9216   
536671.4835     5.3340    2.1395   
536671.5835     5.0598    2.3817   
536671.6835     4.8527    2.3075   
536671.6835     5.9830    2.3969   
536671.7835     6.0354    2.3900   
536671.8835     6.1609    2.6078   
536671.9835     6.2872    2.5665   
536672.0835     6.1060    2.4793   
536672.1835     5.8355    2.5510   
536672.2835     5.6908    2.6114   
536672.3835     5.7503    2.6143   
536672.5835     6.3316    2.5020   
536672.6835     6.4805    2.5242   
536672.6835     7.0842    2.6491   
536672.7835     6.7590    2.2519   
536672.8835     6.8205    1.9902   
536672.9835     7.0665    2.0588   
536673.0347     7.0911    1.9952   
536673.1835     6.7784    1.8507   
536673.2835     6.8342    1.9032   
536673.2835     7.0034    1.9634   
536673.3835     7.3464    1.9487   
536673.5835     7.4043    1.8440   
536673.6835     7.7534    1.8865   
536673.7350     8.0444    2.0752   
536673.8835     8.2395    2.1200   
536674.0835     8.6167    2.4822   
536674.1835     8.9985    2.5034   
536674.1835     9.9538    2.8215   
536674.2835     7.9421    2.9364   
536674.2835     8.6296    3.1472   
536674.3835     8.5476    3.3206   
536674.4835     8.5516    3.3165   
536674.5835     8.4268    3.3384   
536674.6835     8.3709    3.5338   
536674.9846     7.9323    3.0713   
536675.0846     7.9713    3.1176   
536675.1846     8.0842    3.0675   
536675.1846     7.9028    3.0343   
536675.2846     6.2489    3.0507   
536675.3846     6.4156    3.0406   
536675.5365     6.3928    2.8065   
536675.6365     5.8538    2.5874   
536675.7365     5.4939    2.5279   
536675.8365     5.3947    2.5099   
536675.9365     5.5838    2.5131   
536675.9365     5.6407    2.5414   
536676.0365     5.4622    2.4475   
536676.1365     5.3424    2.4288   
536676.2365     5.4792    2.3048   
536676.2815     3.4479    2.0985   
536676.2815     3.5177    2.0392   
536676.3815     4.0115    2.1580   
536676.4815     4.2672    2.2658   
536676.5815     4.4629    2.2701   
536676.6815     4.3596    2.1435   
536676.6815     4.3520    2.1396   
536676.7815     4.4689    2.0636   
536676.8815     4.5585    1.8346   
536676.9815     4.7819    1.9750   
536677.0815     4.7892    2.1250   
536677.0815     5.1446    2.1809   
536677.1815     4.8840    2.3334   
536677.1815     5.0766    2.3673   
536677.2815     4.1036    1.9435   
536677.2815     4.8510    2.1560   
536677.3815     5.3605    2.4642   
536677.4815     4.8347    2.1812   
536677.5815     4.2153    1.8893   
536677.5815     3.3792    1.7811   
536677.6815     3.8983    1.9772   
536677.7815     3.8873    1.7761   
536677.8815     4.3422    1.7134   
536677.8815     5.1822    1.9373   
536677.9815     5.6893    1.9616   
536678.0815     5.9018    2.1513   
536678.1815     5.1508    1.9981   
536678.1815     4.6296    1.8634   
536678.2815     3.9263    1.7393   
536678.2815     3.7713    1.6154   
536678.2815     3.7428    1.4812   
536678.3815     3.9632    1.4995   
536678.4815     3.3697    1.4826   
536678.5815     2.7833    1.3714   
536678.5815     1.8569    1.2607   
536678.6815     1.6846    1.2867   
536678.7815     1.5542    1.3820   
536678.7815     1.6807    1.3584   
536678.8815     1.4598    1.5411   
536678.9815     1.4684    1.7414   
536678.9815     1.7112    1.7430   
536679.0815     1.5819    1.8580   
536679.0815     2.0254    1.9267   
536679.1815     2.0828    2.0402   
536679.2815     2.4329    2.0995   
536679.3815     2.7053    2.0061   
536679.4815     2.8285    1.8888   
536679.4815     3.0039    1.8597   
536679.5815     3.3315    1.8453   
536679.6815     3.0884    1.8827   
536679.7815     2.5586    2.0087   
536679.7815     2.7293    2.1494   
536679.8815     2.6618    2.1659   
536679.9815     2.0866    1.9888   
536679.9815     2.2228    2.0061   
536680.0815     2.1565    1.9478   
536680.1815     2.1381    2.0265   
536680.2815     2.4283    1.7898   
536680.3815     2.2802    1.5704   
536680.3815     2.4721    1.5809   
536680.4815     2.4439    1.6484   
536680.5815     2.7701    1.7793   
536680.6815     2.9086    1.7537   
536680.6815     2.7628    1.7429   
536680.7815     2.7519    1.7871   
536680.8815     2.8835    2.0527   
536680.9815     2.8185    2.1368   
536680.9815     2.7295    2.0618   
536681.0765     2.4126    2.0384   
536681.1765     2.3655    2.1752   
536681.2766     2.5434    2.5501   
536681.3765     2.7561    2.7055   
536681.4765     2.5110    2.7587   
536681.4765     2.6346    2.8224   
536681.5765     2.8526    3.2031   
536681.6765     2.8260    2.6798   
536681.7765     2.7975    2.3305   
536681.7765     2.8859    2.3582   
536681.8765     2.7974    2.3778   
536681.9765     2.7412    2.3033   
536681.9765     2.6117    2.2345   
536682.0765     2.9933    2.3174   
536682.1765     3.1843    2.6329   
536682.2765     3.0840    2.6692   
536682.3766     3.4335    2.5021   
536682.3766     3.2538    2.5081   
536682.4755     3.4214    2.6254   
536682.5755     3.5103    2.5375   
536682.6755     3.4448    2.1254   
536682.6755     3.2507    2.0906   
536682.7755     3.4946    2.1559   
536682.8755     3.6126    2.1134   
536682.8755     3.7029    2.0345   
536682.9755     3.9564    2.0331   
536683.0755     4.0845    2.0961   
536683.1755     4.0640    2.2616   
536683.1755     4.2644    2.2609   
536683.2755     4.1091    2.0952   
536683.2755     4.1853    2.0864   
536683.3755     4.4153    2.1130   
536683.4755     4.6536    2.3599   
536683.5755     5.0568    2.5474   
536683.6755     5.1270    2.6875   
536683.6755     5.4260    2.6718   
536683.7755     5.1720    2.3932   
536683.8755     4.9518    2.0649   
536683.9755     4.9804    2.0353   
536683.9755     4.7692    1.9411   
536684.0755     4.9777    1.9723   
536684.1755     5.2855    2.1223   
536684.2755     5.4225    2.2426   
536684.2755     5.5199    2.2521   
536684.3755     5.3977    2.1935   
536684.4755     4.9172    1.9890   
536684.5755     4.5325    1.9873   
536684.5755     4.5716    2.1659   
536684.6757     4.6531    2.4599   
536684.7775     4.5783    2.9388   
536684.8775     4.5296    3.4920   
536684.8775     4.3621    3.5132   
536684.9775     4.1930    3.3051   
536685.1225     3.7789    2.7826   
536685.1225     4.2560    2.9019   
536685.2225     4.3480    2.9082   
536685.2225     4.4122    2.8359   
536685.3225     4.5020    2.6306   
536685.4226     4.5932    2.2784   
536685.5225     4.5265    1.9780   
536685.6225     4.6133    1.8567   
536685.7225     4.4577    1.8708   
536685.7225     4.4724    1.9003   
536685.8225     4.1660    1.9478   
536685.9225     4.2497    2.2634   
536686.0225     3.7193    2.6194   
536686.1225     3.9174    2.8412   
536686.1225     3.5859    2.7512   
536686.2225     3.7436    2.7733   
536686.3225     3.2759    2.6804   
536686.4225     2.9465    2.6274   
536686.5225     2.2568    2.2959   
536686.5225     2.1527    2.2552   
536686.6225     1.7895    1.7879   
536686.7225     2.1346    1.6860   
536686.8225     1.9618    1.5939   
536686.9225     1.7485    1.8083   
536686.9225     1.3074    1.8913   
536687.0225     0.9443    1.8013   
536687.1225     0.8431    1.8999   
536687.2226     0.7456    1.7885   
536687.3225     1.2509    1.9653   
536687.3225     1.8680    2.0738   
536687.4225     2.0427    2.2339   
536687.5225     2.5470    2.2943   
536687.5225     2.1223    2.1240   
536687.6225     2.4233    2.2093   
536687.7225     2.4653    2.2098   
536687.8225     2.5209    2.3233   
536687.8225     2.7938    2.4288   
536687.9225     2.4964    2.5156   
536688.0225     2.4293    2.5460   
536688.0225     2.3226    2.5261   
536688.0225     2.1425    2.4942   
536688.1225     1.9061    2.3412   
536688.2225     1.6465    2.1005   
536688.3210     2.3738    2.0381   
536688.3210     2.2037    1.9898   
536688.3210     2.1880    1.9850   
536688.4210     2.1367    1.7936   
536688.5211     1.8285    1.6057   
536688.6210     1.5525    1.3882   
536688.6210     1.1312    1.1761   
536688.7210     1.0842    0.9910   
536688.8210     1.2661    1.2387   
536688.9210     0.9931    1.8690   
536688.9210     0.9564    1.8797   
536689.0210     1.4490    2.5908   
536689.1210     1.3834    3.0199   
536689.1210     1.3157    3.0266   
536689.2210     1.3534    3.0358   
536689.3210     1.5279    2.6871   
536689.4210     1.5281    2.1465   
536689.5210     1.6841    1.9289   
536689.5210     1.5990    2.2260   
536689.6209     1.9496    2.3709   
536689.7210     2.5637    2.3473   
536689.7210     3.2975    2.5070   
536689.8210     3.8040    2.7178   
536689.9210     3.5184    2.6750   
536690.0210     3.8789    2.6090   
536690.0210     3.9186    2.6201   
536690.1210     4.0746    2.7436   
536690.2210     3.6857    2.7518   
536690.2210     3.2152    2.6633   
536690.3210     3.3043    2.5502   
536690.4210     3.3416    2.4831   
536690.4210     3.7749    2.5908   
536690.5210     3.4063    2.4469   
536690.5210     3.3900    2.4372   
536690.6210     3.2202    2.3205   
536690.7210     3.2026    2.3870   
536690.7210     3.2047    2.3920   
536690.8210     3.2379    2.5254   
536690.8210     3.1546    2.5727   
536690.9210     3.4480    2.7077   
536691.0210     3.2003    2.6482   
536691.0210     3.3744    2.7718   
536691.1210     3.0100    2.6312   
536691.1210     2.5228    2.5643   
536691.2211     2.3040    2.5032   
536691.2211     2.2749    2.4760   
536691.3160     2.1501    2.4758   
536691.4160     2.0556    2.4804   
536691.4160     2.0518    2.4809   
536691.5160     1.8670    2.4157   
536691.5160     1.8575    2.4088   
536691.5160     1.9164    2.4349   
536691.6160     1.9777    2.0801   
536691.6160     2.1747    2.1483   
536691.7160     2.0541    1.9494   
536691.7160     2.3228    2.0649   
536691.8160     2.4086    1.5425   
536691.8160     2.6164    1.6388   
536691.9160     2.7639    1.2937   
536691.9160     3.0895    1.3721   
536691.9160     3.2233    1.4046   
536692.0160     3.5110    4.1381   
536692.0160     3.7763    4.2136   
536692.1160     4.0499    5.4388   
536692.1160     4.1210    5.4634   
536692.2160     4.2970    6.1272   
536692.2160     4.6218    6.2011   
536692.2160     4.7960    6.3147   
536692.3160     4.8755    5.9175   
536692.3160     4.9998    5.9167   
536692.4160     5.0860    4.9417   
536692.4160     5.3241    4.9160   
536692.5160     5.5988    4.0254   
536692.5160     5.8929    4.1225   
536692.5160     5.9117    4.1033   
536692.6160     6.1371    3.5214   
536692.7160     6.1657    3.4433   
536692.7160     6.2675    3.4766   
536692.8160     6.3077    3.4169   
536692.8160     6.3260    3.3642   
536692.9160     6.2576    3.2785   
536692.9160     6.0106    3.3144   
536693.0160     6.2497    3.3324   
536693.0160     6.3871    3.2880   
536693.1160     6.5392    3.4859   
536693.1160     6.2724    3.4357   
536693.2160     6.2379    3.6059   
536693.2160     6.1751    3.6104   
536693.3160     6.3203    3.8478   
536693.3160     6.6590    3.8650   
536693.4160     6.6054    3.9262   
536693.4160     6.4638    3.8118   
536693.5160     6.1568    3.7045   
536693.6160     6.2609    3.7492   
536693.6610     6.2867    3.6855   
536693.6610     6.5940    3.6780   
536693.7610     6.7725    3.6330   
536693.8610     6.5625    3.5466   
536693.8610     6.2990    3.5120   
536693.9610     5.9157    3.2293   
536693.9610     6.6419    3.3593   
536694.0610     6.7298    3.2486   
536694.0610     6.6634    3.0489   
536694.1610     6.4762    2.9437   
536694.2610     6.1952    3.3098   
536694.2610     6.0887    3.5261   
536694.3610     6.6164    3.9305   
536694.4610     6.6728    3.8943   
536694.5610     6.3813    3.7228   
536694.5610     5.9670    3.6745   
536694.6610     5.3376    3.6077   
536694.6610     4.7550    3.4197   
536694.7610     5.2220    3.0933   
536694.8610     4.7853    2.9666   
536694.9610     5.0736    2.7424   
536694.9610     4.7667    2.7278   
536695.0610     5.2540    2.8532   
536695.1610     5.4946    2.9384   
536695.1610     5.3448    2.8783   
536695.2610     5.1927    2.8698   
536695.3610     4.8493    3.3170   
536695.4625     4.5729    3.6368   
536695.4625     4.6834    3.5971   
536695.5625     4.6332    3.7181   
536695.6625     4.5239    3.2724   
536695.6625     4.0056    3.1377   
536695.7625     3.7138    3.0688   
536695.8625     3.3642    3.4881   
536695.9630     2.9623    3.2059   
536695.9630     2.9795    3.1667   
536696.0624     2.9728    2.9824   
536696.1624     2.7699    2.7727   
536696.2625     2.4559    2.4814   
536696.2625     2.0491    2.4903   
536696.3625     1.6065    2.5421   
536696.4625     1.1906    2.4206   
536696.5625     0.8137    1.8907   
536696.5625     1.0185    1.8518   
536696.6625     0.7021    1.5005   
536696.7625     0.4868    1.3244   
536696.7625     0.5334    1.3758   
536696.8625     0.5961    1.6614   
536696.9626     0.8483    1.9317   
536697.0625     0.5634    2.3059   
536697.0625     0.5948    2.1634   
536697.1625     0.7479    2.2668   
536697.2625     0.8840    2.2912   
536697.3629     0.3780    2.1645   
536697.3629     0.3951    2.0982   
536697.4625     0.5070    1.9751   
536697.5625     0.8388    2.3364   
536697.5625     1.3996    2.4673   
536697.6625     1.6690    2.4900   
536697.7625     0.3272    2.3951   
536697.7625     0.5106    2.6234   
536697.8625     0.3336    2.7170   
536697.9625     1.7366    2.6765   
536697.9625     1.6075    2.6859   
536698.0625     2.4165    2.6401   
536698.1625     1.9746    2.2465   
536698.1625     3.2156    2.1180   
536698.3625     2.8024    1.6753   
536698.3625     2.8565    1.6510   
536698.4625     1.4679    1.3618   
536698.5625     3.4695    0.6971   
536698.5625     3.9867    0.7386   
536698.6625     4.3530    0.8557   
536698.7625     3.4646    1.1712   
536698.8625     2.4471    1.1586   
536698.8625     2.7278    1.1020   
536698.9625     2.8768    1.1875   
536699.0625     3.6064    3.1089   
536699.1625     2.5582    4.6704   
536699.1625     2.3057    4.5702   
536699.2625     1.3704    5.6970   
536699.2625     1.9271    5.8350   
536699.3625     2.0174    6.1538   
536699.4625     1.9770    5.3813   
536699.4625     2.3593    5.4102   
536699.5625     2.1979    3.9100   
536699.6625     1.9534    3.1458   
536699.6625     2.1985    2.9616   
536699.7625     1.6886    2.6030   
536699.8625     1.6686    2.8919   
536699.8625     1.2973    3.1169   
536699.9625     0.7479    3.3655   
536700.0625     1.0466    3.4918   
536700.0625     1.2385    3.5242   
536700.1625     1.1744    3.5465   
536700.1625     1.6028    3.6434   
536700.2625     1.0398    3.6104   
536700.2625     0.8780    3.5130   
536700.3625     0.6564    3.5839   
536700.3625     0.6730    3.6389   
536700.4625     1.0018    3.6361   
536700.5646     1.3937    3.0485   
536700.5646     1.7628    3.1930   
536700.6595     1.6928    3.3302   
536700.6595     1.4634    3.3414   
536700.7594     1.8763    3.7853   
536700.8595     1.1640    3.6392   
536700.8595     1.4605    3.3197   
536700.9595     2.7253    4.1802   
536700.9595     2.3264    4.5633   
536700.9595     1.5986    4.6619   
536701.0595     1.1349    4.8758   
536701.0595     1.1310    4.8798   
536701.1595     1.5584    4.7430   
536701.1595     0.8077    4.3732   
536701.2595     1.5916    4.1484   
536701.2595     1.5658    4.4598   
536701.3595     0.4998    4.0520   
536701.3595     0.3614    3.9933   
536701.4595     0.1202    3.7357   
536701.4595     0.5109    3.8077   
536701.5595     1.1168    3.6530   
536701.5595     1.2995    3.6136   
536701.6595     1.4717    3.3294   
536701.6595     1.8707    3.2511   
536701.6595     2.6317    3.3174   
536701.8045     3.3650    3.5852   
536701.8045     3.5554    3.8428   
536701.9045     3.7439    4.1209   
536701.9045     3.6789    4.1720   
536702.0046     3.4548    4.1977   
536702.0046     3.3820    4.1642   
536702.1045     3.5440    4.1349   
536702.1045     3.3566    4.0352   
536702.2045     3.3677    3.8022   
536702.2045     3.4512    3.7891   
536702.3045     3.6161    3.6522   
536702.3045     3.6649    3.6607   
536702.4045     3.9116    3.5769   
536702.5045     3.5386    3.4835   
536702.5045     3.3101    3.4698   
536702.5045     3.0491    3.5236   
536702.6545     2.8913    4.0721   
536702.6545     2.4874    4.0420   
536702.7545     2.1166    4.2439   
536702.7545     1.5594    4.2343   
536702.8545     1.5644    4.3602   
536702.8545     1.9002    4.2764   
536702.9545     2.5186    4.1069   
536703.0545     2.7301    3.9174   
536703.0545     2.3205    3.8779   
536703.1545     2.0874    3.7996   
536703.1545     2.0919    3.8116   
536703.2545     2.2094    3.6208   
536703.2545     2.0307    3.5957   
536703.3549     1.8480    3.5179   
536703.3549     2.0343    3.4870   
536703.4545     2.0377    3.4764   
536703.4545     2.0746    3.5280   
536703.6045     2.3919    3.5162   
536703.6045     2.6107    3.4744   
536703.7045     2.8391    3.8388   
536703.7552     2.5913    3.7829   
536703.8045     2.6847    3.6157   
536703.8045     2.6889    3.6569   
536703.9045     2.6418    3.6620   
536704.0045     2.0614    3.4005   
536704.0045     1.8236    3.3049   
536704.1045     2.0324    3.2816   
536704.1045     2.6430    3.2668   
536704.2045     3.0059    2.9080   
536704.2045     3.3708    2.9552   
536704.3545     3.8482    3.9695   
536704.3545     4.1149    4.0313   
536704.4545     4.2326    4.4877   
536704.4545     4.5980    4.6369   
536704.5545     4.6802    4.5546   
536704.5545     4.8128    4.4785   
536704.6545     5.0013    4.5658   
536704.6545     4.8600    4.5438   
536704.7545     4.7552    4.6806   
536704.8545     4.5699    4.8939   
536704.8545     4.3752    4.8826   
536704.9545     4.6251    4.9320   
536704.9545     4.9456    5.1252   
536705.0545     4.9384    4.7196   
536705.0545     5.2589    4.7551   
536705.1545     5.5675    4.0354   
536705.1545     6.0211    4.0328   
536705.2545     6.5028    3.8007   
536705.2545     6.4638    3.7728   
536705.4045     6.6168    3.8163   
536705.4045     6.5766    3.8558   
536705.4045     6.3551    3.8268   
536705.5045     6.0603    3.5780   
536705.6045     5.7053    3.5007   
536705.6045     5.2997    3.3962   
536705.7045     5.0729    3.2682   
536705.7045     4.6604    3.2318   
536705.8045     4.1529    3.1438   
536705.8045     3.7287    3.0881   
536705.9045     3.8176    3.0880   
536705.9995     3.9561    3.1426   
536705.9995     3.6685    2.9405   
536706.0997     3.5635    2.8699   
536706.1995     3.1939    2.8518   
536706.1995     2.8498    2.9032   
536706.2972     3.1746    2.7221   
536706.2972     3.3199    2.6913   
536706.3945     3.2619    2.2418   
536706.3945     3.2738    2.2060   
536706.4945     3.7440    2.1760   
536706.5945     3.8873    2.2734   
536706.5945     3.8808    2.1598   
536706.6954     4.0484    2.5868   
536706.7945     4.1931    3.3825   
536706.7945     4.2987    3.3337   
536706.8945     4.4599    2.8832   
536706.9445     4.6277    2.5690   
536707.0445     4.5975    3.2210   
536707.0445     4.6151    3.1634   
536707.1445     4.6195    3.9688   
536707.1445     4.6790    4.0259   
536707.2965     4.7976    4.4142   
536707.3965     4.5347    4.0860   
536707.3965     4.2747    3.8408   
536707.4965     4.5584    3.8311   
536707.4965     4.4962    3.8939   
536707.5989     4.1162    3.7019   
536707.6980     4.0380    3.1835   
536707.6980     3.8990    3.1549   
536707.7972     3.7498    2.6917   
536707.8965     3.7885    2.4787   
536707.8965     3.8757    2.5625   
536707.9980     4.1215    2.5772   
536708.0965     4.5414    2.6850   
536708.1965     4.7537    2.6359   
536708.1965     4.9055    2.4970   
536708.2965     4.7066    2.1104   
536708.2965     4.7336    2.1475   
536708.3965     4.4057    2.1860   
536708.4965     4.2625    2.1867   
536708.4965     4.6060    1.8956   
536708.5965     5.1547    1.9025   
536708.6965     4.8257    2.0475   
536708.6965     4.6127    2.1683   
536708.7965     4.5550    2.1958   
536708.8965     4.3583    2.2447   
536709.0965     3.1577    2.0407   
536709.0965     2.8797    1.8154   
536709.1965     3.2009    2.0016   
536709.2415     3.0536    2.0138   
536709.3415     2.8990    2.0412   
536709.4415     2.5943    2.1555   
536709.4415     2.8266    2.1920   
536709.5415     2.9653    2.2833   
536709.5415     2.4953    2.2226   
536709.6415     2.3864    2.3151   
536709.7415     2.2840    2.2834   
536709.7415     2.6610    2.2440   
536709.8415     2.6811    2.2462   
536709.9415     2.7527    2.4038   
536709.9415     2.3748    2.3687   
536710.0415     2.1328    2.7126   
536710.1415     2.0374    2.9872   
536710.1415     2.2977    2.8832   
536710.2415     2.3229    3.0198   
536710.3415     2.2890    2.8794   
536710.4415     2.2250    2.3964   
536710.4415     2.3557    2.3953   
536710.5415     2.2266    2.2077   
536710.5415     2.4243    2.3261   
536710.5415     2.4872    2.3423   
536710.6415     2.5842    2.4149   
536710.7416     2.3359    2.5764   
536710.7416     2.1112    2.5292   
536710.8424     1.9708    2.6462   
536710.9415     1.9804    2.6697   
536710.9415     1.9491    2.5166   
536711.0418     1.8819    2.4371   
536711.1415     1.6904    2.2475   
536711.1415     1.8114    2.3462   
536711.2415     2.7045    2.9105   
536711.2415     2.4681    2.9962   
536711.4415     2.1896    4.1751   
536711.4415     1.9499    3.9847   
536711.5415     1.9048    4.3365   
536711.5415     2.2394    4.4467   
536711.6424     2.5347    3.8607   
536711.7415     2.0631    2.8052   
536711.7415     1.9389    2.7245   
536711.8415     1.7764    3.1406   
536711.9415     2.3208    3.8095   
536711.9415     2.6279    3.7345   
536712.0415     3.0542    4.0698   
536712.1415     2.4424    5.9223   
536712.2437     2.3206    6.6186   
536712.2437     2.2032    6.6221   
536712.3415     2.3147    6.5182   
536712.4401     2.6174    5.7612   
536712.4401     2.5436    5.7096   
536712.5400     2.4586    5.7137   
536712.5400     2.4506    5.6620   
536712.6400     2.2762    5.5289   
536712.7400     2.4960    5.7262   
536712.8400     2.5170    6.0577   
536712.8400     2.3977    6.0440   
536712.8400     2.3772    6.0360   
536712.9400     2.4438    5.9222   
536713.0400     2.2150    5.7600   
536713.0400     2.2195    5.7640   
536713.1400     2.5307    5.4889   
536713.2401     2.7477    5.5679   
536713.2401     2.7740    5.4866   
536713.3401     2.9616    5.0894   
536713.3401     3.2304    5.0078   
536713.3401     2.8699    5.1784   
536713.4400     2.5395    5.4110   
536713.4400     3.0555    5.4384   
536713.5400     2.7272    5.3688   
536713.9782     2.9015    6.1081   
536714.0782     2.5904    5.7719   
536714.1782     2.4956    5.5442   
536714.1782     2.6358    5.5777   
536714.2782     2.9268    4.4807   
536714.3782     3.2149    4.4365   
536714.3782     2.6726    4.3056   
536714.3782     2.5973    4.2506   
536714.4775     2.6379    4.0770   
536714.5775     2.5811    4.1793   
536714.5775     2.2951    4.1124   
536714.9775     3.1867    4.0797   
536715.0775     3.1459    4.0732   
536715.0775     3.1949    4.0329   
536715.1810     3.0028    4.1498   
536715.2810     2.6061    3.0950   
536715.3810     2.5552    2.5717   
536715.3810     2.4849    2.5853   
536715.4810     2.4774    1.9538   
536715.5810     2.2269    1.7155   
536715.6810     2.1432    2.1068   
536715.7810     2.1991    2.5230   
536715.9810     3.1582    2.4191   
536716.0810     3.2620    2.5025   
536716.1810     3.3980    2.5392   
536716.2810     3.3812    2.6591   
536716.3810     3.0309    2.5734   
536716.3810     2.7645    2.5086   
536716.4810     2.0489    3.0578   
536716.5810     2.4465    3.4670   
536716.6809     3.2070    3.5745   
536716.7809     3.8200    3.0863   
536716.9810     2.8412    2.5818   
536717.0810     2.8334    2.7996   
536717.1810     2.7511    2.7309   
536717.2810     2.5570    2.7184   
536717.3810     2.9343    2.8005   
536717.4810     2.6323    2.7354   
536717.5810     2.6006    2.5341   
536717.6760     1.8192    2.2475   
536717.7760     2.2068    2.1613   
536717.7760     2.2233    2.1510   
536717.9760     2.1229    1.9417   
536718.0760     2.1498    2.0549   
536718.1760     2.1177    2.2349   
536718.2760     1.9652    2.4283   
536718.3759     1.6060    2.5008   
536718.4760     1.7246    2.6570   
536718.5760     2.2174    2.8580   
536718.6760     2.9476    2.9747   
536718.7760     3.3163    2.9192   
536718.8760     3.7284    2.7883   
536718.9760     3.6395    2.6790   
536719.0760     3.4572    2.6210   
536719.1760     3.3501    2.5584   
536719.2760     3.3402    2.4568   
536719.3760     3.8295    2.5547   
536719.4760     4.4698    2.6937   
536719.6760     4.5540    3.1112   
536719.7760     4.4088    3.1248   
536719.8760     4.3817    3.0828   
536719.9760     4.3941    3.1097   
536720.0762     3.2819    2.9133   
536720.1760     2.7702    2.9848   
536720.3760     2.9117    2.9174   
536720.4760     3.1738    2.7760   
536720.5760     3.1392    2.5136   
536720.6760     2.8869    2.3581   
536720.8760     3.3049    2.4655   
536721.0760     3.6187    3.1054   
536721.1760     4.3140    2.9255   
536721.3760     4.5480    3.3569   
536721.4760     4.2261    4.4096   
536721.6760     3.9670    3.6018   
536721.8760     4.1635    2.6298   
536721.9760     5.7979    3.5246   
536722.1760     4.6869    3.7347   
536722.3760     4.0727    2.4576   
536722.5760     3.9192    3.4664   
536722.7760     4.0067    3.4439   
536722.9760     3.8223    3.3781   
536723.1760     4.4353    4.0703   
536723.2760     4.6561    3.9943   
536723.4760     4.4305    3.1961   
536723.6210     4.2010    3.0767   
536723.7210     3.7956    3.0124   
536723.9210     3.1569    2.9959   
536724.1210     3.0743    2.9519   
536724.2210     2.6234    3.0795   
536724.3210     3.1051    2.9342   
536724.5210     3.2576    3.1629   
536724.6210     3.6982    3.1794   
536724.8210     3.2588    2.7971   
536724.9210     3.2445    2.8814   
536725.0210     3.5737    2.9710   
536725.2210     3.9689    2.9097   
536725.3160     3.9531    3.3276   
536725.4160     3.5205    3.3777   
536725.6160     2.9341    2.9948   
536725.7160     2.7548    2.8890   
536725.8160     2.7325    3.0428   
536725.9160     2.6410    3.0610   
536726.1162     2.5144    3.0589   
536726.2160     2.3235    3.4225   
536726.3160     2.1745    3.6796   
536726.5160     1.7778    3.1485   
536726.6160     2.5204    2.6583   
536726.7160     5.2827    3.2684   
536726.8160     8.2297    3.9134   
536726.9160     7.7263    4.0923   
536727.1160     4.3896    3.4471   
536727.3160     4.6878    2.7951   
536727.4160     4.8694    3.0686   
536727.5160     3.8725    2.9984   
536727.6160     2.9014    2.9025   
536727.7160     2.4594    2.9733   
536727.8160     2.6034    3.0859   
536728.0160     2.6903    3.5240   
536728.1160     3.8522    4.2318   
536728.2160     5.7830    5.1611   
536728.3160     6.2723    4.7798   
536728.4160     5.3726    3.9496   
536728.6160     4.3499    2.8633   
536728.7160     3.9384    2.7984   
536728.8160     4.6180    3.4295   
536728.9160     3.8577    3.5401   
536729.0160     3.3666    2.9465   
536729.2160     3.2197    2.2268   
536729.3160     3.2938    2.3145   
536729.4160     3.9460    2.4860   
536729.5160     4.4428    2.4597   
536729.6169     4.8236    2.5680   
536729.8160     4.6528    2.5923   
536729.9160     4.6700    2.6051   
536730.0160     4.5533    2.6138   
536730.2160     4.4428    2.3660   
536730.3160     4.2775    2.4382   
536730.4160     4.4707    2.5249   
536730.5160     4.7495    2.6474   
536730.6160     4.5094    2.7953   
536730.7610     4.4845    2.9491   
536730.8610     4.1758    2.7577   
536730.9610     3.9328    2.4473   
536731.0610     3.6491    2.0847   
536731.2610     3.6023    1.9542   
536731.3609     3.2472    1.7427   
536731.4610     2.5995    1.8221   
536731.5610     3.3586    2.1406   
536731.6610     4.6294    2.6286   
536731.8610     5.7543    3.0297   
536731.9610     5.8914    3.5142   
536732.0610     5.9447    3.5148   
536732.1610     5.2387    3.1132   
536732.2610     4.8703    2.5541   
536732.3610     4.8447    2.1999   
536732.5610     4.9163    2.2516   
536732.6610     4.8663    2.3582   
536732.7610     4.8278    2.5579   
536732.8610     4.6536    2.6978   
536732.9610     4.6487    2.7516   
536733.0610     4.9505    2.7143   
536733.2610     5.1885    2.9469   
536733.3610     5.2047    2.6108   
536733.4610     5.2785    2.3933   
536733.5611     5.4369    2.3713   
536733.6610     5.0169    2.2957   
536733.7610     5.2695    2.4847   
536733.9610     5.5789    2.5631   
536734.0613     5.6567    2.5836   
536734.1610     5.5982    2.7302   
536734.3610     5.5644    3.0536   
536734.4610     5.6640    3.0305   
536734.5611     6.2679    3.0972   
536734.6610     6.7057    3.1358   
536734.7610     6.7042    3.1046   
536734.9610     4.9475    2.6367   
536735.0610     3.5852    2.5872   
536735.2610     2.7780    2.6122   
536735.3610     1.1888    2.1735   
536735.4610     4.5260    4.6350   
536735.6610     5.7323    5.6876   
536735.7610     7.8127    6.3940   
536735.9610     7.2294    5.9081   
536736.0612     5.7133    5.1847   
536736.2610     4.6620    4.3762   
536736.4610     4.5678    3.5761   
536736.5611     5.3712    3.4343   
536736.7610     5.2279    3.6909   
536736.8610     4.6504    3.8483   
536737.0613     4.3575    3.8934   
536737.2611     4.3879    3.8363   
536737.3610     4.8462    3.7940   
536737.5610     5.0201    3.8248   
536737.7610     5.2328    3.8518   
536737.9610     4.9574    3.5609   
536738.0610     4.9761    3.4561   
536738.1610     4.7581    3.4708   
536738.3610     4.4715    3.6124   
536738.5610     4.2757    3.5399   
536738.6560     3.8909    3.4027   
536738.8560     3.6467    3.2456   
536739.0560     3.8609    3.4548   
536739.2560     4.3541    3.8246   
536739.3560     4.9078    3.9103   
536739.6010     5.1547    3.8011   
536739.7011     4.6834    3.6152   
536739.9010     4.5209    3.5521   
536740.1010     4.7867    3.6000   
536740.2010     4.9252    3.4169   
536740.4010     4.1099    3.2501   
536740.6010     3.8585    3.1388   
536740.7015     3.7316    3.1709   
536740.9013     3.1200    3.3368   
536741.0010     4.1261    3.5280   
536741.2010     5.3415    3.5434   
536741.3010     5.6172    3.8027   
536741.5010     2.8794    3.6879   
536741.6010     2.1808    3.8889   
536741.8010     5.4967    4.1648   
536741.9010     5.3739    3.7460   
536742.0010     4.1721    3.5662   
536742.2010     3.6740    3.3064   
536742.3010     4.1848    3.1963   
536742.5010     4.5245    3.2862   
536742.6010     4.3396    3.1929   
536742.7010     3.6575    2.8730   
536742.9011     3.1524    2.5985   
536743.0014     2.6464    2.4772   
536743.1013     3.3780    2.6937   
536743.2010     3.3300    2.9927   
536743.4010     3.9521    3.5888   
536743.5023     4.0988    3.6749   
536743.6010     4.5324    3.7937   
536743.7010     5.7128    3.9835   
536743.9028     5.7909    4.0228   
536744.0010     6.6824    4.1208   
536744.1010     6.1088    4.0275   
536744.2010     5.4001    3.8785   
536744.3010     4.8444    4.0639   
536744.3960     4.9515    4.1925   
536744.4960     5.2594    4.3080   
536744.5960     4.8542    4.0224   
536744.8960     4.6287    3.1898   
536744.9960     4.5446    3.0396   
536745.0960     4.4118    2.7695   
536745.1960     5.0446    2.7212   
536745.2960     6.2517    3.0574   
536745.3975     5.4396    3.0521   
536745.5975     2.5806    2.7874   
536745.6975     2.7282    3.9660   
536745.7976     2.9061    5.5253   
536745.8425     5.8999    6.8692   
536745.9425     6.9994    7.0553   
536746.0425     6.8449    6.2401   
536746.2425     7.3279    4.8900   
536746.3425     7.8969    4.1562   
536746.4426     7.7182    4.2615   
536746.5439     8.0483    4.4632   
536746.6425     7.5393    4.4399   
536746.7425     7.8246    4.2915   
536746.8425     7.8722    4.1650   
536746.9425     8.3277    4.0264   
536747.0425     9.2587    4.1684   
536747.1425     9.4768    4.3362   
536747.2425     6.5729    3.9040   
536747.3425     4.7123    3.8198   
536747.4425     4.7413    4.4306   
536747.5425     5.8613    4.6211   
536747.6425     7.2935    5.1948   
536747.7425     4.8944    5.4610   
536747.8425     6.3366    5.4409   
536748.0426     7.4116    5.2056   
536748.1430     6.9713    4.8903   
536748.2431     6.9595    4.6513   
536748.3425     6.3240    4.2539   
536748.4425     5.7952    4.0112   
536748.5425     5.8965    3.9297   
536748.6425     6.6335    4.1801   
536748.7425     7.0203    4.0651   
536748.8425     7.1379    3.6825   
536748.9425     6.5156    3.6094   
536749.1425     5.7122    2.6810   
536749.2425     5.0599    2.5662   
536749.3425     4.5876    3.4750   
536749.5425     5.1388    4.1516   
536749.6375     5.7048    4.3645   
536749.7375     5.7228    4.6257   
536749.8375     5.6237    4.6487   
536749.9376     5.8706    4.6480   
536750.0376     6.0482    4.8089   
536750.2394     5.6331    4.6565   
536750.3375     5.2923    4.5612   
536750.4375     5.1906    4.5736   
536750.6375     5.6543    4.5702   
536750.7375     6.5637    4.5710   
536750.8375     6.2970    4.4434   
536750.9375     6.1218    4.2501   
536751.0375     5.9881    4.2336   
536751.1375     5.5685    4.0711   
536751.2375     5.3717    4.3561   
536751.4375     2.6748    4.0138   
536751.5375     2.6945    5.0490   
536751.7376     1.8724    4.7759   
536751.8375     1.1904    4.9767   
536751.9375     4.4170    5.2456   
536752.0376     3.3415    5.4464   
536752.2383     0.9866    5.5840   
536752.3400     3.8562    5.5190   
536752.4390     4.8686    5.1158   
536752.6390     3.4611    4.6592   
536752.7375     3.7083    4.0671   
536752.9392     4.5562    4.0998   
536753.1375     3.2732    4.4017   
536753.2381     2.9845    4.3307   
536753.3375     2.6395    4.2777   
536753.4377     2.4131    4.2334   
536753.6386     2.6311    4.3934   
536753.7375     3.2490    4.4974   
536753.8378     3.5338    4.5555   
536753.9375     3.3877    4.5096   
536754.1825     3.0384    3.8782   
536754.2825     2.9779    3.5295   
536754.3825     3.6570    3.2879   
536754.5825     4.1906    3.0451   
536754.6825     6.6716    3.7022   
536754.8825     9.2291    4.5621   
536754.9825     6.6168    3.7158   
536755.0825     2.9516    2.9979   
536755.1825     6.3913    3.2358   
536755.2825     5.6739    4.9208   
536755.4825     4.1833    5.9849   
536755.6825     5.8711    5.5499   
536755.7825     3.2489    5.1556   
536755.8825     3.9296    4.7698   
536756.0825     2.4309    4.4956   
536756.1825     3.9058    4.4232   
536756.3825     4.2316    4.3585   
536756.4825     2.9219    4.6227   
536756.5825     2.4232    4.7746   
536756.7825     3.2375    4.6971   
536756.8825     3.3713    4.2851   
536756.9825     3.5798    4.1898   
536757.1362     4.2408    3.9342   
536757.2845     4.7750    4.1100   
536757.3848     4.6118    4.0692   
536757.4844     3.5775    4.0340   
536757.6845     3.0265    3.6526   
536757.7845     3.5016    3.3335   
536757.8845     4.0038    3.0319   
536758.0845     1.9729    2.3274   
536758.0845     1.9983    2.2370   
536758.1845     2.1569    2.1972   
536758.3845     2.6337    2.1190   
536758.4345     2.2656    2.1823   
536758.6345     2.3940    2.3312   
536758.7345     2.0640    2.2733   
536758.8345     2.1650    2.0977   
536759.0345     2.7768    2.0234   
536759.1345     3.7069    2.0567   
536759.2345     4.6572    1.9432   
536759.3345     5.2533    1.8625   
536759.4345     4.2706    1.6792   
536759.6345     2.8229    1.4819   
536759.7345     2.4433    1.7211   
536759.8845     3.0728    1.8355   
536759.9845     4.0533    1.6624   
536760.0845     4.2952    1.3899   
536760.1845     3.9928    1.2598   
536760.3845     3.4431    1.0675   
536760.4845     3.5960    1.4494   
536760.5845     6.2061    2.0604   
536760.8845     10.9533   2.4279   
536761.0345     11.5299   2.7654   
536761.1346     7.7449    1.8883   
536761.2795     3.8832    1.3061   
536761.3795     8.6848    2.4556   
536761.4795     12.5024   3.5085   
536761.5799     8.7808    3.3857   
536761.7795     7.5035    4.6443   
536761.8808     11.3609   4.8939   
536761.9808     11.6292   4.3274   
536762.0808     11.5186   3.3859   
536762.2758     14.1011   3.9176   
536762.3758     13.9063   3.6831   
536762.4758     13.2798   4.1358   
536762.6758     14.6244   4.9866   
536762.7766     15.8348   5.1191   
536762.9758     15.5247   4.4922   
536763.0758     12.8155   4.2366   
536763.1758     10.7279   4.5341   
536763.3758     10.3521   4.4591   
536763.4758     10.5390   4.2564   
536763.6758     11.4870   4.0330   
536763.7758     12.9994   4.2513   
536763.9758     13.5313   4.7927   
536764.0758     13.4423   5.4060   
536764.2758     13.0011   5.3241   
536764.3758     12.2440   4.5993   
536764.5758     12.0406   4.1240   
536764.6757     8.3855    3.6412   
536764.8758     8.5414    3.4565   
536764.9758     8.5346    2.9437   
536765.0758     8.9620    2.9904   
536765.2759     8.9975    3.4832   
536765.4758     8.6167    4.3727   
536765.5757     7.8451    4.2821   
536765.6758     7.3976    4.1752   
536765.8758     7.4014    4.1549   
536765.9764     7.5071    4.3647   
536766.0758     2.7597    4.2247   
536766.2745     2.1311    3.8486   
536766.3768     2.0531    3.3054   
536766.4745     1.9248    3.0618   
536766.5745     2.1507    3.5235   
536766.7745     4.1472    3.8186   
536766.8745     4.1132    3.2821   
536767.0245     3.8537    2.4346   
536767.1245     4.8435    1.8048   
536767.2245     5.3450    1.5703   
536767.4245     6.5494    1.3157   
536767.5245     7.5050    2.2206   
536767.6245     7.3839    3.2261   
536767.7245     5.3746    4.0936   
536767.9245     5.4306    4.3883   
536767.9745     5.2965    3.7858   
536768.1745     5.1189    3.2749   
536768.2745     6.0138    3.0382   
536768.3757     5.8855    2.9589   
536768.4745     5.5586    2.9964   
536768.5746     6.1003    2.9764   
536768.6752     6.6876    2.9189   
536768.8745     6.7928    2.8735   
536768.9745     6.6863    2.8985   
536769.1195     6.3502    2.8689   
536769.2195     5.7780    2.8403   
536769.3195     5.5131    2.8479   
536769.4195     5.5261    2.8307   
536769.5195     5.7525    2.9158   
536769.6201     5.9933    2.8598   
536769.7195     6.8971    2.7016   
536769.8195     7.4297    2.5205   
536769.9194     7.8334    2.4042   
536770.0195     7.8676    2.3194   
536770.1195     7.6844    2.0889   
536770.2195     7.3299    1.8341   
536770.3195     6.6531    1.7722   
536770.4195     6.3213    2.0008   
536770.5194     5.8425    2.2949   
536770.6195     5.3998    2.5540   
536770.7195     5.0073    2.8318   
536770.8195     4.9381    3.0074   
536770.9197     5.3121    3.4333   
536771.0195     5.4914    3.9987   
536771.1195     5.6251    4.2059   
536771.2195     6.3651    4.0104   
536771.3195     7.3988    3.7883   
536771.4195     7.7113    3.6305   
536771.5195     7.3451    3.4717   
536771.5195     7.1729    3.7674   
536771.6145     7.5114    3.7137   
536771.7145     7.0591    3.3979   
536771.8145     6.8606    3.2545   
536771.8145     6.7880    2.9566   
536771.9145     6.9379    2.5807   
536772.0145     7.3128    2.4162   
536772.1155     7.1300    2.6764   
536772.1155     7.3347    3.2255   
536772.2156     7.1903    3.1567   
536772.3155     7.7792    3.3992   
536772.3155     7.1911    3.3881   
536772.3155     4.9266    3.8096   
536772.4155     3.6843    3.6412   
536772.4155     4.3314    3.3849   
536772.5155     5.7686    2.8590   
536772.5155     7.8324    2.3365   
536772.6159     7.1276    1.8243   
536772.7155     5.7920    1.5413   
536772.8155     6.2244    2.6980   
536772.8155     6.6906    2.6293   
536772.9155     8.1292    2.2949   
536773.0155     8.0984    2.1858   
536773.0155     7.9911    2.4703   
536773.1155     7.5490    3.3606   
536773.2155     7.1694    3.5293   
536773.2155     7.9399    3.3002   
536773.3155     8.8541    3.3173   
536773.3155     8.9048    3.3102   
536773.4155     7.7725    3.3372   
536773.5155     6.5889    3.6464   
536773.6155     7.1223    3.5657   
536773.7155     7.0365    2.9359   
536773.8155     7.0287    2.6437   
536773.9155     7.1931    2.5783   
536774.0155     7.1070    2.3968   
536774.0155     6.9438    2.3485   
536774.1155     6.6101    2.3532   
536774.2155     6.3336    2.2496   
536774.3155     6.5507    2.3943   
536774.4155     7.4643    2.3256   
536774.5155     7.6914    2.2883   
536774.6155     7.5449    2.3838   
536774.7155     7.3057    2.5643   
536774.7155     7.4068    2.5355   
536774.9155     7.4831    2.6986   
536774.9155     7.6239    2.4301   
536775.0155     7.3296    2.2812   
536775.1155     7.3278    2.1516   
536775.2155     7.0350    2.2751   
536775.3155     6.0817    3.1030   
536775.3155     6.2203    3.1719   
536775.5165     6.1478    3.2308   
536775.6165     6.2051    2.8957   
536775.7165     6.2912    2.5916   
536775.8165     6.1009    2.8233   
536775.8165     6.3845    2.7712   
536776.0165     6.6372    2.5947   
536776.1165     6.4025    2.4829   
536776.2165     6.0752    3.0131   
536776.3165     3.2847    2.7670   
536776.3165     3.1416    2.0880   
536776.4165     2.1274    3.0651   
536776.5165     2.4073    2.9534   
536776.7165     2.7718    2.8800   
536776.8165     1.7404    2.7219   
536776.9165     1.1407    2.5154   
536777.0165     1.3176    2.2571   
536777.2165     1.4242    1.9975   
536777.3165     2.0019    2.6705   
536777.4165     3.1163    2.7643   
536777.5165     3.6454    2.8249   
536777.7165     3.8930    3.0055   
536777.8165     5.7718    2.7556   
536777.9165     5.5947    2.4599   
536778.0165     7.4390    2.8165   
536778.2165     8.9257    3.4476   
536778.3165     10.6192   3.8983   
536778.4165     8.3621    3.1747   
536778.5165     5.0442    2.2099   
536778.7165     4.2258    1.5973   
536778.8165     1.9106    1.2420   
536778.9165     1.9492    1.4247   
536779.0165     3.5565    2.4260   
536779.1165     5.0422    2.9164   
536779.2165     3.6493    2.4212   
536779.3165     2.5746    2.0531   
536779.5167     1.8982    1.6168   
536779.6165     2.4713    1.6588   
536779.7165     2.7166    1.9330   
536779.8165     2.1160    2.0032   
536779.9165     2.1359    2.0886   
536780.0165     2.0644    2.3459   
536780.1165     1.6877    2.5494   
536780.2165     1.5164    2.3849   
536780.3165     1.4585    2.0499   
536780.4165     1.3850    1.9058   
536780.5165     0.8325    1.7183   
536780.6165     1.3302    1.7103   
536780.7165     1.0434    1.9521   
536780.9165     1.0021    2.1083   
536781.0165     0.8446    2.3391   
536781.1165     1.8104    2.4417   
536781.3165     1.8125    2.4808   
536781.4175     1.2925    2.4492   
536781.5165     1.0304    2.1362   
536781.6165     0.7930    2.0425   
536781.7178     1.9261    1.8000   
536781.8177     1.4451    1.6401   
536781.9178     1.9894    1.9186   
536782.1185     2.2529    1.8488   
536782.2185     2.5709    1.7883   
536782.3185     2.4100    1.6831   
536782.5185     2.2777    1.5865   
536782.7185     2.4575    1.4987   
536782.8190     2.3896    1.4417   
536782.8635     1.9192    1.3369   
536782.9635     3.0028    1.1336   
536783.1635     2.4153    1.1904   
536783.1635     2.3521    1.2419   
536783.2635     4.1809    1.5508   
536783.2635     3.8954    1.7835   
536783.3635     3.8873    1.7275   
536783.5635     4.2184    1.6284   
536783.7635     4.6521    1.6848   
536783.8635     5.0202    1.7373   
536783.9635     5.0321    2.0223   
536784.0634     6.4723    2.3792   
536784.1635     5.0902    2.2926   
536784.2635     3.3744    2.2147   
536784.3635     3.7013    2.1986   
536784.4636     4.0867    2.0605   
536784.6635     4.6040    1.8492   
536784.7635     4.7726    1.6151   
536784.9144     4.6518    1.5975   
536785.0635     4.3548    1.5891   
536785.1635     6.0638    1.7929   
536785.2635     5.0115    1.6038   
536785.3635     4.8857    1.4706   
536785.4635     4.8306    1.3544   
536785.6635     4.7416    1.1160   
536785.7635     4.8501    1.1488   
536785.9635     4.8366    1.3434   
536786.0635     4.7713    1.6061   
536786.2635     5.1617    1.6712   
536786.3635     5.2918    1.6003   
536786.4635     6.5950    1.6526   
536786.6635     6.1870    1.5167   
536786.7635     6.3155    1.4798   
536786.9585     6.2064    1.1076   
536787.0585     6.2949    1.5397   
536787.2585     6.0470    2.5844   
536787.3585     5.9405    2.4156   
536787.4585     5.9177    1.6104   
536787.6585     6.5201    1.5836   
536787.7585     6.2918    1.8786   
536787.9585     7.6603    2.5346   
536788.1585     6.7597    2.0336   
536788.2585     6.8245    1.9358   
536788.3585     6.4141    1.9016   
536788.5585     7.0354    2.3134   
536788.7585     7.8082    2.7617   
536788.8585     8.5918    2.9486   
536789.0585     9.0310    3.0524   
536789.2585     9.1123    3.3482   
536789.3585     8.9495    3.4445   
536789.5563     10.1619   3.3107   
536789.6563     9.5835    3.6417   
536789.8564     9.8048    4.0035   
536790.0564     10.1132   4.6917   
536790.1564     10.3307   4.7704   
536790.2564     10.4333   4.7322   
536790.4564     10.4127   5.0026   
536790.5564     10.3370   5.2602   
536790.6564     10.3273   5.4701   
536790.8564     10.5259   5.7584   
536790.9564     11.7472   5.3989   
536791.1564     11.7483   5.3354   
536791.3564     11.8218   5.1031   
536791.4565     11.9079   4.8882   
536791.6564     11.8948   4.4885   
536791.7564     11.6794   4.2820   
536791.8564     11.6084   3.9212   
536792.0564     11.2680   3.5975   
536792.1564     11.2304   2.8916   
536792.3586     11.0012   2.8041   
536792.4586     11.6623   2.4580   
536792.5595     11.3761   2.1386   
536792.7586     10.7279   1.6327   
536792.8585     10.3001   1.4519   
536792.9586     9.6847    1.4904   
536793.0586     9.2520    1.4545   
536793.2586     8.8315    1.4148   
536793.3586     8.8637    1.4163   
536793.4586     8.6045    1.3675   
536793.6586     8.0076    1.2301   
536793.7592     8.2443    1.2544   
536793.8586     8.0622    1.1455   
536793.9586     7.9289    0.9965   
536794.0586     7.6374    0.9753   
536794.2585     7.3341    0.9756   
536794.3585     7.3989    1.1030   
536794.4586     7.2407    1.3239   
536794.6586     7.2278    1.2680   
536794.7586     6.9238    1.3934   
536794.8586     6.9141    1.4406   
536794.9586     7.0764    1.3666   
536795.1585     7.0438    1.3034   
536795.2586     6.8726    1.1619   
536795.3587     6.9734    1.1767   
536795.4586     6.9420    1.1529   
536795.6586     6.9995    1.0913   
536795.7585     6.7740    1.2478   
536795.8586     6.6991    1.2657   
536795.9586     6.4439    1.3690   
536796.1586     6.2462    1.5151   
536796.3036     6.3885    1.4435   
536796.5036     6.7341    1.7187   
536796.7036     7.0423    1.8307   
536796.8036     7.1280    1.9340   
536796.9036     7.0849    2.1095   
536797.1036     7.1134    3.0506   
536797.2035     6.9900    3.3007   
536797.3036     7.3082    3.0274   
536797.4036     7.5079    2.9339   
536797.6035     8.1441    3.5433   
536797.7036     8.2876    3.8728   
536797.9036     8.5575    3.8366   
536798.0035     8.6276    3.6529   
536798.1036     9.5260    3.6551   
536798.3036     9.8301    3.5820   
536798.4036     10.0534   3.6237   
536798.6036     9.4843    3.8335   
536798.7036     9.1834    4.2142   
536798.8986     8.7949    4.0616   
536798.9986     9.5664    3.8853   
536799.1003     9.6661    3.6685   
536799.3003     9.6522    3.7530   
536799.4003     9.3112    3.6918   
536799.5003     8.8670    3.6448   
536799.7003     8.2756    3.5767   
536799.8003     8.1007    3.5492   
536799.9003     8.2871    3.3473   
536800.1003     8.5265    3.1676   
536800.2003     8.3069    3.1397   
536800.3003     8.9350    3.2991   
536800.5006     8.8335    3.2013   
536800.6006     8.1462    3.2721   
536800.7006     7.9594    3.4424   
536800.9006     8.2175    3.5236   
536801.0006     8.4623    3.2154   
536801.1006     8.9415    3.0124   
536801.2006     8.6739    2.9772   
536801.3008     8.4841    2.8360   
536801.5014     8.1924    3.0275   
536801.6006     8.0531    2.9689   
536801.8006     7.9534    4.5610   
536801.9006     9.0194    5.2718   
536802.0006     9.6284    5.2342   
536802.2006     9.3408    6.8323   
536802.3006     8.5579    7.4297   
536802.5006     8.3491    6.6555   
536802.6006     7.9433    6.0377   
536802.7015     8.0739    5.0286   
536802.9006     8.5704    4.3756   
536803.0006     8.8388    4.5323   
536803.1006     8.6131    4.6190   
536803.1985     8.4534    4.2595   
536803.3995     7.7653    3.8556   
536803.4995     8.0144    4.1000   
536803.5995     8.3676    4.3666   
536803.7995     8.1603    3.7261   
536803.8995     8.1765    3.3510   
536804.0995     8.4366    3.3678   
536804.1995     8.7732    3.4966   
536804.3995     8.9074    3.1897   
536804.4995     8.5195    3.3357   
536804.5995     8.4255    3.3641   
536804.7995     8.3206    3.7963   
536804.8997     8.3237    3.6632   
536804.9995     7.7842    3.4961   
536805.1995     6.6599    3.5325   
536805.2995     6.5848    3.3987   
536805.3995     5.0679    3.6792   
536805.5946     4.5525    3.6986   
536805.6945     4.4131    3.8280   
536805.7945     6.8556    3.9197   
536805.8945     7.0549    3.5797   
536806.0945     7.0255    3.0321   
536806.1945     6.8399    2.9924   
536806.3395     7.4096    2.7042   
536806.4403     7.6620    3.0621   
536806.5401     8.1876    3.1413   
536806.7401     8.9524    3.1860   
536806.8395     8.8812    3.1971   
536806.9399     9.1553    3.1093   
536807.0395     9.0539    3.0856   
536807.1395     9.1164    2.9412   
536807.3395     9.0071    2.5262   
536807.4395     8.5610    2.5371   
536807.5395     7.7178    2.4355   
536807.6399     7.5872    2.7080   
536807.7395     7.2684    2.8709   
536807.8395     7.3834    2.7389   
536807.9395     7.7137    2.7986   
536808.0395     8.1590    2.8895   
536808.2395     7.8557    2.8046   
536808.2395     7.9083    2.7906   
536808.4395     7.7543    3.0944   
536808.5395     6.1240    2.8152   
536808.6395     5.4553    2.7811   
536808.7395     5.2823    2.7401   
536808.8395     5.5153    2.7515   
536808.9414     5.6184    2.9106   
536808.9414     5.4570    3.0254   
536809.0415     5.8211    3.1134   
536809.1416     6.2687    3.1461   
536809.2415     6.6938    3.1971   
536809.3420     7.2575    3.3480   
536809.4415     7.9016    3.5488   
536809.5415     8.3080    3.7049   
536809.6415     8.8113    3.8113   
536809.6415     8.9196    3.8578   
536809.7415     9.3009    4.1503   
536809.8415     9.5731    4.3054   
536809.9415     9.2959    4.4681   
536810.0415     9.1606    4.7043   
536810.1415     8.7878    4.8840   
536810.2415     9.0017    4.9949   
536810.3415     9.2331    4.9642   
536810.3415     9.2250    4.9652   
536810.4415     9.0900    5.0557   
536810.5415     9.3432    4.6642   
536810.6425     9.4515    4.6160   
536810.6425     9.4307    4.5254   
536810.7415     9.2348    4.4392   
536810.8415     9.4173    4.3143   
536810.9415     9.3958    4.8804   
536811.0415     9.3555    4.9660   
536811.0415     9.7316    4.9560   
536811.1415     9.9572    4.9304   
536811.2424     10.0523   5.0085   
536811.4435     8.8296    4.5339   
536811.5435     7.7658    4.5401   
536811.5955     7.5426    4.6601   
536811.6955     8.4679    4.6787   
536811.6955     9.1759    4.6633   
536811.7955     9.7729    4.8462   
536811.8955     9.5314    4.8531   
536811.8955     8.8322    4.8251   
536811.9955     8.2895    5.0058   
536812.0955     7.8267    5.1926   
536812.1955     7.4965    5.1593   
536812.2955     7.7376    5.4547   
536812.3955     7.7565    5.4485   
536812.3955     7.7797    5.3933   
536812.4955     7.6194    5.2321   
536812.5955     8.2141    5.2075   
536812.6955     8.4553    5.0289   
536812.7955     8.0538    4.7563   
536812.7955     7.9947    4.7107   
536812.8955     7.7369    4.4848   
536812.9955     7.4346    4.2931   
536813.0955     7.0563    3.9817   
536813.0955     6.4589    4.0107   
536813.1955     6.4059    3.9368   
536813.1955     6.4960    3.6160   
536813.2955     6.6973    3.4516   
536813.3955     6.6571    3.4458   
536813.3955     6.7889    3.3248   
536813.4954     6.6401    3.4002   
536813.5955     6.0214    3.5018   
536813.6955     5.9858    3.4491   
536813.6955     6.4427    3.3584   
536813.7955     6.8461    3.1635   
536813.8973     7.0327    3.1246   
536813.9955     6.6160    3.1679   
536814.0956     6.1744    3.2754   
536814.1955     5.6942    3.3550   
536814.1955     5.8428    3.3606   
536814.2955     6.1798    3.2949   
536814.3955     6.5715    3.2146   
536814.4955     6.6750    3.1829   
536814.4955     5.9761    3.2077   
536814.5954     5.8300    3.2372   
536814.6955     5.4870    3.3396   
536814.7955     5.3920    3.3124   
536814.8955     5.2800    3.3355   
536814.9955     5.1443    3.3122   
536815.0955     5.3471    3.2835   
536815.0955     5.5038    3.1586   
536815.1955     6.0569    3.1078   
536815.2955     6.7025    3.0721   
536815.3956     6.6794    2.6925   
536815.4965     6.1867    2.6245   
536815.5965     5.6795    2.6641   
536815.6966     5.6542    2.6445   
536815.7965     5.4136    2.5042   
536815.7965     5.3882    2.5081   
536815.8965     5.7024    2.4556   
536815.9965     6.3374    2.2085   
536816.1415     6.7901    2.2273   
536816.1415     6.5906    2.0572   
536816.2435     6.4015    2.2174   
536816.3415     6.4830    2.2838   
536816.4415     7.0133    2.0674   
536816.5415     7.2888    2.0345   
536816.5415     7.0887    2.0673   
536816.6415     6.9155    2.1144   
536816.7415     7.1347    2.1513   
536816.8425     7.3205    2.1722   
536816.9425     7.5771    1.9592   
536817.0425     7.6347    1.6842   
536817.0425     7.6273    1.7466   
536817.1425     7.4511    1.8247   
536817.2429     7.4168    1.8532   
536817.3425     7.3524    1.8849   
536817.4425     7.4393    2.0839   
536817.4425     7.7522    2.1230   
536817.5426     7.6033    2.2120   
536817.6425     7.4444    2.2459   
536817.7438     7.3642    2.2173   
536817.8437     7.3634    2.0480   
536817.8437     7.0153    2.1756   
536817.9955     7.1231    1.9351   
536817.9955     7.1975    1.9954   
536817.9955     6.9790    2.0128   
536818.0956     7.3519    1.9733   
536818.1957     7.7036    2.0483   
536818.3955     6.7132    2.3770   
536818.4955     6.3011    2.4463   
536818.4955     5.9956    2.6851   
536818.5955     5.8922    2.5742   
536818.6955     5.6970    2.6538   
536818.6955     5.9338    2.4886   
536818.7955     5.9540    2.7271   
536818.8955     6.0372    2.7462   
536818.9955     5.7216    3.2118   
536819.0955     6.0605    3.3289   
536819.1955     6.1577    2.9889   
536819.2955     6.4817    2.6302   
536819.3955     6.6940    2.3467   
536819.4955     6.6749    2.1724   
536819.4955     6.3222    2.2986   
536819.5955     6.2024    2.5562   
536819.6955     5.8810    2.7485   
536819.7955     5.3802    2.8181   
536819.8955     5.5592    2.6936   
536819.9955     5.6550    2.7631   
536820.0955     6.0249    2.7769   
536820.0955     6.0487    2.8013   
536820.1955     6.0592    2.9060   
536820.2955     5.9056    3.0806   
536820.4955     5.2612    3.2255   
536820.5955     5.3452    3.4931   
536820.6955     5.3326    3.6304   
536820.8410     5.9749    3.5503   
536820.9405     5.5672    3.5668   
536821.0405     5.5553    3.6126   
536821.2405     5.5713    3.5535   
536821.3405     5.7477    3.5667   
536821.4417     5.9493    3.6502   
536821.4417     6.0544    3.6671   
536821.5405     6.2092    3.6244   
536821.6355     6.1714    3.6425   
536821.7355     6.5757    3.5396   
536821.8356     6.6346    3.2619   
536821.9355     6.3609    3.1030   
536822.0355     6.6176    2.8501   
536822.1355     6.5353    2.8756   
536822.2355     6.8055    2.7409   
536822.3355     6.7284    2.7159   
536822.4355     6.5342    3.1305   
536822.6355     6.2376    3.7200   
536822.7355     6.2279    4.0507   
536822.8355     5.9780    3.8257   
536822.9355     5.6369    3.9802   
536823.0355     4.8090    4.0168   
536823.1355     2.9241    4.3671   
536823.2355     2.0968    4.4744   
536823.2355     2.1198    4.4605   
536823.3356     1.6533    4.5134   
536823.4355     2.7392    4.5810   
536823.4355     2.8433    4.6410   
536823.5355     4.0354    4.7879   
536823.6363     2.2249    4.7109   
536823.7355     1.6999    4.4234   
536823.8355     1.2029    4.2023   
536823.8355     1.3053    4.1158   
536823.9355     2.1898    4.0834   
536824.0355     2.5216    4.1491   
536824.1355     2.4842    4.1818   
536824.3355     2.8093    3.9885   
536824.5355     3.0215    3.8074   
536824.8355     2.9207    3.6628   
536825.2354     2.5006    3.9241   
536825.5355     2.5858    3.8585   
536825.8365     2.5564    3.8207   
536826.0365     2.6159    4.0132   
536826.2365     2.7253    4.3156   
536826.4365     2.7769    4.8901   
536826.6365     2.6697    5.2297   
536826.8370     2.6371    5.1860   
536827.0365     2.7742    5.1241   
536827.2365     2.7182    4.9737   
536827.5365     2.6653    4.8493   
536827.7365     2.5252    4.4941   
536827.8365     2.5247    4.4240   
536828.0365     3.0045    4.3519   
536828.2365     3.0407    4.4330   
536828.4385     2.3803    4.1131   
536828.5385     1.7003    4.0668   
536828.6385     1.3348    3.8240   
536828.8385     1.7388    3.3915   
536829.1385     2.5454    3.6922   
536829.3385     2.0970    2.9687   
536829.4385     2.0678    2.8835   
536829.6385     1.9453    2.1785   
536829.7385     2.2154    1.9546   
536829.8385     4.5671    3.3012   
536829.9386     4.4090    3.8186   
536830.0385     3.1219    3.7556   
536830.2392     1.9308    3.4599   
536830.3385     2.4325    3.5202   
536830.4395     2.5517    3.3950   
536830.6385     3.6111    3.8123   
536830.6385     4.2296    3.9440   
536830.7386     3.7773    3.8392   
536830.8385     3.2739    3.3645   
536830.9385     3.0924    3.2043   
536831.0385     3.1820    3.0887   
536831.1386     3.3596    3.2136   
536831.3385     3.6884    3.6375   
536831.4386     3.6885    3.8082   
536831.5386     3.7946    3.8915   
536831.6386     3.8813    3.9698   
536831.8386     4.4039    3.5363   
536831.9386     4.5283    3.6492   
536832.0386     4.6000    3.4900   
536832.1386     4.8377    3.5784   
536832.2386     5.0324    3.7655   
536832.3386     5.0250    3.8254   
536832.4386     5.0775    3.5924   
536832.5386     5.2159    3.3786   
536832.9385     6.1610    3.5552   
536833.0386     6.2440    3.6810   
536833.1385     6.6546    3.7955   
536833.2386     7.9389    3.8292   
536833.3385     8.5117    3.6956   
536833.4836     9.4727    4.1660   
536833.5836     8.5460    3.9906   
536833.6836     7.1999    3.4651   
536833.6836     6.8387    3.2527   
536833.8345     7.5007    3.7877   
536834.3845     10.3022   4.7774   
536834.4845     10.9152   5.2244   
536834.6847     9.8390    4.9803   
536834.7845     9.7889    4.7849   
536834.8844     9.6271    4.7504   
536834.9845     9.8867    5.0369   
536835.0845     10.1871   5.2281   
536835.1845     10.1174   5.3225   
536835.2845     10.0396   5.5227   
536835.3845     10.0523   5.4960   
536835.4845     10.1814   5.6985   
536835.5795     10.1995   5.7477   
536835.6795     10.4721   5.4969   
536835.7795     10.4426   5.5208   
536835.9800     10.8022   5.5798   
536836.0795     11.1502   5.4626   
536836.1795     11.2710   5.2088   
536836.2795     11.2971   4.8597   
536836.3795     11.6731   4.4195   
536836.4795     11.9706   4.0566   
536836.5795     12.0252   3.9467   
536836.7795     12.3828   3.5508   
536836.8811     12.4839   3.9227   
536837.0811     12.7705   3.7445   
536837.0811     12.6907   3.6458   
536837.1811     12.4426   3.7134   
536837.2813     12.5621   3.6030   
536837.3811     12.6283   3.7163   
536837.4811     12.6748   3.6676   
536837.5811     12.6457   3.6624   
536837.6811     12.6227   3.4437   
536837.7811     12.6574   3.1822   
536837.8811     12.7656   3.0428   
536837.9811     12.6962   3.1704   
536838.0812     12.9708   3.5276   
536838.1811     13.2969   3.7000   
536838.3811     13.6712   3.8139   
536838.3811     13.4415   3.8548   
536838.5811     13.5844   3.6172   
536838.6811     13.5675   3.4662   
536838.7811     13.7861   3.2197   
536838.9811     14.3436   3.2771   
536839.0822     14.5909   3.4127   
536839.1775     14.7858   3.5975   
536839.2785     14.7223   3.4801   
536839.3790     14.7749   3.3393   
536839.3790     14.6864   3.3969   
536839.4785     14.0639   3.3920   
536839.4785     14.2107   3.5042   
536839.6785     14.8835   3.5366   
536839.7785     15.1732   3.5268   
536839.8785     15.1802   3.4846   
536839.9785     14.0690   3.2568   
536839.9785     13.9786   3.0826   
536840.0785     13.7564   3.0029   
536840.3785     15.3295   3.2034   
536840.5785     15.5390   3.2434   
536840.6785     15.5884   3.0622   
536840.6785     15.5896   2.9614   
536840.7785     14.9492   2.8202   
536840.8785     14.9765   2.7894   
536840.8785     14.7154   2.7146   
536840.9785     14.7697   2.7695   
536841.0785     14.7987   2.7531   
536841.1785     14.7182   2.7480   
536841.2785     14.7849   2.7773   
536841.3786     14.8459   2.7770   
536841.4785     14.9125   2.8327   
536841.5796     14.9929   2.9304   
536841.8785     14.8791   3.2546   
536842.0791     14.7717   2.9901   
536842.1785     14.9168   3.0043   
536842.2785     15.0149   3.0329   
536842.3787     15.1314   3.0735   
536842.4785     15.2654   3.2812   
536842.5785     15.4028   3.4101   
536842.6785     15.5231   3.5688   
536842.7800     15.6474   3.5998   
536842.8785     15.8158   3.6460   
536843.3785     16.7361   3.3976   
536843.4785     16.5210   3.4115   
536843.5785     16.2743   3.3390   
536843.6793     16.2472   3.3075   
536843.7785     15.9752   3.1510   
536843.8785     15.8636   2.9837   
536843.9786     15.9481   2.9273   
536844.0785     15.8258   2.8550   
536844.0785     15.8459   2.8382   
536844.1807     15.8370   2.8186   
536844.3787     15.8252   2.8797   
536844.5785     15.6645   2.8923   
536844.7785     15.8912   2.5825   
536844.8785     15.8882   2.4894   
536844.9785     15.7708   2.3658   
536845.0785     15.8203   2.2385   
536845.1785     15.7924   2.1138   
536845.2785     15.4574   2.1806   
536845.2785     15.4795   2.1978   
536845.4786     15.7075   2.5057   
536845.5785     15.9120   2.6323   
536845.6785     15.8298   2.7037   
536845.8785     16.0979   2.6424   
536845.9785     16.1093   2.5606   
536846.0785     16.0926   2.5182   
536846.2785     16.1715   2.4856   
536846.4235     16.1179   2.2754   
536846.4235     15.9815   2.0805   
536846.6235     16.0452   2.1498   
536846.6235     16.2811   2.3937   
536846.7235     16.7063   2.9466   
536846.8235     17.1910   3.2414   
536846.9235     17.2292   3.0992   
536847.0235     16.5490   2.5078   
536847.2235     16.5793   2.2595   
536847.4234     17.4120   2.5425   
536847.5235     18.5210   2.6439   
536847.5235     20.1494   2.9677   
536847.7235     21.7410   3.1190   
536847.8235     22.0198   3.0354   
536847.9235     22.1667   2.7258   
536848.1235     22.5994   2.4592   
536848.2235     23.1356   2.1676   
536848.2235     23.7044   2.3117   
536848.3235     24.2399   2.6024   
536848.4235     25.0972   2.8959   
536848.5185     25.3790   3.0256   
536848.6185     25.6312   3.1212   
536848.7185     25.9222   3.0852   
536848.8635     26.1676   3.0399   
536848.9635     26.7167   3.0995   
536849.0635     27.0464   3.2070   
536849.2145     27.4735   3.4331   
536849.3145     27.8226   3.6240   
536849.4145     27.5688   3.6627   
536849.5145     28.3259   3.8326   
536849.5145     28.8238   4.0275   
536849.7145     28.9933   3.9975   
536849.8145     30.5685   4.3591   
536849.9154     31.2658   4.5335   
536849.9154     31.7808   4.6383   
536850.0595     31.7515   4.6100   
536850.1595     31.7145   4.6115   
536850.2595     32.4211   4.8084   
536850.3595     33.8007   5.1410   
536850.4595     34.6659   5.3625   
536850.4595     35.4133   5.5897   
536850.5595     35.2421   5.5509   
536850.6595     34.5974   5.3761   
536850.7595     34.1356   5.3613   
536850.8595     35.1496   5.5148   
536850.9595     34.6513   5.4823   
536851.0595     34.1587   5.3440   
536851.1595     33.2814   5.1380   
536851.1595     32.1824   4.9443   
536851.2597     32.0744   4.8163   
536851.3595     31.2791   4.6246   
536851.4595     29.9586   4.3694   
536851.4595     29.5445   4.2619   
536851.4595     28.8630   4.0115   
